[A]
   1;     3.383;    26.943;    88.446; 
   2;     3.372;    26.944;    88.446; 
   3;     3.361;    26.946;    88.446; 
   4;     3.353;    26.947;    88.446; 
   5;     3.347;    26.948;    88.446; 
   6;     3.337;    26.949;    88.446; 
   7;     3.328;    26.950;    88.446; 
   8;     3.317;    26.951;    88.446; 
   9;     3.307;    26.953;    88.446; 
  10;     3.295;    26.954;    88.446; 
  11;     3.284;    26.955;    88.446; 
  12;     3.275;    26.957;    88.446; 
  13;     3.258;    26.959;    88.446; 
  14;     3.250;    26.960;    88.446; 
  15;     3.240;    26.961;    88.446; 
  16;     3.231;    26.962;    88.446; 
  17;     3.221;    26.963;    88.446; 
  18;     3.207;    26.965;    88.446; 
  19;     3.194;    26.966;    88.446; 
  20;     3.183;    26.968;    88.446; 
  21;     3.173;    26.969;    88.446; 
  22;     3.164;    26.970;    88.446; 
  23;     3.154;    26.972;    88.446; 
  24;     3.140;    26.974;    88.446; 
  25;     3.135;    26.974;    88.446; 
  26;     3.126;    26.975;    88.446; 
  27;     3.121;    26.976;    88.446; 
  28;     3.115;    26.976;    88.446; 
  29;     3.105;    26.977;    88.446; 
  30;     3.089;    26.978;    88.446; 
  31;     3.077;    26.980;    88.446; 
  32;     3.063;    26.981;    88.446; 
  33;     3.057;    26.981;    88.446; 
  34;     3.051;    26.982;    88.446; 
  35;     3.037;    26.983;    88.446; 
  36;     3.028;    26.984;    88.446; 
  37;     3.021;    26.984;    88.446; 
  38;     3.012;    26.985;    88.446; 
  39;     3.010;    26.985;    88.446; 
  40;     3.007;    26.985;    88.446; 
  41;     3.005;    26.985;    88.446; 
  42;     3.000;    26.984;    88.446; 
  43;     2.999;    26.984;    88.446; 
  44;     2.995;    26.983;    88.446; 
  45;     2.993;    26.983;    88.446; 
  46;     2.988;    26.982;    88.446; 
  47;     2.985;    26.981;    88.446; 
  48;     2.978;    26.980;    88.446; 
  49;     2.969;    26.977;    88.446; 
  50;     2.963;    26.976;    88.446; 
  51;     2.959;    26.975;    88.446; 
  52;     2.952;    26.973;    88.446; 
  53;     2.946;    26.971;    88.446; 
  54;     2.943;    26.969;    88.446; 
  55;     2.941;    26.969;    88.446; 
  56;     2.939;    26.968;    88.446; 
  57;     2.935;    26.966;    88.446; 
  58;     2.933;    26.965;    88.446; 
  59;     2.928;    26.962;    88.446; 
  60;     2.926;    26.960;    88.446; 
  61;     2.922;    26.958;    88.446; 
  62;     2.915;    26.954;    88.446; 
  63;     2.910;    26.950;    88.446; 
  64;     2.902;    26.945;    88.446; 
  65;     2.900;    26.944;    88.446; 
  66;     2.897;    26.941;    88.446; 
  67;     2.892;    26.937;    88.446; 
  68;     2.891;    26.936;    88.446; 
  69;     2.885;    26.931;    88.446; 
  70;     2.883;    26.929;    88.446; 
  71;     2.879;    26.925;    88.446; 
  72;     2.874;    26.919;    88.446; 
  73;     2.871;    26.916;    88.446; 
  74;     2.870;    26.914;    88.446; 
  75;     2.862;    26.906;    88.446; 
  76;     2.861;    26.904;    88.446; 
  77;     2.858;    26.900;    88.446; 
  78;     2.855;    26.896;    88.446; 
  79;     2.852;    26.891;    88.446; 
  80;     2.848;    26.886;    88.446; 
  81;     2.844;    26.879;    88.446; 
  82;     2.842;    26.876;    88.446; 
  83;     2.833;    26.862;    88.446; 
  84;     2.831;    26.858;    88.446; 
  85;     2.826;    26.848;    88.446; 
  86;     2.821;    26.840;    88.446; 
  87;     2.814;    26.829;    88.446; 
  88;     2.812;    26.825;    88.446; 
  89;     2.806;    26.813;    88.446; 
  90;     2.802;    26.805;    88.446; 
  91;     2.798;    26.799;    88.446; 
  92;     2.792;    26.787;    88.446; 
  93;     2.787;    26.780;    88.446; 
  94;     2.780;    26.766;    88.446; 
  95;     2.773;    26.754;    88.446; 
  96;     2.768;    26.746;    88.446; 
  97;     2.762;    26.736;    88.446; 
  98;     2.758;    26.729;    88.446; 
  99;     2.754;    26.722;    88.446; 
 100;     2.749;    26.712;    88.446; 
 101;     2.744;    26.704;    88.446; 
 102;     2.739;    26.694;    88.446; 
 103;     2.734;    26.685;    88.446; 
 104;     2.730;    26.678;    88.446; 
 105;     2.725;    26.668;    88.446; 
 106;     2.721;    26.660;    88.446; 
 107;     2.714;    26.647;    88.446; 
 108;     2.708;    26.638;    88.446; 
 109;     2.705;    26.631;    88.446; 
 110;     2.701;    26.624;    88.446; 
 111;     2.694;    26.611;    88.446; 
 112;     2.691;    26.605;    88.446; 
 113;     2.687;    26.597;    88.446; 
 114;     2.681;    26.586;    88.446; 
 115;     2.676;    26.577;    88.446; 
 116;     2.670;    26.565;    88.446; 
 117;     2.664;    26.554;    88.446; 
 118;     2.658;    26.543;    88.446; 
 119;     2.651;    26.532;    88.446; 
 120;     2.646;    26.523;    88.446; 
 121;     2.643;    26.518;    88.446; 
 122;     2.637;    26.507;    88.446; 
 123;     2.636;    26.504;    88.446; 
 124;     2.632;    26.497;    88.446; 
 125;     2.631;    26.493;    88.446; 
 126;     2.626;    26.483;    88.446; 
 127;     2.623;    26.477;    88.446; 
 128;     2.612;    26.455;    88.446; 
 129;     2.599;    26.434;    88.446; 
 130;     2.595;    26.426;    88.446; 
 131;     2.592;    26.422;    88.446; 
 132;     2.592;    26.420;    88.446; 
 133;     2.587;    26.410;    88.446; 
 134;     2.585;    26.407;    88.446; 
 135;     2.575;    26.387;    88.446; 
 136;     2.570;    26.378;    88.446; 
 137;     2.566;    26.370;    88.446; 
 138;     2.561;    26.360;    88.446; 
 139;     2.558;    26.354;    88.446; 
 140;     2.552;    26.344;    88.446; 
 141;     2.549;    26.337;    88.446; 
 142;     2.544;    26.327;    88.446; 
 143;     2.538;    26.315;    88.446; 
 144;     2.531;    26.302;    88.446; 
 145;     2.530;    26.300;    88.446; 
 146;     2.524;    26.288;    88.446; 
 147;     2.520;    26.280;    88.446; 
 148;     2.514;    26.268;    88.446; 
 149;     2.510;    26.260;    88.446; 
 150;     2.505;    26.251;    88.446; 
 151;     2.501;    26.242;    88.446; 
 152;     2.498;    26.236;    88.446; 
 153;     2.494;    26.228;    88.446; 
 154;     2.490;    26.219;    88.446; 
 155;     2.488;    26.215;    88.446; 
 156;     2.483;    26.202;    88.446; 
 157;     2.472;    26.182;    88.446; 
 158;     2.466;    26.171;    88.446; 
 159;     2.462;    26.162;    88.446; 
 160;     2.457;    26.152;    88.446; 
 161;     2.453;    26.145;    88.446; 
 162;     2.452;    26.142;    88.446; 
 163;     2.448;    26.133;    88.446; 
 164;     2.442;    26.122;    88.446; 
 165;     2.439;    26.115;    88.446; 
 166;     2.433;    26.104;    88.446; 
 167;     2.430;    26.095;    88.446; 
 168;     2.426;    26.088;    88.446; 
 169;     2.420;    26.075;    88.446; 
 170;     2.418;    26.070;    88.446; 
 171;     2.410;    26.052;    88.446; 
 172;     2.406;    26.046;    88.446; 
 173;     2.399;    26.031;    88.446; 
 174;     2.398;    26.028;    88.446; 
 175;     2.395;    26.021;    88.446; 
 176;     2.391;    26.013;    88.446; 
 177;     2.386;    26.002;    88.446; 
 178;     2.381;    25.992;    88.446; 
 179;     2.378;    25.985;    88.446; 
 180;     2.370;    25.968;    88.446; 
 181;     2.367;    25.962;    88.446; 
 182;     2.362;    25.950;    88.446; 
 183;     2.357;    25.941;    88.446; 
 184;     2.354;    25.934;    88.446; 
 185;     2.350;    25.925;    88.446; 
 186;     2.347;    25.917;    88.446; 
 187;     2.344;    25.910;    88.446; 
 188;     2.339;    25.899;    88.446; 
 189;     2.335;    25.890;    88.446; 
 190;     2.333;    25.885;    88.446; 
 191;     2.326;    25.869;    88.446; 
 192;     2.322;    25.861;    88.446; 
 193;     2.318;    25.850;    88.446; 
 194;     2.313;    25.841;    88.446; 
 195;     2.308;    25.830;    88.446; 
 196;     2.306;    25.824;    88.446; 
 197;     2.301;    25.813;    88.446; 
 198;     2.297;    25.804;    88.446; 
 199;     2.292;    25.792;    88.446; 
 200;     2.290;    25.786;    88.446; 
 201;     2.284;    25.773;    88.446; 
 202;     2.281;    25.766;    88.446; 
 203;     2.277;    25.757;    88.446; 
 204;     2.274;    25.748;    88.446; 
 205;     2.269;    25.736;    88.446; 
 206;     2.265;    25.727;    88.446; 
 207;     2.261;    25.717;    88.446; 
 208;     2.257;    25.708;    88.446; 
 209;     2.254;    25.701;    88.446; 
 210;     2.249;    25.689;    88.446; 
 211;     2.247;    25.684;    88.446; 
 212;     2.243;    25.673;    88.446; 
 213;     2.238;    25.661;    88.446; 
 214;     2.232;    25.648;    88.446; 
 215;     2.229;    25.639;    88.446; 
 216;     2.223;    25.627;    88.446; 
 217;     2.221;    25.620;    88.446; 
 218;     2.217;    25.612;    88.446; 
 219;     2.215;    25.605;    88.446; 
 220;     2.210;    25.594;    88.446; 
 221;     2.208;    25.588;    88.446; 
 222;     2.204;    25.579;    88.446; 
 223;     2.200;    25.568;    88.446; 
 224;     2.194;    25.553;    88.446; 
 225;     2.191;    25.546;    88.446; 
 226;     2.189;    25.538;    88.446; 
 227;     2.185;    25.530;    88.446; 
 228;     2.182;    25.520;    88.446; 
 229;     2.176;    25.505;    88.446; 
 230;     2.172;    25.497;    88.446; 
 231;     2.168;    25.485;    88.446; 
 232;     2.166;    25.479;    88.446; 
 233;     2.161;    25.468;    88.446; 
 234;     2.157;    25.458;    88.446; 
 235;     2.154;    25.450;    88.446; 
 236;     2.152;    25.443;    88.446; 
 237;     2.148;    25.434;    88.446; 
 238;     2.144;    25.423;    88.446; 
 239;     2.140;    25.411;    88.446; 
 240;     2.137;    25.403;    88.446; 
 241;     2.134;    25.394;    88.446; 
 242;     2.132;    25.388;    88.446; 
 243;     2.128;    25.377;    88.446; 
 244;     2.125;    25.368;    88.446; 
 245;     2.119;    25.350;    88.446; 
 246;     2.116;    25.341;    88.446; 
 247;     2.113;    25.335;    88.446; 
 248;     2.110;    25.325;    88.446; 
 249;     2.106;    25.313;    88.446; 
 250;     2.102;    25.304;    88.446; 
 251;     2.099;    25.294;    88.446; 
 252;     2.095;    25.285;    88.446; 
 253;     2.092;    25.275;    88.446; 
 254;     2.089;    25.266;    88.446; 
 255;     2.083;    25.251;    88.446; 
 256;     2.082;    25.247;    88.446; 
 257;     2.079;    25.238;    88.446; 
 258;     2.076;    25.229;    88.446; 
 259;     2.072;    25.218;    88.446; 
 260;     2.070;    25.209;    88.446; 
 261;     2.066;    25.198;    88.446; 
 262;     2.063;    25.190;    88.446; 
 263;     2.061;    25.182;    88.446; 
 264;     2.060;    25.177;    88.446; 
 265;     2.056;    25.165;    88.446; 
 266;     2.053;    25.154;    88.446; 
 267;     2.047;    25.138;    88.446; 
 268;     2.045;    25.129;    88.446; 
 269;     2.041;    25.118;    88.446; 
 270;     2.037;    25.107;    88.446; 
 271;     2.035;    25.099;    88.446; 
 272;     2.033;    25.092;    88.446; 
 273;     2.030;    25.085;    88.446; 
 274;     2.026;    25.070;    88.446; 
 275;     2.015;    25.042;    88.446; 
 276;     2.009;    25.028;    88.446; 
 277;     2.005;    25.020;    88.446; 
 278;     1.997;    25.003;    88.446; 
 279;     1.989;    24.986;    88.446; 
 280;     1.979;    24.969;    88.446; 
 281;     1.968;    24.951;    88.446; 
 282;     1.947;    24.922;    88.446; 
 283;     1.844;    24.843;    88.446; 
 284;     1.763;    24.822;    88.446; 
 285;     1.713;    24.821;    88.446; 
 286;     1.691;    24.822;    88.446; 
 287;     1.681;    24.823;    88.446; 
 288;     1.674;    24.823;    88.446; 
 289;     1.663;    24.824;    88.446; 
 290;     1.650;    24.825;    88.446; 
 291;     1.640;    24.826;    88.446; 
 292;     1.632;    24.826;    88.446; 
 293;     1.624;    24.827;    88.446; 
 294;     1.612;    24.828;    88.446; 
 295;     1.601;    24.828;    88.446; 
 296;     1.592;    24.829;    88.446; 
 297;     1.587;    24.829;    88.446; 
 298;     1.581;    24.829;    88.446; 
 299;     1.577;    24.829;    88.446; 
 300;     1.570;    24.829;    88.446; 
 301;     1.556;    24.829;    88.446; 
 302;     1.511;    24.832;    88.446; 
 303;     1.493;    24.835;    88.446; 
 304;     1.490;    24.835;    88.446; 
 305;     1.487;    24.835;    88.446; 
 306;     1.483;    24.836;    88.446; 
 307;     1.473;    24.836;    88.446; 
 308;     1.460;    24.837;    88.446; 
 309;     1.448;    24.838;    88.446; 
 310;     1.437;    24.839;    88.446; 
 311;     1.432;    24.840;    88.446; 
 312;     1.426;    24.840;    88.446; 
 313;     1.417;    24.840;    88.446; 
 314;     1.403;    24.841;    88.446; 
 315;     1.389;    24.842;    88.446; 
 316;     1.375;    24.843;    88.446; 
 317;     1.363;    24.844;    88.446; 
 318;     1.345;    24.846;    88.446; 
 319;     1.291;    24.859;    88.446; 
 320;     1.230;    24.888;    88.446; 
 321;     1.139;    24.983;    88.446; 
 322;     1.113;    25.041;    88.446; 
 323;     1.108;    25.056;    88.446; 
 324;     1.106;    25.061;    88.446; 
 325;     1.099;    25.087;    88.446; 
 326;     1.094;    25.107;    88.446; 
 327;     1.094;    25.109;    88.446; 
 328;     1.092;    25.113;    88.446; 
 329;     1.092;    25.115;    88.446; 
 330;     1.088;    25.126;    88.446; 
 331;     1.078;    25.174;    88.446; 
 332;     1.075;    25.204;    88.446; 
 333;     1.074;    25.209;    88.446; 
 334;     1.074;    25.212;    88.446; 
 335;     1.073;    25.212;    88.446; 
 336;     1.072;    25.220;    88.446; 
 337;     1.070;    25.228;    88.446; 
 338;     1.068;    25.237;    88.446; 
 339;     1.066;    25.248;    88.446; 
 340;     1.063;    25.266;    88.446; 
 341;     1.062;    25.276;    88.446; 
 342;     1.060;    25.286;    88.446; 
 343;     1.059;    25.293;    88.446; 
 344;     1.058;    25.298;    88.446; 
 345;     1.056;    25.305;    88.446; 
 346;     1.054;    25.312;    88.446; 
 347;     1.052;    25.321;    88.446; 
 348;     1.048;    25.343;    88.446; 
 349;     1.046;    25.354;    88.446; 
 350;     1.044;    25.360;    88.446; 
 351;     1.042;    25.371;    88.446; 
 352;     1.041;    25.379;    88.446; 
 353;     1.039;    25.385;    88.446; 
 354;     1.036;    25.397;    88.446; 
 355;     1.034;    25.408;    88.446; 
 356;     1.032;    25.416;    88.446; 
 357;     1.029;    25.429;    88.446; 
 358;     1.027;    25.438;    88.446; 
 359;     1.025;    25.447;    88.446; 
 360;     1.023;    25.457;    88.446; 
 361;     1.021;    25.466;    88.446; 
 362;     1.017;    25.482;    88.446; 
 363;     1.015;    25.491;    88.446; 
 364;     1.014;    25.497;    88.446; 
 365;     1.011;    25.510;    88.446; 
 366;     1.009;    25.519;    88.446; 
 367;     1.006;    25.528;    88.446; 
 368;     1.005;    25.535;    88.446; 
 369;     1.003;    25.543;    88.446; 
 370;      .999;    25.559;    88.446; 
 371;      .996;    25.570;    88.446; 
 372;      .994;    25.580;    88.446; 
 373;      .992;    25.590;    88.446; 
 374;      .990;    25.598;    88.446; 
 375;      .988;    25.606;    88.446; 
 376;      .985;    25.618;    88.446; 
 377;      .983;    25.623;    88.446; 
 378;      .980;    25.634;    88.446; 
 379;      .978;    25.641;    88.446; 
 380;      .975;    25.653;    88.446; 
 381;      .972;    25.664;    88.446; 
 382;      .969;    25.675;    88.446; 
 383;      .965;    25.691;    88.446; 
 384;      .963;    25.698;    88.446; 
 385;      .961;    25.707;    88.446; 
 386;      .959;    25.714;    88.446; 
 387;      .956;    25.723;    88.446; 
 388;      .954;    25.732;    88.446; 
 389;      .951;    25.742;    88.446; 
 390;      .948;    25.753;    88.446; 
 391;      .946;    25.760;    88.446; 
 392;      .942;    25.773;    88.446; 
 393;      .940;    25.782;    88.446; 
 394;      .938;    25.788;    88.446; 
 395;      .935;    25.796;    88.446; 
 396;      .930;    25.811;    88.446; 
 397;      .927;    25.822;    88.446; 
 398;      .923;    25.836;    88.446; 
 399;      .921;    25.843;    88.446; 
 400;      .917;    25.859;    88.446; 
 401;      .915;    25.867;    88.446; 
 402;      .911;    25.880;    88.446; 
 403;      .909;    25.887;    88.446; 
 404;      .907;    25.894;    88.446; 
 405;      .905;    25.902;    88.446; 
 406;      .903;    25.909;    88.446; 
 407;      .899;    25.921;    88.446; 
 408;      .895;    25.934;    88.446; 
 409;      .892;    25.945;    88.446; 
 410;      .889;    25.955;    88.446; 
 411;      .887;    25.959;    88.446; 
 412;      .884;    25.970;    88.446; 
 413;      .880;    25.984;    88.446; 
 414;      .878;    25.989;    88.446; 
 415;      .873;    26.004;    88.446; 
 416;      .871;    26.012;    88.446; 
 417;      .867;    26.025;    88.446; 
 418;      .865;    26.030;    88.446; 
 419;      .862;    26.041;    88.446; 
 420;      .858;    26.053;    88.446; 
 421;      .855;    26.063;    88.446; 
 422;      .850;    26.080;    88.446; 
 423;      .848;    26.087;    88.446; 
 424;      .846;    26.091;    88.446; 
 425;      .843;    26.103;    88.446; 
 426;      .841;    26.108;    88.446; 
 427;      .837;    26.120;    88.446; 
 428;      .833;    26.133;    88.446; 
 429;      .831;    26.139;    88.446; 
 430;      .827;    26.149;    88.446; 
 431;      .825;    26.155;    88.446; 
 432;      .821;    26.167;    88.446; 
 433;      .817;    26.179;    88.446; 
 434;      .813;    26.191;    88.446; 
 435;      .811;    26.199;    88.446; 
 436;      .809;    26.204;    88.446; 
 437;      .804;    26.218;    88.446; 
 438;      .800;    26.229;    88.446; 
 439;      .797;    26.238;    88.446; 
 440;      .794;    26.248;    88.446; 
 441;      .790;    26.258;    88.446; 
 442;      .787;    26.267;    88.446; 
 443;      .783;    26.278;    88.446; 
 444;      .780;    26.288;    88.446; 
 445;      .777;    26.296;    88.446; 
 446;      .774;    26.305;    88.446; 
 447;      .769;    26.320;    88.446; 
 448;      .767;    26.325;    88.446; 
 449;      .763;    26.335;    88.446; 
 450;      .760;    26.344;    88.446; 
 451;      .757;    26.353;    88.446; 
 452;      .752;    26.366;    88.446; 
 453;      .748;    26.379;    88.446; 
 454;      .745;    26.387;    88.446; 
 455;      .742;    26.395;    88.446; 
 456;      .740;    26.401;    88.446; 
 457;      .735;    26.414;    88.446; 
 458;      .730;    26.427;    88.446; 
 459;      .727;    26.436;    88.446; 
 460;      .724;    26.444;    88.446; 
 461;      .721;    26.451;    88.446; 
 462;      .718;    26.462;    88.446; 
 463;      .714;    26.472;    88.446; 
 464;      .711;    26.479;    88.446; 
 465;      .709;    26.483;    88.446; 
 466;      .704;    26.497;    88.446; 
 467;      .699;    26.510;    88.446; 
 468;      .693;    26.526;    88.446; 
 469;      .690;    26.535;    88.446; 
 470;      .688;    26.541;    88.446; 
 471;      .684;    26.552;    88.446; 
 472;      .681;    26.559;    88.446; 
 473;      .679;    26.565;    88.446; 
 474;      .676;    26.573;    88.446; 
 475;      .670;    26.588;    88.446; 
 476;      .663;    26.605;    88.446; 
 477;      .661;    26.613;    88.446; 
 478;      .658;    26.621;    88.446; 
 479;      .656;    26.625;    88.446; 
 480;      .652;    26.634;    88.446; 
 481;      .649;    26.643;    88.446; 
 482;      .642;    26.660;    88.446; 
 483;      .638;    26.672;    88.446; 
 484;      .637;    26.673;    88.446; 
 485;      .634;    26.682;    88.446; 
 486;      .628;    26.697;    88.446; 
 487;      .623;    26.710;    88.446; 
 488;      .619;    26.721;    88.446; 
 489;      .617;    26.725;    88.446; 
 490;      .614;    26.733;    88.446; 
 491;      .610;    26.742;    88.446; 
 492;      .607;    26.750;    88.446; 
 493;      .600;    26.766;    88.446; 
 494;      .596;    26.777;    88.446; 
 495;      .593;    26.785;    88.446; 
 496;      .588;    26.797;    88.446; 
 497;      .585;    26.807;    88.446; 
 498;      .582;    26.813;    88.446; 
 499;      .579;    26.821;    88.446; 
 500;      .574;    26.832;    88.446; 
 501;      .573;    26.835;    88.446; 
 502;      .568;    26.847;    88.446; 
 503;      .562;    26.861;    88.446; 
 504;      .557;    26.874;    88.446; 
 505;      .553;    26.883;    88.446; 
 506;      .550;    26.891;    88.446; 
 507;      .543;    26.910;    88.446; 
 508;      .539;    26.922;    88.446; 
 509;      .537;    26.925;    88.446; 
 510;      .533;    26.934;    88.446; 
 511;      .531;    26.940;    88.446; 
 512;      .528;    26.948;    88.446; 
 513;      .524;    26.956;    88.446; 
 514;      .519;    26.968;    88.446; 
 515;      .515;    26.978;    88.446; 
 516;      .510;    26.990;    88.446; 
 517;      .505;    27.001;    88.446; 
 518;      .501;    27.011;    88.446; 
 519;      .497;    27.021;    88.446; 
 520;      .495;    27.026;    88.446; 
 521;      .494;    27.028;    88.446; 
 522;      .493;    27.029;    88.446; 
 523;      .489;    27.035;    88.446; 
 524;      .486;    27.041;    88.446; 
 525;      .484;    27.045;    88.446; 
 526;      .480;    27.051;    88.446; 
 527;      .478;    27.054;    88.446; 
 528;      .474;    27.059;    88.446; 
 529;      .472;    27.062;    88.446; 
 530;      .470;    27.064;    88.446; 
 531;      .464;    27.071;    88.446; 
 532;      .459;    27.078;    88.446; 
 533;      .457;    27.080;    88.446; 
 534;      .453;    27.084;    88.446; 
 535;      .449;    27.088;    88.446; 
 536;      .442;    27.095;    88.446; 
 537;      .438;    27.099;    88.446; 
 538;      .435;    27.101;    88.446; 
 539;      .432;    27.104;    88.446; 
 540;      .430;    27.106;    88.446; 
 541;      .426;    27.109;    88.446; 
 542;      .423;    27.111;    88.446; 
 543;      .420;    27.113;    88.446; 
 544;      .415;    27.116;    88.446; 
 545;      .411;    27.118;    88.446; 
 546;      .409;    27.119;    88.446; 
 547;      .404;    27.121;    88.446; 
 548;      .400;    27.124;    88.446; 
 549;      .396;    27.125;    88.446; 
 550;      .391;    27.127;    88.446; 
 551;      .385;    27.130;    88.446; 
 552;      .379;    27.132;    88.446; 
 553;      .374;    27.134;    88.446; 
 554;      .369;    27.136;    88.446; 
 555;      .367;    27.136;    88.446; 
 556;      .361;    27.138;    88.446; 
 557;      .359;    27.138;    88.446; 
 558;      .353;    27.140;    88.446; 
 559;      .349;    27.140;    88.446; 
 560;      .342;    27.142;    88.446; 
 561;      .334;    27.143;    88.446; 
 562;      .325;    27.145;    88.446; 
 563;      .320;    27.145;    88.446; 
 564;      .319;    27.145;    88.446; 
 565;      .315;    27.146;    88.446; 
 566;      .309;    27.146;    88.446; 
 567;      .303;    27.146;    88.446; 
 568;      .296;    27.146;    88.446; 
 569;      .288;    27.146;    88.446; 
 570;      .282;    27.146;    88.446; 
 571;      .272;    27.146;    88.446; 
 572;      .264;    27.146;    88.446; 
 573;      .255;    27.146;    88.446; 
 574;      .241;    27.146;    88.446; 
 575;      .231;    27.146;    88.446; 
 576;      .221;    27.146;    88.446; 
 577;      .209;    27.146;    88.446; 
 578;      .200;    27.146;    88.446; 
 579;      .187;    27.146;    88.446; 
 580;      .176;    27.146;    88.446; 
 581;      .164;    27.146;    88.446; 
 582;      .153;    27.147;    88.446; 
 583;      .144;    27.147;    88.446; 
 584;      .133;    27.147;    88.446; 
 585;      .122;    27.147;    88.446; 
 586;      .111;    27.147;    88.446; 
 587;      .098;    27.147;    88.446; 
 588;      .089;    27.147;    88.446; 
 589;      .078;    27.148;    88.446; 
 590;      .069;    27.148;    88.446; 
 591;      .058;    27.148;    88.446; 
 592;      .051;    27.148;    88.446; 
 593;      .041;    27.148;    88.446; 
 594;      .035;    27.147;    88.446; 
 595;      .019;    27.147;    88.446; 
 596;      .008;    27.147;    88.446; 
 597;      .002;    27.147;    88.446; 
 598;     -.010;    27.147;    88.446; 
 599;     -.026;    27.147;    88.446; 
 600;     -.038;    27.147;    88.446; 
 601;     -.045;    27.147;    88.446; 
 602;     -.055;    27.147;    88.446; 
 603;     -.069;    27.147;    88.446; 
 604;     -.081;    27.147;    88.446; 
 605;     -.092;    27.147;    88.446; 
 606;     -.102;    27.147;    88.446; 
 607;     -.109;    27.147;    88.446; 
 608;     -.118;    27.147;    88.446; 
 609;     -.130;    27.147;    88.446; 
 610;     -.142;    27.147;    88.446; 
 611;     -.155;    27.147;    88.446; 
 612;     -.163;    27.147;    88.446; 
 613;     -.174;    27.147;    88.446; 
 614;     -.180;    27.147;    88.446; 
 615;     -.192;    27.147;    88.446; 
 616;     -.199;    27.147;    88.446; 
 617;     -.209;    27.147;    88.446; 
 618;     -.215;    27.146;    88.446; 
 619;     -.221;    27.146;    88.446; 
 620;     -.229;    27.145;    88.446; 
 621;     -.235;    27.145;    88.446; 
 622;     -.240;    27.144;    88.446; 
 623;     -.247;    27.143;    88.446; 
 624;     -.252;    27.142;    88.446; 
 625;     -.256;    27.141;    88.446; 
 626;     -.259;    27.141;    88.446; 
 627;     -.260;    27.140;    88.446; 
 628;     -.264;    27.139;    88.446; 
 629;     -.272;    27.137;    88.446; 
 630;     -.279;    27.134;    88.446; 
 631;     -.286;    27.132;    88.446; 
 632;     -.290;    27.130;    88.446; 
 633;     -.294;    27.129;    88.446; 
 634;     -.297;    27.127;    88.446; 
 635;     -.299;    27.126;    88.446; 
 636;     -.299;    27.126;    88.446; 
 637;     -.302;    27.124;    88.446; 
 638;     -.309;    27.120;    88.446; 
 639;     -.312;    27.118;    88.446; 
 640;     -.316;    27.116;    88.446; 
 641;     -.323;    27.111;    88.446; 
 642;     -.326;    27.109;    88.446; 
 643;     -.328;    27.107;    88.446; 
 644;     -.332;    27.104;    88.446; 
 645;     -.337;    27.099;    88.446; 
 646;     -.343;    27.095;    88.446; 
 647;     -.351;    27.088;    88.446; 
 648;     -.360;    27.081;    88.446; 
 649;     -.366;    27.075;    88.446; 
 650;     -.368;    27.074;    88.446; 
 651;     -.369;    27.072;    88.446; 
 652;     -.372;    27.069;    88.446; 
 653;     -.374;    27.066;    88.446; 
 654;     -.376;    27.063;    88.446; 
 655;     -.379;    27.060;    88.446; 
 656;     -.381;    27.057;    88.446; 
 657;     -.384;    27.052;    88.446; 
 658;     -.386;    27.048;    88.446; 
 659;     -.388;    27.045;    88.446; 
 660;     -.392;    27.039;    88.446; 
 661;     -.396;    27.031;    88.446; 
 662;     -.398;    27.028;    88.446; 
 663;     -.402;    27.019;    88.446; 
 664;     -.404;    27.015;    88.446; 
 665;     -.407;    27.008;    88.446; 
 666;     -.411;    27.000;    88.446; 
 667;     -.414;    26.992;    88.446; 
 668;     -.418;    26.982;    88.446; 
 669;     -.420;    26.978;    88.446; 
 670;     -.423;    26.969;    88.446; 
 671;     -.428;    26.957;    88.446; 
 672;     -.433;    26.946;    88.446; 
 673;     -.437;    26.936;    88.446; 
 674;     -.440;    26.927;    88.446; 
 675;     -.443;    26.920;    88.446; 
 676;     -.448;    26.908;    88.446; 
 677;     -.455;    26.892;    88.446; 
 678;     -.459;    26.882;    88.446; 
 679;     -.462;    26.874;    88.446; 
 680;     -.464;    26.869;    88.446; 
 681;     -.468;    26.859;    88.446; 
 682;     -.474;    26.845;    88.446; 
 683;     -.479;    26.832;    88.446; 
 684;     -.482;    26.826;    88.446; 
 685;     -.486;    26.816;    88.446; 
 686;     -.488;    26.810;    88.446; 
 687;     -.493;    26.797;    88.446; 
 688;     -.497;    26.787;    88.446; 
 689;     -.500;    26.780;    88.446; 
 690;     -.504;    26.769;    88.446; 
 691;     -.509;    26.758;    88.446; 
 692;     -.512;    26.749;    88.446; 
 693;     -.518;    26.736;    88.446; 
 694;     -.520;    26.729;    88.446; 
 695;     -.524;    26.720;    88.446; 
 696;     -.529;    26.708;    88.446; 
 697;     -.530;    26.703;    88.446; 
 698;     -.533;    26.697;    88.446; 
 699;     -.535;    26.689;    88.446; 
 700;     -.539;    26.679;    88.446; 
 701;     -.546;    26.661;    88.446; 
 702;     -.550;    26.649;    88.446; 
 703;     -.555;    26.637;    88.446; 
 704;     -.558;    26.629;    88.446; 
 705;     -.562;    26.619;    88.446; 
 706;     -.567;    26.608;    88.446; 
 707;     -.568;    26.605;    88.446; 
 708;     -.569;    26.601;    88.446; 
 709;     -.571;    26.595;    88.446; 
 710;     -.577;    26.578;    88.446; 
 711;     -.578;    26.574;    88.446; 
 712;     -.583;    26.560;    88.446; 
 713;     -.591;    26.539;    88.446; 
 714;     -.599;    26.521;    88.446; 
 715;     -.602;    26.514;    88.446; 
 716;     -.603;    26.509;    88.446; 
 717;     -.605;    26.506;    88.446; 
 718;     -.605;    26.503;    88.446; 
 719;     -.608;    26.496;    88.446; 
 720;     -.613;    26.480;    88.446; 
 721;     -.620;    26.463;    88.446; 
 722;     -.626;    26.447;    88.446; 
 723;     -.631;    26.436;    88.446; 
 724;     -.634;    26.429;    88.446; 
 725;     -.637;    26.422;    88.446; 
 726;     -.639;    26.415;    88.446; 
 727;     -.642;    26.408;    88.446; 
 728;     -.644;    26.402;    88.446; 
 729;     -.649;    26.389;    88.446; 
 730;     -.652;    26.380;    88.446; 
 731;     -.657;    26.367;    88.446; 
 732;     -.660;    26.358;    88.446; 
 733;     -.665;    26.345;    88.446; 
 734;     -.667;    26.339;    88.446; 
 735;     -.670;    26.330;    88.446; 
 736;     -.673;    26.321;    88.446; 
 737;     -.676;    26.314;    88.446; 
 738;     -.680;    26.301;    88.446; 
 739;     -.683;    26.292;    88.446; 
 740;     -.687;    26.281;    88.446; 
 741;     -.690;    26.272;    88.446; 
 742;     -.694;    26.261;    88.446; 
 743;     -.697;    26.252;    88.446; 
 744;     -.699;    26.246;    88.446; 
 745;     -.702;    26.236;    88.446; 
 746;     -.704;    26.230;    88.446; 
 747;     -.707;    26.218;    88.446; 
 748;     -.715;    26.196;    88.446; 
 749;     -.721;    26.181;    88.446; 
 750;     -.723;    26.174;    88.446; 
 751;     -.725;    26.170;    88.446; 
 752;     -.728;    26.161;    88.446; 
 753;     -.731;    26.150;    88.446; 
 754;     -.736;    26.137;    88.446; 
 755;     -.738;    26.129;    88.446; 
 756;     -.743;    26.117;    88.446; 
 757;     -.745;    26.111;    88.446; 
 758;     -.749;    26.099;    88.446; 
 759;     -.750;    26.094;    88.446; 
 760;     -.754;    26.083;    88.446; 
 761;     -.757;    26.073;    88.446; 
 762;     -.761;    26.062;    88.446; 
 763;     -.763;    26.054;    88.446; 
 764;     -.767;    26.042;    88.446; 
 765;     -.769;    26.036;    88.446; 
 766;     -.773;    26.023;    88.446; 
 767;     -.775;    26.015;    88.446; 
 768;     -.777;    26.007;    88.446; 
 769;     -.780;    25.997;    88.446; 
 770;     -.783;    25.988;    88.446; 
 771;     -.788;    25.971;    88.446; 
 772;     -.792;    25.960;    88.446; 
 773;     -.794;    25.952;    88.446; 
 774;     -.797;    25.944;    88.446; 
 775;     -.799;    25.936;    88.446; 
 776;     -.800;    25.934;    88.446; 
 777;     -.804;    25.918;    88.446; 
 778;     -.807;    25.906;    88.446; 
 779;     -.811;    25.893;    88.446; 
 780;     -.813;    25.888;    88.446; 
 781;     -.815;    25.880;    88.446; 
 782;     -.819;    25.867;    88.446; 
 783;     -.822;    25.856;    88.446; 
 784;     -.827;    25.840;    88.446; 
 785;     -.829;    25.834;    88.446; 
 786;     -.832;    25.822;    88.446; 
 787;     -.835;    25.813;    88.446; 
 788;     -.839;    25.802;    88.446; 
 789;     -.839;    25.798;    88.446; 
 790;     -.844;    25.782;    88.446; 
 791;     -.847;    25.774;    88.446; 
 792;     -.849;    25.765;    88.446; 
 793;     -.851;    25.759;    88.446; 
 794;     -.853;    25.751;    88.446; 
 795;     -.853;    25.749;    88.446; 
 796;     -.855;    25.740;    88.446; 
 797;     -.858;    25.726;    88.446; 
 798;     -.861;    25.713;    88.446; 
 799;     -.864;    25.703;    88.446; 
 800;     -.868;    25.686;    88.446; 
 801;     -.874;    25.668;    88.446; 
 802;     -.878;    25.654;    88.446; 
 803;     -.881;    25.644;    88.446; 
 804;     -.882;    25.641;    88.446; 
 805;     -.885;    25.631;    88.446; 
 806;     -.888;    25.622;    88.446; 
 807;     -.890;    25.613;    88.446; 
 808;     -.893;    25.602;    88.446; 
 809;     -.896;    25.593;    88.446; 
 810;     -.897;    25.586;    88.446; 
 811;     -.899;    25.579;    88.446; 
 812;     -.902;    25.568;    88.446; 
 813;     -.903;    25.564;    88.446; 
 814;     -.905;    25.554;    88.446; 
 815;     -.907;    25.543;    88.446; 
 816;     -.909;    25.535;    88.446; 
 817;     -.911;    25.523;    88.446; 
 818;     -.917;    25.502;    88.446; 
 819;     -.919;    25.493;    88.446; 
 820;     -.923;    25.479;    88.446; 
 821;     -.926;    25.471;    88.446; 
 822;     -.926;    25.468;    88.446; 
 823;     -.929;    25.457;    88.446; 
 824;     -.930;    25.450;    88.446; 
 825;     -.934;    25.436;    88.446; 
 826;     -.935;    25.431;    88.446; 
 827;     -.938;    25.417;    88.446; 
 828;     -.939;    25.413;    88.446; 
 829;     -.941;    25.401;    88.446; 
 830;     -.942;    25.396;    88.446; 
 831;     -.944;    25.388;    88.446; 
 832;     -.945;    25.381;    88.446; 
 833;     -.948;    25.363;    88.446; 
 834;     -.951;    25.348;    88.446; 
 835;     -.955;    25.333;    88.446; 
 836;     -.957;    25.325;    88.446; 
 837;     -.959;    25.316;    88.446; 
 838;     -.960;    25.311;    88.446; 
 839;     -.960;    25.307;    88.446; 
 840;     -.961;    25.299;    88.446; 
 841;     -.963;    25.289;    88.446; 
 842;     -.965;    25.276;    88.446; 
 843;     -.966;    25.269;    88.446; 
 844;     -.970;    25.247;    88.446; 
 845;     -.978;    25.219;    88.446; 
 846;     -.979;    25.212;    88.446; 
 847;     -.980;    25.207;    88.446; 
 848;     -.982;    25.199;    88.446; 
 849;     -.985;    25.188;    88.446; 
 850;     -.986;    25.182;    88.446; 
 851;     -.987;    25.174;    88.446; 
 852;     -.989;    25.165;    88.446; 
 853;     -.991;    25.157;    88.446; 
 854;     -.992;    25.147;    88.446; 
 855;     -.996;    25.128;    88.446; 
 856;    -1.000;    25.114;    88.446; 
 857;    -1.003;    25.102;    88.446; 
 858;    -1.007;    25.086;    88.446; 
 859;    -1.011;    25.071;    88.446; 
 860;    -1.015;    25.058;    88.446; 
 861;    -1.019;    25.046;    88.446; 
 862;    -1.024;    25.030;    88.446; 
 863;    -1.049;    24.978;    88.446; 
 864;    -1.095;    24.920;    88.446; 
 865;    -1.205;    24.855;    88.446; 
 866;    -1.258;    24.844;    88.446; 
 867;    -1.278;    24.842;    88.446; 
 868;    -1.296;    24.840;    88.446; 
 869;    -1.313;    24.839;    88.446; 
 870;    -1.323;    24.839;    88.446; 
 871;    -1.331;    24.839;    88.446; 
 872;    -1.340;    24.838;    88.446; 
 873;    -1.348;    24.838;    88.446; 
 874;    -1.356;    24.837;    88.446; 
 875;    -1.367;    24.836;    88.446; 
 876;    -1.382;    24.835;    88.446; 
 877;    -1.392;    24.834;    88.446; 
 878;    -1.402;    24.834;    88.446; 
 879;    -1.409;    24.833;    88.446; 
 880;    -1.424;    24.832;    88.446; 
 881;    -1.434;    24.831;    88.446; 
 882;    -1.443;    24.831;    88.446; 
 883;    -1.450;    24.830;    88.446; 
 884;    -1.460;    24.829;    88.446; 
 885;    -1.475;    24.828;    88.446; 
 886;    -1.491;    24.827;    88.446; 
 887;    -1.505;    24.827;    88.446; 
 888;    -1.516;    24.826;    88.446; 
 889;    -1.523;    24.826;    88.446; 
 890;    -1.530;    24.826;    88.446; 
 891;    -1.540;    24.825;    88.446; 
 892;    -1.547;    24.825;    88.446; 
 893;    -1.556;    24.824;    88.446; 
 894;    -1.568;    24.823;    88.446; 
 895;    -1.580;    24.822;    88.446; 
 896;    -1.589;    24.821;    88.446; 
 897;    -1.598;    24.821;    88.446; 
 898;    -1.608;    24.820;    88.446; 
 899;    -1.623;    24.819;    88.446; 
 900;    -1.668;    24.820;    88.446; 
 901;    -1.725;    24.830;    88.446; 
 902;    -1.807;    24.870;    88.446; 
 903;    -1.883;    24.952;    88.446; 
 904;    -1.903;    24.990;    88.446; 
 905;    -1.906;    24.996;    88.446; 
 906;    -1.909;    25.002;    88.446; 
 907;    -1.914;    25.011;    88.446; 
 908;    -1.923;    25.031;    88.446; 
 909;    -1.935;    25.065;    88.446; 
 910;    -1.941;    25.085;    88.446; 
 911;    -1.943;    25.094;    88.446; 
 912;    -1.947;    25.105;    88.446; 
 913;    -1.949;    25.113;    88.446; 
 914;    -1.951;    25.120;    88.446; 
 915;    -1.953;    25.126;    88.446; 
 916;    -1.956;    25.134;    88.446; 
 917;    -1.957;    25.138;    88.446; 
 918;    -1.959;    25.143;    88.446; 
 919;    -1.964;    25.155;    88.446; 
 920;    -1.970;    25.172;    88.446; 
 921;    -1.977;    25.197;    88.446; 
 922;    -1.979;    25.203;    88.446; 
 923;    -1.982;    25.212;    88.446; 
 924;    -1.984;    25.219;    88.446; 
 925;    -1.988;    25.233;    88.446; 
 926;    -1.993;    25.251;    88.446; 
 927;    -1.994;    25.257;    88.446; 
 928;    -1.996;    25.263;    88.446; 
 929;    -1.998;    25.268;    88.446; 
 930;    -1.998;    25.267;    88.446; 
 931;    -2.002;    25.278;    88.446; 
 932;    -2.005;    25.287;    88.446; 
 933;    -2.009;    25.299;    88.446; 
 934;    -2.012;    25.307;    88.446; 
 935;    -2.019;    25.328;    88.446; 
 936;    -2.022;    25.337;    88.446; 
 937;    -2.024;    25.343;    88.446; 
 938;    -2.027;    25.353;    88.446; 
 939;    -2.031;    25.364;    88.446; 
 940;    -2.033;    25.371;    88.446; 
 941;    -2.036;    25.380;    88.446; 
 942;    -2.039;    25.387;    88.446; 
 943;    -2.042;    25.394;    88.446; 
 944;    -2.048;    25.411;    88.446; 
 945;    -2.050;    25.418;    88.446; 
 946;    -2.053;    25.426;    88.446; 
 947;    -2.054;    25.429;    88.446; 
 948;    -2.057;    25.436;    88.446; 
 949;    -2.061;    25.446;    88.446; 
 950;    -2.067;    25.461;    88.446; 
 951;    -2.074;    25.484;    88.446; 
 952;    -2.075;    25.485;    88.446; 
 953;    -2.078;    25.493;    88.446; 
 954;    -2.080;    25.499;    88.446; 
 955;    -2.084;    25.510;    88.446; 
 956;    -2.088;    25.518;    88.446; 
 957;    -2.090;    25.525;    88.446; 
 958;    -2.096;    25.540;    88.446; 
 959;    -2.100;    25.551;    88.446; 
 960;    -2.104;    25.561;    88.446; 
 961;    -2.107;    25.569;    88.446; 
 962;    -2.110;    25.577;    88.446; 
 963;    -2.114;    25.588;    88.446; 
 964;    -2.116;    25.592;    88.446; 
 965;    -2.120;    25.601;    88.446; 
 966;    -2.125;    25.614;    88.446; 
 967;    -2.132;    25.632;    88.446; 
 968;    -2.135;    25.639;    88.446; 
 969;    -2.138;    25.647;    88.446; 
 970;    -2.141;    25.655;    88.446; 
 971;    -2.143;    25.660;    88.446; 
 972;    -2.147;    25.670;    88.446; 
 973;    -2.152;    25.681;    88.446; 
 974;    -2.156;    25.692;    88.446; 
 975;    -2.161;    25.702;    88.446; 
 976;    -2.165;    25.713;    88.446; 
 977;    -2.168;    25.720;    88.446; 
 978;    -2.172;    25.728;    88.446; 
 979;    -2.176;    25.738;    88.446; 
 980;    -2.181;    25.751;    88.446; 
 981;    -2.184;    25.758;    88.446; 
 982;    -2.188;    25.766;    88.446; 
 983;    -2.194;    25.780;    88.446; 
 984;    -2.197;    25.788;    88.446; 
 985;    -2.202;    25.799;    88.446; 
 986;    -2.206;    25.808;    88.446; 
 987;    -2.210;    25.818;    88.446; 
 988;    -2.212;    25.823;    88.446; 
 989;    -2.216;    25.831;    88.446; 
 990;    -2.222;    25.846;    88.446; 
 991;    -2.226;    25.855;    88.446; 
 992;    -2.231;    25.868;    88.446; 
 993;    -2.234;    25.874;    88.446; 
 994;    -2.238;    25.882;    88.446; 
 995;    -2.242;    25.893;    88.446; 
 996;    -2.245;    25.898;    88.446; 
 997;    -2.251;    25.911;    88.446; 
 998;    -2.254;    25.919;    88.446; 
 999;    -2.260;    25.931;    88.446; 
1000;    -2.262;    25.937;    88.446; 
1001;    -2.267;    25.947;    88.446; 
1002;    -2.269;    25.952;    88.446; 
1003;    -2.276;    25.967;    88.446; 
1004;    -2.281;    25.978;    88.446; 
1005;    -2.284;    25.985;    88.446; 
1006;    -2.287;    25.992;    88.446; 
1007;    -2.291;    26.000;    88.446; 
1008;    -2.295;    26.009;    88.446; 
1009;    -2.301;    26.022;    88.446; 
1010;    -2.304;    26.027;    88.446; 
1011;    -2.309;    26.038;    88.446; 
1012;    -2.313;    26.047;    88.446; 
1013;    -2.318;    26.056;    88.446; 
1014;    -2.323;    26.066;    88.446; 
1015;    -2.327;    26.076;    88.446; 
1016;    -2.332;    26.087;    88.446; 
1017;    -2.338;    26.098;    88.446; 
1018;    -2.341;    26.105;    88.446; 
1019;    -2.346;    26.116;    88.446; 
1020;    -2.350;    26.124;    88.446; 
1021;    -2.354;    26.133;    88.446; 
1022;    -2.360;    26.144;    88.446; 
1023;    -2.364;    26.153;    88.446; 
1024;    -2.368;    26.161;    88.446; 
1025;    -2.373;    26.172;    88.446; 
1026;    -2.376;    26.179;    88.446; 
1027;    -2.380;    26.187;    88.446; 
1028;    -2.384;    26.194;    88.446; 
1029;    -2.388;    26.201;    88.446; 
1030;    -2.395;    26.216;    88.446; 
1031;    -2.401;    26.228;    88.446; 
1032;    -2.406;    26.239;    88.446; 
1033;    -2.410;    26.247;    88.446; 
1034;    -2.413;    26.253;    88.446; 
1035;    -2.418;    26.263;    88.446; 
1036;    -2.421;    26.270;    88.446; 
1037;    -2.426;    26.280;    88.446; 
1038;    -2.432;    26.291;    88.446; 
1039;    -2.435;    26.297;    88.446; 
1040;    -2.437;    26.300;    88.446; 
1041;    -2.445;    26.316;    88.446; 
1042;    -2.450;    26.326;    88.446; 
1043;    -2.458;    26.342;    88.446; 
1044;    -2.462;    26.350;    88.446; 
1045;    -2.465;    26.358;    88.446; 
1046;    -2.468;    26.363;    88.446; 
1047;    -2.470;    26.367;    88.446; 
1048;    -2.474;    26.373;    88.446; 
1049;    -2.483;    26.391;    88.446; 
1050;    -2.490;    26.406;    88.446; 
1051;    -2.497;    26.420;    88.446; 
1052;    -2.500;    26.425;    88.446; 
1053;    -2.504;    26.434;    88.446; 
1054;    -2.507;    26.440;    88.446; 
1055;    -2.512;    26.450;    88.446; 
1056;    -2.517;    26.460;    88.446; 
1057;    -2.520;    26.465;    88.446; 
1058;    -2.522;    26.469;    88.446; 
1059;    -2.525;    26.475;    88.446; 
1060;    -2.531;    26.484;    88.446; 
1061;    -2.539;    26.500;    88.446; 
1062;    -2.548;    26.517;    88.446; 
1063;    -2.553;    26.528;    88.446; 
1064;    -2.555;    26.531;    88.446; 
1065;    -2.560;    26.540;    88.446; 
1066;    -2.565;    26.550;    88.446; 
1067;    -2.569;    26.559;    88.446; 
1068;    -2.576;    26.571;    88.446; 
1069;    -2.578;    26.575;    88.446; 
1070;    -2.583;    26.584;    88.446; 
1071;    -2.590;    26.596;    88.446; 
1072;    -2.594;    26.604;    88.446; 
1073;    -2.599;    26.612;    88.446; 
1074;    -2.604;    26.623;    88.446; 
1075;    -2.610;    26.633;    88.446; 
1076;    -2.615;    26.643;    88.446; 
1077;    -2.619;    26.650;    88.446; 
1078;    -2.622;    26.656;    88.446; 
1079;    -2.626;    26.663;    88.446; 
1080;    -2.631;    26.670;    88.446; 
1081;    -2.640;    26.687;    88.446; 
1082;    -2.646;    26.697;    88.446; 
1083;    -2.648;    26.702;    88.446; 
1084;    -2.656;    26.715;    88.446; 
1085;    -2.663;    26.730;    88.446; 
1086;    -2.670;    26.742;    88.446; 
1087;    -2.674;    26.750;    88.446; 
1088;    -2.676;    26.755;    88.446; 
1089;    -2.678;    26.757;    88.446; 
1090;    -2.683;    26.766;    88.446; 
1091;    -2.687;    26.773;    88.446; 
1092;    -2.693;    26.784;    88.446; 
1093;    -2.698;    26.792;    88.446; 
1094;    -2.704;    26.802;    88.446; 
1095;    -2.712;    26.816;    88.446; 
1096;    -2.715;    26.822;    88.446; 
1097;    -2.723;    26.835;    88.446; 
1098;    -2.728;    26.844;    88.446; 
1099;    -2.731;    26.850;    88.446; 
1100;    -2.735;    26.855;    88.446; 
1101;    -2.741;    26.866;    88.446; 
1102;    -2.747;    26.877;    88.446; 
1103;    -2.750;    26.881;    88.446; 
1104;    -2.752;    26.884;    88.446; 
1105;    -2.753;    26.885;    88.446; 
1106;    -2.759;    26.893;    88.446; 
1107;    -2.765;    26.901;    88.446; 
1108;    -2.777;    26.918;    88.446; 
1109;    -2.777;    26.918;    88.446; 
1110;    -2.779;    26.920;    88.446; 
1111;    -2.780;    26.921;    88.446; 
1112;    -2.782;    26.923;    88.446; 
1113;    -2.784;    26.925;    88.446; 
1114;    -2.783;    26.923;    88.446; 
1115;    -2.786;    26.926;    88.446; 
1116;    -2.792;    26.931;    88.446; 
1117;    -2.797;    26.934;    88.446; 
1118;    -2.805;    26.941;    88.446; 
1119;    -2.812;    26.946;    88.446; 
1120;    -2.819;    26.952;    88.446; 
1121;    -2.823;    26.954;    88.446; 
1122;    -2.824;    26.955;    88.446; 
1123;    -2.829;    26.958;    88.446; 
1124;    -2.828;    26.957;    88.446; 
1125;    -2.832;    26.959;    88.446; 
1126;    -2.835;    26.960;    88.446; 
1127;    -2.837;    26.961;    88.446; 
1128;    -2.841;    26.962;    88.446; 
1129;    -2.847;    26.965;    88.446; 
1130;    -2.849;    26.965;    88.446; 
1131;    -2.855;    26.967;    88.446; 
1132;    -2.865;    26.970;    88.446; 
1133;    -2.872;    26.972;    88.446; 
1134;    -2.890;    26.978;    88.446; 
1135;    -2.901;    26.981;    88.446; 
1136;    -2.909;    26.984;    88.446; 
1137;    -2.915;    26.985;    88.446; 
1138;    -2.918;    26.986;    88.446; 
1139;    -2.919;    26.986;    88.446; 
1140;    -2.922;    26.986;    88.446; 
1141;    -2.922;    26.986;    88.446; 
1142;    -2.925;    26.986;    88.446; 
1143;    -2.927;    26.986;    88.446; 
1144;    -2.933;    26.986;    88.446; 
1145;    -2.936;    26.986;    88.446; 
1146;    -2.940;    26.986;    88.446; 
1147;    -2.945;    26.986;    88.446; 
1148;    -2.952;    26.986;    88.446; 
1149;    -2.956;    26.985;    88.446; 
1150;    -2.964;    26.984;    88.446; 
1151;    -2.971;    26.984;    88.446; 
1152;    -2.975;    26.983;    88.446; 
1153;    -2.984;    26.982;    88.446; 
1154;    -2.995;    26.981;    88.446; 
1155;    -3.010;    26.979;    88.446; 
1156;    -3.023;    26.978;    88.446; 
1157;    -3.027;    26.977;    88.446; 
1158;    -3.039;    26.976;    88.446; 
