[A]
   1;     2.956;    25.222;    88.366; 
   2;     2.955;    25.232;    88.366; 
   3;     2.954;    25.242;    88.366; 
   4;     2.953;    25.248;    88.366; 
   5;     2.952;    25.255;    88.366; 
   6;     2.950;    25.262;    88.366; 
   7;     2.950;    25.266;    88.366; 
   8;     2.948;    25.273;    88.366; 
   9;     2.946;    25.284;    88.366; 
  10;     2.942;    25.306;    88.366; 
  11;     2.940;    25.319;    88.366; 
  12;     2.939;    25.328;    88.366; 
  13;     2.937;    25.335;    88.366; 
  14;     2.936;    25.340;    88.366; 
  15;     2.934;    25.351;    88.366; 
  16;     2.932;    25.361;    88.366; 
  17;     2.930;    25.372;    88.366; 
  18;     2.928;    25.384;    88.366; 
  19;     2.926;    25.396;    88.366; 
  20;     2.925;    25.402;    88.366; 
  21;     2.922;    25.414;    88.366; 
  22;     2.921;    25.421;    88.366; 
  23;     2.919;    25.429;    88.366; 
  24;     2.918;    25.436;    88.366; 
  25;     2.914;    25.452;    88.366; 
  26;     2.912;    25.468;    88.366; 
  27;     2.909;    25.481;    88.366; 
  28;     2.908;    25.485;    88.366; 
  29;     2.907;    25.494;    88.366; 
  30;     2.904;    25.506;    88.366; 
  31;     2.903;    25.511;    88.366; 
  32;     2.901;    25.519;    88.366; 
  33;     2.899;    25.528;    88.366; 
  34;     2.896;    25.540;    88.366; 
  35;     2.893;    25.558;    88.366; 
  36;     2.891;    25.570;    88.366; 
  37;     2.889;    25.575;    88.366; 
  38;     2.887;    25.584;    88.366; 
  39;     2.885;    25.595;    88.366; 
  40;     2.883;    25.605;    88.366; 
  41;     2.881;    25.614;    88.366; 
  42;     2.878;    25.627;    88.366; 
  43;     2.876;    25.638;    88.366; 
  44;     2.873;    25.651;    88.366; 
  45;     2.871;    25.659;    88.366; 
  46;     2.869;    25.669;    88.366; 
  47;     2.867;    25.678;    88.366; 
  48;     2.865;    25.688;    88.366; 
  49;     2.863;    25.695;    88.366; 
  50;     2.861;    25.702;    88.366; 
  51;     2.859;    25.709;    88.366; 
  52;     2.855;    25.730;    88.366; 
  53;     2.853;    25.738;    88.366; 
  54;     2.850;    25.750;    88.366; 
  55;     2.848;    25.758;    88.366; 
  56;     2.846;    25.768;    88.366; 
  57;     2.843;    25.776;    88.366; 
  58;     2.840;    25.793;    88.366; 
  59;     2.837;    25.803;    88.366; 
  60;     2.836;    25.810;    88.366; 
  61;     2.834;    25.818;    88.366; 
  62;     2.832;    25.825;    88.366; 
  63;     2.829;    25.836;    88.366; 
  64;     2.828;    25.841;    88.366; 
  65;     2.827;    25.844;    88.366; 
  66;     2.823;    25.856;    88.366; 
  67;     2.820;    25.864;    88.366; 
  68;     2.814;    25.887;    88.366; 
  69;     2.809;    25.909;    88.366; 
  70;     2.807;    25.922;    88.366; 
  71;     2.806;    25.926;    88.366; 
  72;     2.804;    25.934;    88.366; 
  73;     2.803;    25.938;    88.366; 
  74;     2.801;    25.946;    88.366; 
  75;     2.798;    25.956;    88.366; 
  76;     2.796;    25.961;    88.366; 
  77;     2.793;    25.974;    88.366; 
  78;     2.790;    25.983;    88.366; 
  79;     2.787;    25.996;    88.366; 
  80;     2.784;    26.006;    88.366; 
  81;     2.781;    26.016;    88.366; 
  82;     2.779;    26.025;    88.366; 
  83;     2.776;    26.033;    88.366; 
  84;     2.773;    26.044;    88.366; 
  85;     2.771;    26.052;    88.366; 
  86;     2.767;    26.064;    88.366; 
  87;     2.764;    26.074;    88.366; 
  88;     2.761;    26.086;    88.366; 
  89;     2.758;    26.097;    88.366; 
  90;     2.755;    26.108;    88.366; 
  91;     2.752;    26.121;    88.366; 
  92;     2.750;    26.128;    88.366; 
  93;     2.745;    26.144;    88.366; 
  94;     2.744;    26.151;    88.366; 
  95;     2.742;    26.157;    88.366; 
  96;     2.740;    26.164;    88.366; 
  97;     2.737;    26.174;    88.366; 
  98;     2.734;    26.183;    88.366; 
  99;     2.729;    26.200;    88.366; 
 100;     2.726;    26.212;    88.366; 
 101;     2.723;    26.224;    88.366; 
 102;     2.721;    26.230;    88.366; 
 103;     2.718;    26.239;    88.366; 
 104;     2.715;    26.250;    88.366; 
 105;     2.712;    26.259;    88.366; 
 106;     2.709;    26.268;    88.366; 
 107;     2.707;    26.276;    88.366; 
 108;     2.703;    26.289;    88.366; 
 109;     2.699;    26.303;    88.366; 
 110;     2.696;    26.314;    88.366; 
 111;     2.693;    26.321;    88.366; 
 112;     2.691;    26.330;    88.366; 
 113;     2.687;    26.341;    88.366; 
 114;     2.685;    26.350;    88.366; 
 115;     2.683;    26.355;    88.366; 
 116;     2.681;    26.362;    88.366; 
 117;     2.677;    26.373;    88.366; 
 118;     2.671;    26.391;    88.366; 
 119;     2.667;    26.407;    88.366; 
 120;     2.665;    26.413;    88.366; 
 121;     2.663;    26.421;    88.366; 
 122;     2.660;    26.430;    88.366; 
 123;     2.658;    26.436;    88.366; 
 124;     2.656;    26.443;    88.366; 
 125;     2.653;    26.449;    88.366; 
 126;     2.648;    26.465;    88.366; 
 127;     2.641;    26.489;    88.366; 
 128;     2.638;    26.498;    88.366; 
 129;     2.636;    26.507;    88.366; 
 130;     2.635;    26.508;    88.366; 
 131;     2.631;    26.520;    88.366; 
 132;     2.628;    26.528;    88.366; 
 133;     2.625;    26.540;    88.366; 
 134;     2.621;    26.552;    88.366; 
 135;     2.618;    26.560;    88.366; 
 136;     2.615;    26.569;    88.366; 
 137;     2.611;    26.581;    88.366; 
 138;     2.609;    26.587;    88.366; 
 139;     2.606;    26.597;    88.366; 
 140;     2.604;    26.603;    88.366; 
 141;     2.599;    26.615;    88.366; 
 142;     2.592;    26.637;    88.366; 
 143;     2.589;    26.648;    88.366; 
 144;     2.587;    26.654;    88.366; 
 145;     2.584;    26.664;    88.366; 
 146;     2.580;    26.675;    88.366; 
 147;     2.577;    26.685;    88.366; 
 148;     2.575;    26.692;    88.366; 
 149;     2.572;    26.700;    88.366; 
 150;     2.569;    26.708;    88.366; 
 151;     2.567;    26.713;    88.366; 
 152;     2.565;    26.719;    88.366; 
 153;     2.564;    26.720;    88.366; 
 154;     2.561;    26.728;    88.366; 
 155;     2.559;    26.732;    88.366; 
 156;     2.556;    26.738;    88.366; 
 157;     2.552;    26.745;    88.366; 
 158;     2.551;    26.747;    88.366; 
 159;     2.548;    26.753;    88.366; 
 160;     2.545;    26.756;    88.366; 
 161;     2.543;    26.760;    88.366; 
 162;     2.541;    26.763;    88.366; 
 163;     2.539;    26.766;    88.366; 
 164;     2.537;    26.768;    88.366; 
 165;     2.532;    26.774;    88.366; 
 166;     2.526;    26.780;    88.366; 
 167;     2.522;    26.785;    88.366; 
 168;     2.518;    26.789;    88.366; 
 169;     2.514;    26.794;    88.366; 
 170;     2.510;    26.797;    88.366; 
 171;     2.508;    26.799;    88.366; 
 172;     2.505;    26.802;    88.366; 
 173;     2.503;    26.803;    88.366; 
 174;     2.498;    26.807;    88.366; 
 175;     2.495;    26.809;    88.366; 
 176;     2.491;    26.811;    88.366; 
 177;     2.490;    26.812;    88.366; 
 178;     2.483;    26.816;    88.366; 
 179;     2.482;    26.817;    88.366; 
 180;     2.480;    26.817;    88.366; 
 181;     2.477;    26.818;    88.366; 
 182;     2.466;    26.824;    88.366; 
 183;     2.455;    26.828;    88.366; 
 184;     2.442;    26.835;    88.366; 
 185;     2.441;    26.835;    88.366; 
 186;     2.441;    26.835;    88.366; 
 187;     2.437;    26.836;    88.366; 
 188;     2.434;    26.837;    88.366; 
 189;     2.431;    26.838;    88.366; 
 190;     2.427;    26.839;    88.366; 
 191;     2.424;    26.840;    88.366; 
 192;     2.418;    26.841;    88.366; 
 193;     2.418;    26.841;    88.366; 
 194;     2.413;    26.841;    88.366; 
 195;     2.411;    26.841;    88.366; 
 196;     2.406;    26.842;    88.366; 
 197;     2.387;    26.844;    88.366; 
 198;     2.373;    26.847;    88.366; 
 199;     2.361;    26.849;    88.366; 
 200;     2.355;    26.849;    88.366; 
 201;     2.352;    26.850;    88.366; 
 202;     2.346;    26.850;    88.366; 
 203;     2.339;    26.851;    88.366; 
 204;     2.330;    26.851;    88.366; 
 205;     2.319;    26.852;    88.366; 
 206;     2.309;    26.853;    88.366; 
 207;     2.297;    26.854;    88.366; 
 208;     2.287;    26.855;    88.366; 
 209;     2.277;    26.855;    88.366; 
 210;     2.268;    26.856;    88.366; 
 211;     2.258;    26.857;    88.366; 
 212;     2.248;    26.857;    88.366; 
 213;     2.237;    26.858;    88.366; 
 214;     2.224;    26.859;    88.366; 
 215;     2.211;    26.860;    88.366; 
 216;     2.200;    26.861;    88.366; 
 217;     2.189;    26.862;    88.366; 
 218;     2.179;    26.863;    88.366; 
 219;     2.170;    26.864;    88.366; 
 220;     2.162;    26.865;    88.366; 
 221;     2.147;    26.866;    88.366; 
 222;     2.138;    26.867;    88.366; 
 223;     2.129;    26.867;    88.366; 
 224;     2.117;    26.868;    88.366; 
 225;     2.107;    26.869;    88.366; 
 226;     2.097;    26.870;    88.366; 
 227;     2.087;    26.870;    88.366; 
 228;     2.076;    26.871;    88.366; 
 229;     2.064;    26.872;    88.366; 
 230;     2.057;    26.873;    88.366; 
 231;     2.048;    26.873;    88.366; 
 232;     2.037;    26.874;    88.366; 
 233;     2.025;    26.875;    88.366; 
 234;     2.012;    26.876;    88.366; 
 235;     2.001;    26.877;    88.366; 
 236;     1.990;    26.877;    88.366; 
 237;     1.978;    26.878;    88.366; 
 238;     1.969;    26.879;    88.366; 
 239;     1.959;    26.880;    88.366; 
 240;     1.952;    26.880;    88.366; 
 241;     1.941;    26.881;    88.366; 
 242;     1.927;    26.882;    88.366; 
 243;     1.914;    26.883;    88.366; 
 244;     1.902;    26.884;    88.366; 
 245;     1.893;    26.885;    88.366; 
 246;     1.883;    26.886;    88.366; 
 247;     1.876;    26.886;    88.366; 
 248;     1.869;    26.887;    88.366; 
 249;     1.864;    26.887;    88.366; 
 250;     1.859;    26.887;    88.366; 
 251;     1.853;    26.886;    88.366; 
 252;     1.846;    26.886;    88.366; 
 253;     1.841;    26.886;    88.366; 
 254;     1.836;    26.886;    88.366; 
 255;     1.831;    26.885;    88.366; 
 256;     1.826;    26.884;    88.366; 
 257;     1.821;    26.884;    88.366; 
 258;     1.816;    26.883;    88.366; 
 259;     1.812;    26.882;    88.366; 
 260;     1.807;    26.881;    88.366; 
 261;     1.801;    26.879;    88.366; 
 262;     1.797;    26.878;    88.366; 
 263;     1.792;    26.877;    88.366; 
 264;     1.787;    26.875;    88.366; 
 265;     1.782;    26.873;    88.366; 
 266;     1.781;    26.873;    88.366; 
 267;     1.778;    26.871;    88.366; 
 268;     1.772;    26.869;    88.366; 
 269;     1.770;    26.868;    88.366; 
 270;     1.767;    26.866;    88.366; 
 271;     1.762;    26.864;    88.366; 
 272;     1.760;    26.862;    88.366; 
 273;     1.755;    26.859;    88.366; 
 274;     1.749;    26.855;    88.366; 
 275;     1.742;    26.850;    88.366; 
 276;     1.735;    26.846;    88.366; 
 277;     1.732;    26.844;    88.366; 
 278;     1.729;    26.841;    88.366; 
 279;     1.726;    26.838;    88.366; 
 280;     1.723;    26.836;    88.366; 
 281;     1.720;    26.833;    88.366; 
 282;     1.717;    26.830;    88.366; 
 283;     1.712;    26.825;    88.366; 
 284;     1.714;    26.827;    88.366; 
 285;     1.708;    26.820;    88.366; 
 286;     1.707;    26.819;    88.366; 
 287;     1.704;    26.815;    88.366; 
 288;     1.701;    26.810;    88.366; 
 289;     1.696;    26.804;    88.366; 
 290;     1.689;    26.794;    88.366; 
 291;     1.682;    26.786;    88.366; 
 292;     1.679;    26.781;    88.366; 
 293;     1.676;    26.776;    88.366; 
 294;     1.673;    26.771;    88.366; 
 295;     1.672;    26.770;    88.366; 
 296;     1.669;    26.763;    88.366; 
 297;     1.667;    26.760;    88.366; 
 298;     1.662;    26.749;    88.366; 
 299;     1.660;    26.745;    88.366; 
 300;     1.653;    26.733;    88.366; 
 301;     1.646;    26.719;    88.366; 
 302;     1.644;    26.714;    88.366; 
 303;     1.637;    26.701;    88.366; 
 304;     1.634;    26.695;    88.366; 
 305;     1.627;    26.681;    88.366; 
 306;     1.622;    26.671;    88.366; 
 307;     1.618;    26.662;    88.366; 
 308;     1.613;    26.654;    88.366; 
 309;     1.607;    26.641;    88.366; 
 310;     1.604;    26.635;    88.366; 
 311;     1.599;    26.626;    88.366; 
 312;     1.596;    26.620;    88.366; 
 313;     1.593;    26.614;    88.366; 
 314;     1.588;    26.602;    88.366; 
 315;     1.583;    26.592;    88.366; 
 316;     1.577;    26.581;    88.366; 
 317;     1.571;    26.568;    88.366; 
 318;     1.568;    26.562;    88.366; 
 319;     1.563;    26.552;    88.366; 
 320;     1.560;    26.545;    88.366; 
 321;     1.556;    26.537;    88.366; 
 322;     1.551;    26.526;    88.366; 
 323;     1.547;    26.518;    88.366; 
 324;     1.543;    26.509;    88.366; 
 325;     1.538;    26.499;    88.366; 
 326;     1.533;    26.489;    88.366; 
 327;     1.524;    26.472;    88.366; 
 328;     1.523;    26.468;    88.366; 
 329;     1.521;    26.464;    88.366; 
 330;     1.516;    26.454;    88.366; 
 331;     1.509;    26.439;    88.366; 
 332;     1.505;    26.431;    88.366; 
 333;     1.501;    26.423;    88.366; 
 334;     1.498;    26.416;    88.366; 
 335;     1.493;    26.406;    88.366; 
 336;     1.487;    26.392;    88.366; 
 337;     1.482;    26.382;    88.366; 
 338;     1.477;    26.372;    88.366; 
 339;     1.473;    26.364;    88.366; 
 340;     1.470;    26.356;    88.366; 
 341;     1.464;    26.345;    88.366; 
 342;     1.460;    26.336;    88.366; 
 343;     1.456;    26.327;    88.366; 
 344;     1.453;    26.320;    88.366; 
 345;     1.448;    26.310;    88.366; 
 346;     1.444;    26.301;    88.366; 
 347;     1.440;    26.291;    88.366; 
 348;     1.436;    26.283;    88.366; 
 349;     1.431;    26.272;    88.366; 
 350;     1.425;    26.259;    88.366; 
 351;     1.422;    26.252;    88.366; 
 352;     1.417;    26.242;    88.366; 
 353;     1.415;    26.237;    88.366; 
 354;     1.412;    26.229;    88.366; 
 355;     1.409;    26.222;    88.366; 
 356;     1.404;    26.210;    88.366; 
 357;     1.397;    26.196;    88.366; 
 358;     1.391;    26.183;    88.366; 
 359;     1.388;    26.175;    88.366; 
 360;     1.385;    26.169;    88.366; 
 361;     1.379;    26.156;    88.366; 
 362;     1.376;    26.148;    88.366; 
 363;     1.368;    26.131;    88.366; 
 364;     1.366;    26.127;    88.366; 
 365;     1.365;    26.124;    88.366; 
 366;     1.361;    26.115;    88.366; 
 367;     1.356;    26.104;    88.366; 
 368;     1.351;    26.091;    88.366; 
 369;     1.344;    26.075;    88.366; 
 370;     1.339;    26.066;    88.366; 
 371;     1.335;    26.056;    88.366; 
 372;     1.334;    26.055;    88.366; 
 373;     1.330;    26.046;    88.366; 
 374;     1.330;    26.045;    88.366; 
 375;     1.321;    26.024;    88.366; 
 376;     1.317;    26.013;    88.366; 
 377;     1.312;    26.003;    88.366; 
 378;     1.308;    25.993;    88.366; 
 379;     1.305;    25.986;    88.366; 
 380;     1.302;    25.979;    88.366; 
 381;     1.297;    25.967;    88.366; 
 382;     1.294;    25.960;    88.366; 
 383;     1.290;    25.952;    88.366; 
 384;     1.286;    25.941;    88.366; 
 385;     1.281;    25.929;    88.366; 
 386;     1.276;    25.919;    88.366; 
 387;     1.274;    25.914;    88.366; 
 388;     1.271;    25.905;    88.366; 
 389;     1.265;    25.892;    88.366; 
 390;     1.262;    25.883;    88.366; 
 391;     1.257;    25.871;    88.366; 
 392;     1.253;    25.863;    88.366; 
 393;     1.250;    25.854;    88.366; 
 394;     1.245;    25.843;    88.366; 
 395;     1.239;    25.829;    88.366; 
 396;     1.235;    25.819;    88.366; 
 397;     1.232;    25.812;    88.366; 
 398;     1.229;    25.806;    88.366; 
 399;     1.227;    25.799;    88.366; 
 400;     1.224;    25.791;    88.366; 
 401;     1.219;    25.780;    88.366; 
 402;     1.218;    25.775;    88.366; 
 403;     1.216;    25.769;    88.366; 
 404;     1.212;    25.757;    88.366; 
 405;     1.206;    25.742;    88.366; 
 406;     1.201;    25.730;    88.366; 
 407;     1.198;    25.720;    88.366; 
 408;     1.197;    25.716;    88.366; 
 409;     1.189;    25.697;    88.366; 
 410;     1.180;    25.677;    88.366; 
 411;     1.177;    25.669;    88.366; 
 412;     1.174;    25.661;    88.366; 
 413;     1.173;    25.659;    88.366; 
 414;     1.171;    25.653;    88.366; 
 415;     1.169;    25.648;    88.366; 
 416;     1.166;    25.638;    88.366; 
 417;     1.160;    25.623;    88.366; 
 418;     1.156;    25.612;    88.366; 
 419;     1.152;    25.600;    88.366; 
 420;     1.149;    25.594;    88.366; 
 421;     1.145;    25.583;    88.366; 
 422;     1.142;    25.572;    88.366; 
 423;     1.139;    25.566;    88.366; 
 424;     1.134;    25.551;    88.366; 
 425;     1.131;    25.543;    88.366; 
 426;     1.128;    25.535;    88.366; 
 427;     1.124;    25.524;    88.366; 
 428;     1.121;    25.515;    88.366; 
 429;     1.117;    25.503;    88.366; 
 430;     1.114;    25.494;    88.366; 
 431;     1.109;    25.482;    88.366; 
 432;     1.108;    25.478;    88.366; 
 433;     1.104;    25.465;    88.366; 
 434;     1.101;    25.457;    88.366; 
 435;     1.097;    25.447;    88.366; 
 436;     1.096;    25.441;    88.366; 
 437;     1.093;    25.434;    88.366; 
 438;     1.089;    25.421;    88.366; 
 439;     1.083;    25.404;    88.366; 
 440;     1.077;    25.387;    88.366; 
 441;     1.073;    25.378;    88.366; 
 442;     1.074;    25.379;    88.366; 
 443;     1.070;    25.369;    88.366; 
 444;     1.068;    25.362;    88.366; 
 445;     1.066;    25.356;    88.366; 
 446;     1.063;    25.345;    88.366; 
 447;     1.057;    25.329;    88.366; 
 448;     1.055;    25.321;    88.366; 
 449;     1.053;    25.314;    88.366; 
 450;     1.051;    25.308;    88.366; 
 451;     1.049;    25.302;    88.366; 
 452;     1.049;    25.300;    88.366; 
 453;     1.047;    25.290;    88.366; 
 454;     1.039;    25.264;    88.366; 
 455;     1.031;    25.242;    88.366; 
 456;     1.024;    25.222;    88.366; 
 457;     1.023;    25.221;    88.366; 
 458;     1.024;    25.221;    88.366; 
 459;     1.022;    25.215;    88.366; 
 460;     1.021;    25.211;    88.366; 
 461;     1.017;    25.197;    88.366; 
 462;     1.010;    25.176;    88.366; 
 463;     1.008;    25.169;    88.366; 
 464;     1.007;    25.166;    88.366; 
 465;     1.007;    25.163;    88.366; 
 466;     1.006;    25.160;    88.366; 
 467;     1.003;    25.147;    88.366; 
 468;      .998;    25.128;    88.366; 
 469;      .988;    25.099;    88.366; 
 470;      .987;    25.096;    88.366; 
 471;      .984;    25.086;    88.366; 
 472;      .983;    25.082;    88.366; 
 473;      .980;    25.073;    88.366; 
 474;      .978;    25.066;    88.366; 
 475;      .975;    25.055;    88.366; 
 476;      .973;    25.047;    88.366; 
 477;      .969;    25.035;    88.366; 
 478;      .968;    25.029;    88.366; 
 479;      .966;    25.021;    88.366; 
 480;      .963;    25.011;    88.366; 
 481;      .961;    25.002;    88.366; 
 482;      .957;    24.988;    88.366; 
 483;      .954;    24.976;    88.366; 
 484;      .949;    24.961;    88.366; 
 485;      .948;    24.956;    88.366; 
 486;      .947;    24.952;    88.366; 
 487;      .945;    24.945;    88.366; 
 488;      .942;    24.931;    88.366; 
 489;      .939;    24.918;    88.366; 
 490;      .933;    24.897;    88.366; 
 491;      .930;    24.888;    88.366; 
 492;      .926;    24.877;    88.366; 
 493;      .910;    24.837;    88.366; 
 494;      .891;    24.803;    88.366; 
 495;      .876;    24.782;    88.366; 
 496;      .860;    24.761;    88.366; 
 497;      .804;    24.710;    88.366; 
 498;      .700;    24.666;    88.366; 
 499;      .644;    24.661;    88.366; 
 500;      .620;    24.661;    88.366; 
 501;      .614;    24.661;    88.366; 
 502;      .611;    24.661;    88.366; 
 503;      .605;    24.661;    88.366; 
 504;      .596;    24.661;    88.366; 
 505;      .585;    24.660;    88.366; 
 506;      .557;    24.661;    88.366; 
 507;      .532;    24.663;    88.366; 
 508;      .522;    24.664;    88.366; 
 509;      .514;    24.664;    88.366; 
 510;      .509;    24.665;    88.366; 
 511;      .505;    24.665;    88.366; 
 512;      .502;    24.665;    88.366; 
 513;      .497;    24.665;    88.366; 
 514;      .484;    24.665;    88.366; 
 515;      .467;    24.665;    88.366; 
 516;      .451;    24.665;    88.366; 
 517;      .442;    24.666;    88.366; 
 518;      .436;    24.666;    88.366; 
 519;      .425;    24.666;    88.366; 
 520;      .414;    24.666;    88.366; 
 521;      .402;    24.667;    88.366; 
 522;      .386;    24.667;    88.366; 
 523;      .376;    24.668;    88.366; 
 524;      .366;    24.668;    88.366; 
 525;      .363;    24.668;    88.366; 
 526;      .356;    24.668;    88.366; 
 527;      .352;    24.668;    88.366; 
 528;      .350;    24.668;    88.366; 
 529;      .336;    24.667;    88.366; 
 530;      .304;    24.667;    88.366; 
 531;      .278;    24.669;    88.366; 
 532;      .267;    24.671;    88.366; 
 533;      .241;    24.675;    88.366; 
 534;      .192;    24.688;    88.366; 
 535;      .129;    24.720;    88.366; 
 536;      .025;    24.863;    88.366; 
 537;      .023;    24.870;    88.366; 
 538;      .020;    24.876;    88.366; 
 539;      .017;    24.885;    88.366; 
 540;      .015;    24.891;    88.366; 
 541;      .014;    24.893;    88.366; 
 542;      .008;    24.907;    88.366; 
 543;     -.002;    24.940;    88.366; 
 544;     -.010;    24.979;    88.366; 
 545;     -.012;    24.989;    88.366; 
 546;     -.013;    24.996;    88.366; 
 547;     -.014;    25.001;    88.366; 
 548;     -.015;    25.004;    88.366; 
 549;     -.016;    25.008;    88.366; 
 550;     -.018;    25.014;    88.366; 
 551;     -.019;    25.018;    88.366; 
 552;     -.021;    25.025;    88.366; 
 553;     -.022;    25.026;    88.366; 
 554;     -.027;    25.040;    88.366; 
 555;     -.037;    25.080;    88.366; 
 556;     -.041;    25.106;    88.366; 
 557;     -.042;    25.115;    88.366; 
 558;     -.044;    25.122;    88.366; 
 559;     -.045;    25.130;    88.366; 
 560;     -.045;    25.131;    88.366; 
 561;     -.047;    25.137;    88.366; 
 562;     -.048;    25.143;    88.366; 
 563;     -.052;    25.157;    88.366; 
 564;     -.054;    25.166;    88.366; 
 565;     -.056;    25.171;    88.366; 
 566;     -.058;    25.179;    88.366; 
 567;     -.062;    25.193;    88.366; 
 568;     -.065;    25.206;    88.366; 
 569;     -.068;    25.218;    88.366; 
 570;     -.070;    25.227;    88.366; 
 571;     -.073;    25.237;    88.366; 
 572;     -.075;    25.246;    88.366; 
 573;     -.078;    25.259;    88.366; 
 574;     -.079;    25.263;    88.366; 
 575;     -.083;    25.277;    88.366; 
 576;     -.086;    25.287;    88.366; 
 577;     -.088;    25.296;    88.366; 
 578;     -.091;    25.310;    88.366; 
 579;     -.093;    25.314;    88.366; 
 580;     -.095;    25.322;    88.366; 
 581;     -.098;    25.332;    88.366; 
 582;     -.100;    25.340;    88.366; 
 583;     -.103;    25.349;    88.366; 
 584;     -.105;    25.358;    88.366; 
 585;     -.109;    25.369;    88.366; 
 586;     -.111;    25.378;    88.366; 
 587;     -.115;    25.391;    88.366; 
 588;     -.117;    25.399;    88.366; 
 589;     -.120;    25.408;    88.366; 
 590;     -.123;    25.419;    88.366; 
 591;     -.126;    25.428;    88.366; 
 592;     -.130;    25.441;    88.366; 
 593;     -.132;    25.447;    88.366; 
 594;     -.136;    25.461;    88.366; 
 595;     -.138;    25.468;    88.366; 
 596;     -.140;    25.475;    88.366; 
 597;     -.143;    25.485;    88.366; 
 598;     -.147;    25.498;    88.366; 
 599;     -.150;    25.507;    88.366; 
 600;     -.154;    25.521;    88.366; 
 601;     -.156;    25.528;    88.366; 
 602;     -.159;    25.538;    88.366; 
 603;     -.164;    25.552;    88.366; 
 604;     -.166;    25.558;    88.366; 
 605;     -.169;    25.569;    88.366; 
 606;     -.171;    25.575;    88.366; 
 607;     -.173;    25.583;    88.366; 
 608;     -.177;    25.592;    88.366; 
 609;     -.180;    25.602;    88.366; 
 610;     -.184;    25.614;    88.366; 
 611;     -.187;    25.625;    88.366; 
 612;     -.192;    25.638;    88.366; 
 613;     -.194;    25.646;    88.366; 
 614;     -.196;    25.651;    88.366; 
 615;     -.199;    25.661;    88.366; 
 616;     -.203;    25.671;    88.366; 
 617;     -.206;    25.679;    88.366; 
 618;     -.209;    25.687;    88.366; 
 619;     -.211;    25.693;    88.366; 
 620;     -.214;    25.701;    88.366; 
 621;     -.220;    25.717;    88.366; 
 622;     -.224;    25.730;    88.366; 
 623;     -.231;    25.751;    88.366; 
 624;     -.232;    25.756;    88.366; 
 625;     -.235;    25.764;    88.366; 
 626;     -.237;    25.770;    88.366; 
 627;     -.241;    25.783;    88.366; 
 628;     -.245;    25.794;    88.366; 
 629;     -.248;    25.805;    88.366; 
 630;     -.250;    25.811;    88.366; 
 631;     -.253;    25.817;    88.366; 
 632;     -.256;    25.826;    88.366; 
 633;     -.259;    25.834;    88.366; 
 634;     -.263;    25.846;    88.366; 
 635;     -.265;    25.852;    88.366; 
 636;     -.269;    25.861;    88.366; 
 637;     -.273;    25.873;    88.366; 
 638;     -.275;    25.878;    88.366; 
 639;     -.277;    25.882;    88.366; 
 640;     -.279;    25.887;    88.366; 
 641;     -.290;    25.915;    88.366; 
 642;     -.297;    25.937;    88.366; 
 643;     -.298;    25.941;    88.366; 
 644;     -.301;    25.948;    88.366; 
 645;     -.304;    25.958;    88.366; 
 646;     -.307;    25.967;    88.366; 
 647;     -.311;    25.978;    88.366; 
 648;     -.315;    25.988;    88.366; 
 649;     -.317;    25.993;    88.366; 
 650;     -.321;    26.004;    88.366; 
 651;     -.325;    26.014;    88.366; 
 652;     -.326;    26.017;    88.366; 
 653;     -.329;    26.025;    88.366; 
 654;     -.332;    26.032;    88.366; 
 655;     -.338;    26.046;    88.366; 
 656;     -.344;    26.060;    88.366; 
 657;     -.348;    26.072;    88.366; 
 658;     -.353;    26.085;    88.366; 
 659;     -.356;    26.094;    88.366; 
 660;     -.360;    26.102;    88.366; 
 661;     -.362;    26.108;    88.366; 
 662;     -.365;    26.115;    88.366; 
 663;     -.369;    26.126;    88.366; 
 664;     -.375;    26.140;    88.366; 
 665;     -.379;    26.151;    88.366; 
 666;     -.382;    26.157;    88.366; 
 667;     -.386;    26.169;    88.366; 
 668;     -.389;    26.175;    88.366; 
 669;     -.393;    26.184;    88.366; 
 670;     -.397;    26.195;    88.366; 
 671;     -.400;    26.203;    88.366; 
 672;     -.405;    26.214;    88.366; 
 673;     -.408;    26.221;    88.366; 
 674;     -.413;    26.232;    88.366; 
 675;     -.417;    26.242;    88.366; 
 676;     -.422;    26.254;    88.366; 
 677;     -.425;    26.263;    88.366; 
 678;     -.429;    26.273;    88.366; 
 679;     -.433;    26.281;    88.366; 
 680;     -.437;    26.291;    88.366; 
 681;     -.441;    26.300;    88.366; 
 682;     -.446;    26.311;    88.366; 
 683;     -.449;    26.320;    88.366; 
 684;     -.454;    26.330;    88.366; 
 685;     -.457;    26.337;    88.366; 
 686;     -.462;    26.349;    88.366; 
 687;     -.467;    26.362;    88.366; 
 688;     -.472;    26.373;    88.366; 
 689;     -.473;    26.376;    88.366; 
 690;     -.476;    26.383;    88.366; 
 691;     -.479;    26.389;    88.366; 
 692;     -.485;    26.402;    88.366; 
 693;     -.492;    26.419;    88.366; 
 694;     -.497;    26.429;    88.366; 
 695;     -.501;    26.441;    88.366; 
 696;     -.504;    26.446;    88.366; 
 697;     -.507;    26.453;    88.366; 
 698;     -.511;    26.462;    88.366; 
 699;     -.515;    26.472;    88.366; 
 700;     -.519;    26.480;    88.366; 
 701;     -.524;    26.492;    88.366; 
 702;     -.528;    26.500;    88.366; 
 703;     -.532;    26.510;    88.366; 
 704;     -.534;    26.515;    88.366; 
 705;     -.541;    26.529;    88.366; 
 706;     -.546;    26.541;    88.366; 
 707;     -.549;    26.549;    88.366; 
 708;     -.553;    26.557;    88.366; 
 709;     -.556;    26.563;    88.366; 
 710;     -.562;    26.576;    88.366; 
 711;     -.566;    26.585;    88.366; 
 712;     -.570;    26.595;    88.366; 
 713;     -.577;    26.610;    88.366; 
 714;     -.580;    26.618;    88.366; 
 715;     -.583;    26.623;    88.366; 
 716;     -.586;    26.629;    88.366; 
 717;     -.588;    26.634;    88.366; 
 718;     -.592;    26.641;    88.366; 
 719;     -.599;    26.655;    88.366; 
 720;     -.606;    26.669;    88.366; 
 721;     -.612;    26.683;    88.366; 
 722;     -.620;    26.701;    88.366; 
 723;     -.622;    26.706;    88.366; 
 724;     -.626;    26.716;    88.366; 
 725;     -.630;    26.725;    88.366; 
 726;     -.633;    26.731;    88.366; 
 727;     -.638;    26.742;    88.366; 
 728;     -.640;    26.747;    88.366; 
 729;     -.645;    26.758;    88.366; 
 730;     -.647;    26.761;    88.366; 
 731;     -.650;    26.767;    88.366; 
 732;     -.657;    26.781;    88.366; 
 733;     -.661;    26.790;    88.366; 
 734;     -.666;    26.801;    88.366; 
 735;     -.670;    26.808;    88.366; 
 736;     -.674;    26.815;    88.366; 
 737;     -.676;    26.819;    88.366; 
 738;     -.679;    26.824;    88.366; 
 739;     -.682;    26.828;    88.366; 
 740;     -.686;    26.834;    88.366; 
 741;     -.690;    26.840;    88.366; 
 742;     -.691;    26.842;    88.366; 
 743;     -.697;    26.849;    88.366; 
 744;     -.699;    26.852;    88.366; 
 745;     -.702;    26.856;    88.366; 
 746;     -.706;    26.860;    88.366; 
 747;     -.706;    26.860;    88.366; 
 748;     -.710;    26.865;    88.366; 
 749;     -.713;    26.868;    88.366; 
 750;     -.719;    26.873;    88.366; 
 751;     -.720;    26.874;    88.366; 
 752;     -.724;    26.877;    88.366; 
 753;     -.729;    26.881;    88.366; 
 754;     -.731;    26.883;    88.366; 
 755;     -.734;    26.885;    88.366; 
 756;     -.736;    26.885;    88.366; 
 757;     -.739;    26.887;    88.366; 
 758;     -.743;    26.889;    88.366; 
 759;     -.750;    26.894;    88.366; 
 760;     -.756;    26.897;    88.366; 
 761;     -.765;    26.902;    88.366; 
 762;     -.774;    26.907;    88.366; 
 763;     -.776;    26.907;    88.366; 
 764;     -.777;    26.907;    88.366; 
 765;     -.781;    26.909;    88.366; 
 766;     -.784;    26.910;    88.366; 
 767;     -.786;    26.910;    88.366; 
 768;     -.790;    26.911;    88.366; 
 769;     -.791;    26.911;    88.366; 
 770;     -.800;    26.914;    88.366; 
 771;     -.810;    26.916;    88.366; 
 772;     -.816;    26.918;    88.366; 
 773;     -.819;    26.918;    88.366; 
 774;     -.823;    26.919;    88.366; 
 775;     -.828;    26.920;    88.366; 
 776;     -.835;    26.921;    88.366; 
 777;     -.840;    26.921;    88.366; 
 778;     -.847;    26.922;    88.366; 
 779;     -.852;    26.922;    88.366; 
 780;     -.858;    26.923;    88.366; 
 781;     -.863;    26.923;    88.366; 
 782;     -.870;    26.923;    88.366; 
 783;     -.876;    26.923;    88.366; 
 784;     -.883;    26.923;    88.366; 
 785;     -.892;    26.922;    88.366; 
 786;     -.900;    26.922;    88.366; 
 787;     -.908;    26.922;    88.366; 
 788;     -.918;    26.921;    88.366; 
 789;     -.929;    26.921;    88.366; 
 790;     -.940;    26.920;    88.366; 
 791;     -.950;    26.920;    88.366; 
 792;     -.960;    26.920;    88.366; 
 793;     -.972;    26.919;    88.366; 
 794;     -.983;    26.919;    88.366; 
 795;     -.994;    26.918;    88.366; 
 796;    -1.005;    26.918;    88.366; 
 797;    -1.015;    26.918;    88.366; 
 798;    -1.031;    26.917;    88.366; 
 799;    -1.044;    26.917;    88.366; 
 800;    -1.057;    26.917;    88.366; 
 801;    -1.063;    26.917;    88.366; 
 802;    -1.071;    26.917;    88.366; 
 803;    -1.076;    26.917;    88.366; 
 804;    -1.081;    26.916;    88.366; 
 805;    -1.086;    26.916;    88.366; 
 806;    -1.095;    26.915;    88.366; 
 807;    -1.102;    26.914;    88.366; 
 808;    -1.115;    26.913;    88.366; 
 809;    -1.132;    26.912;    88.366; 
 810;    -1.146;    26.911;    88.366; 
 811;    -1.160;    26.911;    88.366; 
 812;    -1.169;    26.911;    88.366; 
 813;    -1.179;    26.910;    88.366; 
 814;    -1.190;    26.910;    88.366; 
 815;    -1.202;    26.909;    88.366; 
 816;    -1.215;    26.909;    88.366; 
 817;    -1.223;    26.909;    88.366; 
 818;    -1.232;    26.908;    88.366; 
 819;    -1.243;    26.908;    88.366; 
 820;    -1.252;    26.907;    88.366; 
 821;    -1.267;    26.907;    88.366; 
 822;    -1.278;    26.906;    88.366; 
 823;    -1.288;    26.906;    88.366; 
 824;    -1.298;    26.906;    88.366; 
 825;    -1.309;    26.905;    88.366; 
 826;    -1.320;    26.905;    88.366; 
 827;    -1.330;    26.905;    88.366; 
 828;    -1.340;    26.904;    88.366; 
 829;    -1.349;    26.904;    88.366; 
 830;    -1.356;    26.903;    88.366; 
 831;    -1.360;    26.903;    88.366; 
 832;    -1.372;    26.902;    88.366; 
 833;    -1.381;    26.901;    88.366; 
 834;    -1.390;    26.900;    88.366; 
 835;    -1.396;    26.899;    88.366; 
 836;    -1.402;    26.899;    88.366; 
 837;    -1.407;    26.898;    88.366; 
 838;    -1.414;    26.896;    88.366; 
 839;    -1.419;    26.895;    88.366; 
 840;    -1.423;    26.894;    88.366; 
 841;    -1.427;    26.893;    88.366; 
 842;    -1.430;    26.892;    88.366; 
 843;    -1.434;    26.891;    88.366; 
 844;    -1.437;    26.890;    88.366; 
 845;    -1.444;    26.887;    88.366; 
 846;    -1.451;    26.884;    88.366; 
 847;    -1.453;    26.883;    88.366; 
 848;    -1.458;    26.881;    88.366; 
 849;    -1.464;    26.878;    88.366; 
 850;    -1.472;    26.874;    88.366; 
 851;    -1.477;    26.872;    88.366; 
 852;    -1.484;    26.868;    88.366; 
 853;    -1.487;    26.867;    88.366; 
 854;    -1.489;    26.865;    88.366; 
 855;    -1.492;    26.863;    88.366; 
 856;    -1.495;    26.861;    88.366; 
 857;    -1.497;    26.859;    88.366; 
 858;    -1.501;    26.856;    88.366; 
 859;    -1.506;    26.852;    88.366; 
 860;    -1.507;    26.851;    88.366; 
 861;    -1.513;    26.846;    88.366; 
 862;    -1.513;    26.845;    88.366; 
 863;    -1.518;    26.840;    88.366; 
 864;    -1.519;    26.838;    88.366; 
 865;    -1.524;    26.833;    88.366; 
 866;    -1.527;    26.829;    88.366; 
 867;    -1.532;    26.823;    88.366; 
 868;    -1.537;    26.817;    88.366; 
 869;    -1.538;    26.816;    88.366; 
 870;    -1.544;    26.808;    88.366; 
 871;    -1.545;    26.806;    88.366; 
 872;    -1.551;    26.797;    88.366; 
 873;    -1.553;    26.793;    88.366; 
 874;    -1.559;    26.784;    88.366; 
 875;    -1.560;    26.783;    88.366; 
 876;    -1.565;    26.773;    88.366; 
 877;    -1.568;    26.768;    88.366; 
 878;    -1.569;    26.765;    88.366; 
 879;    -1.573;    26.757;    88.366; 
 880;    -1.574;    26.754;    88.366; 
 881;    -1.577;    26.748;    88.366; 
 882;    -1.580;    26.741;    88.366; 
 883;    -1.581;    26.736;    88.366; 
 884;    -1.580;    26.739;    88.366; 
 885;    -1.583;    26.731;    88.366; 
 886;    -1.583;    26.728;    88.366; 
 887;    -1.584;    26.723;    88.366; 
 888;    -1.590;    26.704;    88.366; 
 889;    -1.599;    26.677;    88.366; 
 890;    -1.605;    26.661;    88.366; 
 891;    -1.609;    26.650;    88.366; 
 892;    -1.611;    26.645;    88.366; 
 893;    -1.613;    26.638;    88.366; 
 894;    -1.615;    26.633;    88.366; 
 895;    -1.617;    26.626;    88.366; 
 896;    -1.620;    26.616;    88.366; 
 897;    -1.626;    26.600;    88.366; 
 898;    -1.633;    26.581;    88.366; 
 899;    -1.637;    26.571;    88.366; 
 900;    -1.639;    26.566;    88.366; 
 901;    -1.640;    26.563;    88.366; 
 902;    -1.643;    26.553;    88.366; 
 903;    -1.645;    26.546;    88.366; 
 904;    -1.651;    26.529;    88.366; 
 905;    -1.654;    26.520;    88.366; 
 906;    -1.660;    26.505;    88.366; 
 907;    -1.662;    26.498;    88.366; 
 908;    -1.666;    26.486;    88.366; 
 909;    -1.668;    26.481;    88.366; 
 910;    -1.672;    26.469;    88.366; 
 911;    -1.677;    26.456;    88.366; 
 912;    -1.680;    26.446;    88.366; 
 913;    -1.683;    26.438;    88.366; 
 914;    -1.687;    26.429;    88.366; 
 915;    -1.689;    26.420;    88.366; 
 916;    -1.693;    26.410;    88.366; 
 917;    -1.696;    26.401;    88.366; 
 918;    -1.699;    26.392;    88.366; 
 919;    -1.703;    26.380;    88.366; 
 920;    -1.707;    26.368;    88.366; 
 921;    -1.711;    26.358;    88.366; 
 922;    -1.714;    26.348;    88.366; 
 923;    -1.716;    26.341;    88.366; 
 924;    -1.720;    26.331;    88.366; 
 925;    -1.723;    26.321;    88.366; 
 926;    -1.727;    26.310;    88.366; 
 927;    -1.728;    26.305;    88.366; 
 928;    -1.731;    26.294;    88.366; 
 929;    -1.735;    26.283;    88.366; 
 930;    -1.739;    26.271;    88.366; 
 931;    -1.742;    26.262;    88.366; 
 932;    -1.744;    26.254;    88.366; 
 933;    -1.748;    26.242;    88.366; 
 934;    -1.751;    26.233;    88.366; 
 935;    -1.755;    26.220;    88.366; 
 936;    -1.760;    26.207;    88.366; 
 937;    -1.763;    26.198;    88.366; 
 938;    -1.765;    26.190;    88.366; 
 939;    -1.768;    26.180;    88.366; 
 940;    -1.771;    26.172;    88.366; 
 941;    -1.773;    26.164;    88.366; 
 942;    -1.776;    26.156;    88.366; 
 943;    -1.778;    26.147;    88.366; 
 944;    -1.783;    26.132;    88.366; 
 945;    -1.786;    26.122;    88.366; 
 946;    -1.790;    26.110;    88.366; 
 947;    -1.794;    26.099;    88.366; 
 948;    -1.797;    26.090;    88.366; 
 949;    -1.799;    26.083;    88.366; 
 950;    -1.802;    26.072;    88.366; 
 951;    -1.803;    26.068;    88.366; 
 952;    -1.805;    26.062;    88.366; 
 953;    -1.807;    26.051;    88.366; 
 954;    -1.811;    26.039;    88.366; 
 955;    -1.816;    26.022;    88.366; 
 956;    -1.820;    26.009;    88.366; 
 957;    -1.822;    26.000;    88.366; 
 958;    -1.827;    25.986;    88.366; 
 959;    -1.828;    25.982;    88.366; 
 960;    -1.830;    25.976;    88.366; 
 961;    -1.834;    25.961;    88.366; 
 962;    -1.837;    25.953;    88.366; 
 963;    -1.839;    25.944;    88.366; 
 964;    -1.842;    25.934;    88.366; 
 965;    -1.846;    25.920;    88.366; 
 966;    -1.848;    25.913;    88.366; 
 967;    -1.850;    25.907;    88.366; 
 968;    -1.854;    25.894;    88.366; 
 969;    -1.855;    25.890;    88.366; 
 970;    -1.858;    25.878;    88.366; 
 971;    -1.862;    25.864;    88.366; 
 972;    -1.865;    25.854;    88.366; 
 973;    -1.865;    25.851;    88.366; 
 974;    -1.868;    25.841;    88.366; 
 975;    -1.869;    25.836;    88.366; 
 976;    -1.872;    25.822;    88.366; 
 977;    -1.874;    25.813;    88.366; 
 978;    -1.877;    25.800;    88.366; 
 979;    -1.882;    25.783;    88.366; 
 980;    -1.887;    25.766;    88.366; 
 981;    -1.891;    25.754;    88.366; 
 982;    -1.895;    25.744;    88.366; 
 983;    -1.899;    25.731;    88.366; 
 984;    -1.900;    25.728;    88.366; 
 985;    -1.901;    25.722;    88.366; 
 986;    -1.903;    25.714;    88.366; 
 987;    -1.906;    25.706;    88.366; 
 988;    -1.908;    25.698;    88.366; 
 989;    -1.911;    25.686;    88.366; 
 990;    -1.913;    25.677;    88.366; 
 991;    -1.915;    25.666;    88.366; 
 992;    -1.917;    25.658;    88.366; 
 993;    -1.919;    25.649;    88.366; 
 994;    -1.922;    25.638;    88.366; 
 995;    -1.924;    25.629;    88.366; 
 996;    -1.925;    25.623;    88.366; 
 997;    -1.929;    25.607;    88.366; 
 998;    -1.934;    25.587;    88.366; 
 999;    -1.938;    25.572;    88.366; 
1000;    -1.939;    25.568;    88.366; 
1001;    -1.942;    25.558;    88.366; 
1002;    -1.945;    25.547;    88.366; 
1003;    -1.947;    25.539;    88.366; 
1004;    -1.949;    25.530;    88.366; 
1005;    -1.951;    25.521;    88.366; 
1006;    -1.954;    25.509;    88.366; 
1007;    -1.956;    25.502;    88.366; 
1008;    -1.958;    25.494;    88.366; 
1009;    -1.959;    25.488;    88.366; 
1010;    -1.960;    25.481;    88.366; 
1011;    -1.961;    25.474;    88.366; 
1012;    -1.965;    25.457;    88.366; 
1013;    -1.971;    25.431;    88.366; 
1014;    -1.974;    25.419;    88.366; 
1015;    -1.975;    25.417;    88.366; 
1016;    -1.978;    25.405;    88.366; 
1017;    -1.980;    25.396;    88.366; 
1018;    -1.983;    25.384;    88.366; 
1019;    -1.984;    25.379;    88.366; 
1020;    -1.986;    25.371;    88.366; 
1021;    -1.987;    25.364;    88.366; 
1022;    -1.989;    25.353;    88.366; 
1023;    -1.992;    25.339;    88.366; 
1024;    -1.994;    25.329;    88.366; 
1025;    -1.995;    25.324;    88.366; 
1026;    -1.996;    25.318;    88.366; 
1027;    -1.999;    25.306;    88.366; 
1028;    -2.000;    25.296;    88.366; 
1029;    -2.003;    25.284;    88.366; 
1030;    -2.005;    25.275;    88.366; 
1031;    -2.008;    25.257;    88.366; 
1032;    -2.011;    25.248;    88.366; 
1033;    -2.012;    25.241;    88.366; 
1034;    -2.015;    25.227;    88.366; 
1035;    -2.015;    25.226;    88.366; 
1036;    -2.017;    25.215;    88.366; 
1037;    -2.018;    25.206;    88.366; 
1038;    -2.019;    25.198;    88.366; 
1039;    -2.021;    25.190;    88.366; 
1040;    -2.022;    25.181;    88.366; 
1041;    -2.024;    25.170;    88.366; 
1042;    -2.029;    25.141;    88.366; 
1043;    -2.032;    25.129;    88.366; 
1044;    -2.035;    25.118;    88.366; 
1045;    -2.036;    25.113;    88.366; 
1046;    -2.037;    25.107;    88.366; 
1047;    -2.039;    25.099;    88.366; 
1048;    -2.040;    25.093;    88.366; 
1049;    -2.039;    25.092;    88.366; 
1050;    -2.041;    25.083;    88.366; 
1051;    -2.042;    25.069;    88.366; 
1052;    -2.045;    25.051;    88.366; 
1053;    -2.049;    25.032;    88.366; 
1054;    -2.050;    25.027;    88.366; 
1055;    -2.051;    25.022;    88.366; 
1056;    -2.052;    25.011;    88.366; 
1057;    -2.053;    25.005;    88.366; 
1058;    -2.054;    24.997;    88.366; 
1059;    -2.056;    24.986;    88.366; 
1060;    -2.056;    24.983;    88.366; 
1061;    -2.056;    24.977;    88.366; 
1062;    -2.057;    24.972;    88.366; 
1063;    -2.058;    24.953;    88.366; 
1064;    -2.061;    24.932;    88.366; 
1065;    -2.064;    24.914;    88.366; 
1066;    -2.064;    24.911;    88.366; 
1067;    -2.065;    24.908;    88.366; 
1068;    -2.065;    24.901;    88.366; 
1069;    -2.070;    24.870;    88.366; 
1070;    -2.078;    24.839;    88.366; 
1071;    -2.080;    24.830;    88.366; 
1072;    -2.080;    24.829;    88.366; 
1073;    -2.081;    24.823;    88.366; 
1074;    -2.081;    24.821;    88.366; 
1075;    -2.084;    24.807;    88.366; 
1076;    -2.091;    24.779;    88.366; 
1077;    -2.099;    24.751;    88.366; 
1078;    -2.104;    24.738;    88.366; 
1079;    -2.112;    24.718;    88.366; 
1080;    -2.126;    24.688;    88.366; 
1081;    -2.168;    24.630;    88.366; 
1082;    -2.290;    24.556;    88.366; 
1083;    -2.330;    24.546;    88.366; 
1084;    -2.354;    24.543;    88.366; 
1085;    -2.363;    24.542;    88.366; 
1086;    -2.377;    24.540;    88.366; 
1087;    -2.391;    24.539;    88.366; 
1088;    -2.406;    24.537;    88.366; 
1089;    -2.418;    24.536;    88.366; 
1090;    -2.422;    24.536;    88.366; 
1091;    -2.425;    24.535;    88.366; 
1092;    -2.433;    24.534;    88.366; 
1093;    -2.448;    24.532;    88.366; 
1094;    -2.460;    24.531;    88.366; 
1095;    -2.477;    24.529;    88.366; 
1096;    -2.498;    24.528;    88.366; 
1097;    -2.507;    24.527;    88.366; 
1098;    -2.514;    24.527;    88.366; 
1099;    -2.519;    24.526;    88.366; 
1100;    -2.525;    24.526;    88.366; 
1101;    -2.529;    24.525;    88.366; 
1102;    -2.545;    24.523;    88.366; 
1103;    -2.565;    24.521;    88.366; 
1104;    -2.579;    24.521;    88.366; 
1105;    -2.586;    24.520;    88.366; 
1106;    -2.594;    24.519;    88.366; 
1107;    -2.601;    24.519;    88.366; 
1108;    -2.608;    24.518;    88.366; 
1109;    -2.622;    24.516;    88.366; 
1110;    -2.632;    24.515;    88.366; 
1111;    -2.636;    24.515;    88.366; 
1112;    -2.650;    24.513;    88.366; 
1113;    -2.657;    24.512;    88.366; 
1114;    -2.673;    24.510;    88.366; 
1115;    -2.698;    24.509;    88.366; 
1116;    -2.717;    24.508;    88.366; 
1117;    -2.736;    24.508;    88.366; 
1118;    -2.794;    24.517;    88.366; 
1119;    -2.888;    24.559;    88.366; 
1120;    -2.929;    24.594;    88.366; 
1121;    -2.986;    24.677;    88.366; 
1122;    -2.995;    24.699;    88.366; 
1123;    -3.000;    24.711;    88.366; 
1124;    -3.004;    24.721;    88.366; 
1125;    -3.007;    24.729;    88.366; 
1126;    -3.010;    24.737;    88.366; 
1127;    -3.016;    24.751;    88.366; 
1128;    -3.019;    24.760;    88.366; 
1129;    -3.024;    24.772;    88.366; 
1130;    -3.027;    24.782;    88.366; 
1131;    -3.031;    24.790;    88.366; 
1132;    -3.034;    24.797;    88.366; 
1133;    -3.040;    24.815;    88.366; 
1134;    -3.045;    24.828;    88.366; 
1135;    -3.049;    24.839;    88.366; 
1136;    -3.051;    24.847;    88.366; 
1137;    -3.053;    24.852;    88.366; 
1138;    -3.056;    24.857;    88.366; 
1139;    -3.061;    24.871;    88.366; 
1140;    -3.064;    24.879;    88.366; 
1141;    -3.070;    24.894;    88.366; 
1142;    -3.076;    24.914;    88.366; 
1143;    -3.079;    24.923;    88.366; 
1144;    -3.081;    24.928;    88.366; 
1145;    -3.083;    24.933;    88.366; 
1146;    -3.085;    24.940;    88.366; 
1147;    -3.087;    24.944;    88.366; 
1148;    -3.091;    24.953;    88.366; 
1149;    -3.094;    24.961;    88.366; 
1150;    -3.099;    24.974;    88.366; 
1151;    -3.103;    24.982;    88.366; 
1152;    -3.107;    24.994;    88.366; 
1153;    -3.112;    25.006;    88.366; 
1154;    -3.115;    25.013;    88.366; 
1155;    -3.119;    25.023;    88.366; 
1156;    -3.122;    25.030;    88.366; 
1157;    -3.125;    25.039;    88.366; 
1158;    -3.128;    25.046;    88.366; 
1159;    -3.132;    25.055;    88.366; 
1160;    -3.136;    25.065;    88.366; 
1161;    -3.138;    25.068;    88.366; 
1162;    -3.143;    25.080;    88.366; 
1163;    -3.150;    25.096;    88.366; 
1164;    -3.156;    25.111;    88.366; 
1165;    -3.159;    25.116;    88.366; 
1166;    -3.160;    25.120;    88.366; 
1167;    -3.163;    25.125;    88.366; 
1168;    -3.168;    25.137;    88.366; 
1169;    -3.179;    25.165;    88.366; 
1170;    -3.182;    25.172;    88.366; 
1171;    -3.184;    25.177;    88.366; 
1172;    -3.188;    25.187;    88.366; 
1173;    -3.190;    25.190;    88.366; 
1174;    -3.193;    25.198;    88.366; 
1175;    -3.197;    25.206;    88.366; 
1176;    -3.200;    25.212;    88.366; 
1177;    -3.204;    25.221;    88.366; 
1178;    -3.209;    25.231;    88.366; 
1179;    -3.214;    25.243;    88.366; 
1180;    -3.223;    25.262;    88.366; 
1181;    -3.226;    25.270;    88.366; 
1182;    -3.230;    25.279;    88.366; 
1183;    -3.232;    25.284;    88.366; 
1184;    -3.237;    25.294;    88.366; 
1185;    -3.241;    25.303;    88.366; 
1186;    -3.247;    25.317;    88.366; 
1187;    -3.250;    25.324;    88.366; 
1188;    -3.253;    25.329;    88.366; 
1189;    -3.257;    25.340;    88.366; 
1190;    -3.261;    25.347;    88.366; 
1191;    -3.264;    25.354;    88.366; 
1192;    -3.269;    25.362;    88.366; 
1193;    -3.274;    25.373;    88.366; 
1194;    -3.279;    25.384;    88.366; 
1195;    -3.285;    25.395;    88.366; 
1196;    -3.292;    25.410;    88.366; 
1197;    -3.295;    25.419;    88.366; 
1198;    -3.299;    25.426;    88.366; 
1199;    -3.303;    25.435;    88.366; 
1200;    -3.304;    25.436;    88.366; 
1201;    -3.309;    25.445;    88.366; 
1202;    -3.318;    25.465;    88.366; 
1203;    -3.325;    25.481;    88.366; 
1204;    -3.328;    25.488;    88.366; 
1205;    -3.330;    25.492;    88.366; 
1206;    -3.334;    25.501;    88.366; 
1207;    -3.338;    25.508;    88.366; 
1208;    -3.341;    25.516;    88.366; 
1209;    -3.345;    25.523;    88.366; 
1210;    -3.347;    25.526;    88.366; 
1211;    -3.353;    25.537;    88.366; 
1212;    -3.355;    25.541;    88.366; 
1213;    -3.359;    25.548;    88.366; 
1214;    -3.366;    25.561;    88.366; 
1215;    -3.373;    25.574;    88.366; 
1216;    -3.379;    25.586;    88.366; 
1217;    -3.384;    25.595;    88.366; 
1218;    -3.391;    25.610;    88.366; 
1219;    -3.397;    25.622;    88.366; 
1220;    -3.403;    25.634;    88.366; 
1221;    -3.407;    25.644;    88.366; 
1222;    -3.410;    25.650;    88.366; 
1223;    -3.413;    25.657;    88.366; 
1224;    -3.414;    25.658;    88.366; 
1225;    -3.421;    25.670;    88.366; 
1226;    -3.427;    25.682;    88.366; 
1227;    -3.433;    25.693;    88.366; 
1228;    -3.438;    25.703;    88.366; 
1229;    -3.441;    25.710;    88.366; 
1230;    -3.445;    25.716;    88.366; 
1231;    -3.449;    25.724;    88.366; 
1232;    -3.453;    25.732;    88.366; 
1233;    -3.458;    25.740;    88.366; 
1234;    -3.466;    25.755;    88.366; 
1235;    -3.468;    25.758;    88.366; 
1236;    -3.474;    25.770;    88.366; 
1237;    -3.480;    25.781;    88.366; 
1238;    -3.486;    25.793;    88.366; 
1239;    -3.492;    25.805;    88.366; 
1240;    -3.496;    25.810;    88.366; 
1241;    -3.502;    25.823;    88.366; 
1242;    -3.506;    25.829;    88.366; 
1243;    -3.509;    25.835;    88.366; 
1244;    -3.516;    25.847;    88.366; 
1245;    -3.524;    25.864;    88.366; 
1246;    -3.530;    25.874;    88.366; 
1247;    -3.535;    25.885;    88.366; 
1248;    -3.534;    25.883;    88.366; 
1249;    -3.539;    25.892;    88.366; 
1250;    -3.543;    25.899;    88.366; 
1251;    -3.549;    25.908;    88.366; 
1252;    -3.554;    25.918;    88.366; 
1253;    -3.556;    25.921;    88.366; 
1254;    -3.563;    25.932;    88.366; 
1255;    -3.573;    25.951;    88.366; 
1256;    -3.579;    25.963;    88.366; 
1257;    -3.584;    25.973;    88.366; 
1258;    -3.585;    25.974;    88.366; 
1259;    -3.590;    25.981;    88.366; 
1260;    -3.594;    25.989;    88.366; 
1261;    -3.600;    25.999;    88.366; 
1262;    -3.604;    26.006;    88.366; 
1263;    -3.610;    26.016;    88.366; 
1264;    -3.618;    26.030;    88.366; 
1265;    -3.623;    26.040;    88.366; 
1266;    -3.628;    26.048;    88.366; 
1267;    -3.634;    26.060;    88.366; 
1268;    -3.639;    26.069;    88.366; 
1269;    -3.643;    26.075;    88.366; 
1270;    -3.647;    26.083;    88.366; 
1271;    -3.651;    26.090;    88.366; 
1272;    -3.657;    26.101;    88.366; 
1273;    -3.662;    26.109;    88.366; 
1274;    -3.665;    26.114;    88.366; 
1275;    -3.672;    26.125;    88.366; 
1276;    -3.677;    26.135;    88.366; 
1277;    -3.680;    26.138;    88.366; 
1278;    -3.688;    26.152;    88.366; 
1279;    -3.692;    26.159;    88.366; 
1280;    -3.698;    26.169;    88.366; 
1281;    -3.704;    26.178;    88.366; 
1282;    -3.710;    26.188;    88.366; 
1283;    -3.718;    26.203;    88.366; 
1284;    -3.723;    26.211;    88.366; 
1285;    -3.727;    26.218;    88.366; 
1286;    -3.730;    26.223;    88.366; 
1287;    -3.735;    26.231;    88.366; 
1288;    -3.740;    26.238;    88.366; 
1289;    -3.748;    26.252;    88.366; 
1290;    -3.753;    26.261;    88.366; 
1291;    -3.757;    26.267;    88.366; 
1292;    -3.764;    26.279;    88.366; 
1293;    -3.768;    26.285;    88.366; 
1294;    -3.771;    26.291;    88.366; 
1295;    -3.777;    26.301;    88.366; 
1296;    -3.783;    26.310;    88.366; 
1297;    -3.792;    26.324;    88.366; 
1298;    -3.795;    26.330;    88.366; 
1299;    -3.799;    26.336;    88.366; 
1300;    -3.804;    26.344;    88.366; 
1301;    -3.812;    26.357;    88.366; 
1302;    -3.818;    26.367;    88.366; 
1303;    -3.822;    26.373;    88.366; 
1304;    -3.828;    26.382;    88.366; 
1305;    -3.833;    26.391;    88.366; 
1306;    -3.838;    26.399;    88.366; 
1307;    -3.845;    26.411;    88.366; 
1308;    -3.849;    26.418;    88.366; 
1309;    -3.854;    26.425;    88.366; 
1310;    -3.857;    26.430;    88.366; 
1311;    -3.863;    26.439;    88.366; 
1312;    -3.871;    26.452;    88.366; 
1313;    -3.881;    26.467;    88.366; 
1314;    -3.885;    26.474;    88.366; 
1315;    -3.889;    26.480;    88.366; 
1316;    -3.894;    26.489;    88.366; 
1317;    -3.897;    26.493;    88.366; 
1318;    -3.902;    26.501;    88.366; 
1319;    -3.907;    26.508;    88.366; 
1320;    -3.912;    26.515;    88.366; 
1321;    -3.917;    26.523;    88.366; 
1322;    -3.919;    26.525;    88.366; 
1323;    -3.926;    26.534;    88.366; 
1324;    -3.929;    26.537;    88.366; 
1325;    -3.931;    26.539;    88.366; 
1326;    -3.937;    26.546;    88.366; 
1327;    -3.938;    26.548;    88.366; 
1328;    -3.943;    26.552;    88.366; 
1329;    -3.944;    26.554;    88.366; 
1330;    -3.948;    26.558;    88.366; 
1331;    -3.952;    26.561;    88.366; 
1332;    -3.954;    26.562;    88.366; 
1333;    -3.957;    26.564;    88.366; 
1334;    -3.963;    26.568;    88.366; 
1335;    -3.970;    26.574;    88.366; 
1336;    -3.974;    26.576;    88.366; 
1337;    -3.980;    26.581;    88.366; 
1338;    -3.984;    26.583;    88.366; 
1339;    -3.985;    26.583;    88.366; 
1340;    -3.989;    26.585;    88.366; 
1341;    -3.987;    26.584;    88.366; 
1342;    -3.992;    26.586;    88.366; 
1343;    -3.994;    26.587;    88.366; 
1344;    -4.001;    26.589;    88.366; 
1345;    -4.009;    26.592;    88.366; 
1346;    -4.017;    26.595;    88.366; 
1347;    -4.024;    26.598;    88.366; 
1348;    -4.035;    26.602;    88.366; 
1349;    -4.035;    26.602;    88.366; 
1350;    -4.042;    26.603;    88.366; 
1351;    -4.044;    26.604;    88.366; 
1352;    -4.048;    26.605;    88.366; 
1353;    -4.048;    26.604;    88.366; 
1354;    -4.054;    26.605;    88.366; 
1355;    -4.057;    26.606;    88.366; 
1356;    -4.062;    26.606;    88.366; 
1357;    -4.061;    26.606;    88.366; 
1358;    -4.066;    26.606;    88.366; 
1359;    -4.069;    26.606;    88.366; 
1360;    -4.073;    26.605;    88.366; 
1361;    -4.076;    26.605;    88.366; 
1362;    -4.077;    26.605;    88.366; 
1363;    -4.080;    26.604;    88.366; 
1364;    -4.086;    26.603;    88.366; 
1365;    -4.097;    26.602;    88.366; 
1366;    -4.136;    26.599;    88.366; 
1367;    -4.149;    26.599;    88.366; 
1368;    -4.153;    26.599;    88.366; 
1369;    -4.159;    26.598;    88.366; 
1370;    -4.165;    26.598;    88.366; 
1371;    -4.165;    26.597;    88.366; 
1372;    -4.170;    26.597;    88.366; 
1373;    -4.172;    26.596;    88.366; 
1374;    -4.179;    26.595;    88.366; 
1375;    -4.189;    26.593;    88.366; 
1376;    -4.213;    26.589;    88.366; 
1377;    -4.225;    26.587;    88.366; 
1378;    -4.232;    26.586;    88.366; 
1379;    -4.237;    26.585;    88.366; 
