[A]
   1;     3.249;    26.849;    88.446; 
   2;     3.239;    26.850;    88.446; 
   3;     3.228;    26.851;    88.446; 
   4;     3.218;    26.853;    88.446; 
   5;     3.213;    26.853;    88.446; 
   6;     3.204;    26.854;    88.446; 
   7;     3.190;    26.855;    88.446; 
   8;     3.176;    26.857;    88.446; 
   9;     3.159;    26.860;    88.446; 
  10;     3.146;    26.862;    88.446; 
  11;     3.137;    26.863;    88.446; 
  12;     3.130;    26.864;    88.446; 
  13;     3.122;    26.866;    88.446; 
  14;     3.112;    26.867;    88.446; 
  15;     3.102;    26.868;    88.446; 
  16;     3.091;    26.870;    88.446; 
  17;     3.081;    26.871;    88.446; 
  18;     3.076;    26.872;    88.446; 
  19;     3.068;    26.872;    88.446; 
  20;     3.056;    26.874;    88.446; 
  21;     3.043;    26.875;    88.446; 
  22;     3.034;    26.876;    88.446; 
  23;     3.024;    26.878;    88.446; 
  24;     3.016;    26.878;    88.446; 
  25;     3.010;    26.879;    88.446; 
  26;     3.005;    26.879;    88.446; 
  27;     2.998;    26.879;    88.446; 
  28;     2.993;    26.879;    88.446; 
  29;     2.992;    26.879;    88.446; 
  30;     2.984;    26.879;    88.446; 
  31;     2.979;    26.879;    88.446; 
  32;     2.976;    26.878;    88.446; 
  33;     2.970;    26.878;    88.446; 
  34;     2.966;    26.877;    88.446; 
  35;     2.963;    26.877;    88.446; 
  36;     2.954;    26.875;    88.446; 
  37;     2.954;    26.875;    88.446; 
  38;     2.949;    26.874;    88.446; 
  39;     2.944;    26.872;    88.446; 
  40;     2.940;    26.871;    88.446; 
  41;     2.934;    26.869;    88.446; 
  42;     2.931;    26.868;    88.446; 
  43;     2.926;    26.867;    88.446; 
  44;     2.922;    26.865;    88.446; 
  45;     2.918;    26.863;    88.446; 
  46;     2.913;    26.861;    88.446; 
  47;     2.908;    26.858;    88.446; 
  48;     2.905;    26.857;    88.446; 
  49;     2.901;    26.854;    88.446; 
  50;     2.896;    26.851;    88.446; 
  51;     2.893;    26.850;    88.446; 
  52;     2.890;    26.847;    88.446; 
  53;     2.886;    26.844;    88.446; 
  54;     2.882;    26.842;    88.446; 
  55;     2.885;    26.843;    88.446; 
  56;     2.877;    26.837;    88.446; 
  57;     2.872;    26.833;    88.446; 
  58;     2.864;    26.826;    88.446; 
  59;     2.862;    26.824;    88.446; 
  60;     2.857;    26.819;    88.446; 
  61;     2.852;    26.814;    88.446; 
  62;     2.849;    26.810;    88.446; 
  63;     2.844;    26.805;    88.446; 
  64;     2.843;    26.804;    88.446; 
  65;     2.841;    26.801;    88.446; 
  66;     2.837;    26.797;    88.446; 
  67;     2.833;    26.791;    88.446; 
  68;     2.830;    26.786;    88.446; 
  69;     2.827;    26.781;    88.446; 
  70;     2.825;    26.779;    88.446; 
  71;     2.818;    26.768;    88.446; 
  72;     2.813;    26.760;    88.446; 
  73;     2.808;    26.752;    88.446; 
  74;     2.802;    26.742;    88.446; 
  75;     2.799;    26.737;    88.446; 
  76;     2.791;    26.723;    88.446; 
  77;     2.788;    26.719;    88.446; 
  78;     2.784;    26.712;    88.446; 
  79;     2.778;    26.700;    88.446; 
  80;     2.771;    26.690;    88.446; 
  81;     2.768;    26.683;    88.446; 
  82;     2.760;    26.671;    88.446; 
  83;     2.755;    26.663;    88.446; 
  84;     2.752;    26.656;    88.446; 
  85;     2.748;    26.649;    88.446; 
  86;     2.743;    26.640;    88.446; 
  87;     2.738;    26.631;    88.446; 
  88;     2.732;    26.621;    88.446; 
  89;     2.730;    26.617;    88.446; 
  90;     2.721;    26.601;    88.446; 
  91;     2.718;    26.596;    88.446; 
  92;     2.713;    26.585;    88.446; 
  93;     2.710;    26.580;    88.446; 
  94;     2.702;    26.566;    88.446; 
  95;     2.697;    26.557;    88.446; 
  96;     2.690;    26.545;    88.446; 
  97;     2.684;    26.534;    88.446; 
  98;     2.681;    26.529;    88.446; 
  99;     2.676;    26.520;    88.446; 
 100;     2.674;    26.516;    88.446; 
 101;     2.667;    26.503;    88.446; 
 102;     2.662;    26.494;    88.446; 
 103;     2.656;    26.484;    88.446; 
 104;     2.650;    26.474;    88.446; 
 105;     2.647;    26.468;    88.446; 
 106;     2.642;    26.458;    88.446; 
 107;     2.640;    26.453;    88.446; 
 108;     2.633;    26.441;    88.446; 
 109;     2.628;    26.431;    88.446; 
 110;     2.620;    26.418;    88.446; 
 111;     2.616;    26.410;    88.446; 
 112;     2.612;    26.403;    88.446; 
 113;     2.607;    26.394;    88.446; 
 114;     2.604;    26.387;    88.446; 
 115;     2.598;    26.376;    88.446; 
 116;     2.593;    26.366;    88.446; 
 117;     2.589;    26.359;    88.446; 
 118;     2.582;    26.346;    88.446; 
 119;     2.576;    26.336;    88.446; 
 120;     2.572;    26.327;    88.446; 
 121;     2.566;    26.317;    88.446; 
 122;     2.563;    26.310;    88.446; 
 123;     2.555;    26.297;    88.446; 
 124;     2.553;    26.292;    88.446; 
 125;     2.546;    26.280;    88.446; 
 126;     2.543;    26.273;    88.446; 
 127;     2.537;    26.263;    88.446; 
 128;     2.534;    26.256;    88.446; 
 129;     2.530;    26.248;    88.446; 
 130;     2.525;    26.239;    88.446; 
 131;     2.518;    26.226;    88.446; 
 132;     2.513;    26.216;    88.446; 
 133;     2.509;    26.208;    88.446; 
 134;     2.503;    26.197;    88.446; 
 135;     2.499;    26.189;    88.446; 
 136;     2.496;    26.183;    88.446; 
 137;     2.491;    26.173;    88.446; 
 138;     2.487;    26.165;    88.446; 
 139;     2.485;    26.160;    88.446; 
 140;     2.479;    26.147;    88.446; 
 141;     2.474;    26.137;    88.446; 
 142;     2.471;    26.130;    88.446; 
 143;     2.466;    26.120;    88.446; 
 144;     2.458;    26.105;    88.446; 
 145;     2.447;    26.085;    88.446; 
 146;     2.442;    26.076;    88.446; 
 147;     2.440;    26.072;    88.446; 
 148;     2.437;    26.066;    88.446; 
 149;     2.434;    26.060;    88.446; 
 150;     2.429;    26.050;    88.446; 
 151;     2.424;    26.041;    88.446; 
 152;     2.421;    26.034;    88.446; 
 153;     2.418;    26.028;    88.446; 
 154;     2.414;    26.019;    88.446; 
 155;     2.407;    26.004;    88.446; 
 156;     2.402;    25.994;    88.446; 
 157;     2.399;    25.988;    88.446; 
 158;     2.394;    25.978;    88.446; 
 159;     2.389;    25.967;    88.446; 
 160;     2.386;    25.960;    88.446; 
 161;     2.384;    25.956;    88.446; 
 162;     2.382;    25.951;    88.446; 
 163;     2.380;    25.946;    88.446; 
 164;     2.369;    25.921;    88.446; 
 165;     2.354;    25.893;    88.446; 
 166;     2.349;    25.884;    88.446; 
 167;     2.348;    25.881;    88.446; 
 168;     2.346;    25.878;    88.446; 
 169;     2.342;    25.870;    88.446; 
 170;     2.339;    25.864;    88.446; 
 171;     2.334;    25.853;    88.446; 
 172;     2.329;    25.842;    88.446; 
 173;     2.327;    25.837;    88.446; 
 174;     2.324;    25.830;    88.446; 
 175;     2.320;    25.822;    88.446; 
 176;     2.313;    25.806;    88.446; 
 177;     2.306;    25.791;    88.446; 
 178;     2.305;    25.789;    88.446; 
 179;     2.303;    25.784;    88.446; 
 180;     2.299;    25.775;    88.446; 
 181;     2.293;    25.762;    88.446; 
 182;     2.284;    25.743;    88.446; 
 183;     2.279;    25.733;    88.446; 
 184;     2.275;    25.723;    88.446; 
 185;     2.273;    25.718;    88.446; 
 186;     2.269;    25.711;    88.446; 
 187;     2.264;    25.699;    88.446; 
 188;     2.262;    25.695;    88.446; 
 189;     2.258;    25.684;    88.446; 
 190;     2.253;    25.674;    88.446; 
 191;     2.249;    25.664;    88.446; 
 192;     2.247;    25.660;    88.446; 
 193;     2.240;    25.643;    88.446; 
 194;     2.237;    25.636;    88.446; 
 195;     2.233;    25.627;    88.446; 
 196;     2.229;    25.618;    88.446; 
 197;     2.224;    25.607;    88.446; 
 198;     2.221;    25.599;    88.446; 
 199;     2.217;    25.591;    88.446; 
 200;     2.215;    25.585;    88.446; 
 201;     2.210;    25.572;    88.446; 
 202;     2.204;    25.558;    88.446; 
 203;     2.199;    25.548;    88.446; 
 204;     2.195;    25.538;    88.446; 
 205;     2.191;    25.528;    88.446; 
 206;     2.188;    25.521;    88.446; 
 207;     2.185;    25.515;    88.446; 
 208;     2.183;    25.508;    88.446; 
 209;     2.178;    25.497;    88.446; 
 210;     2.174;    25.487;    88.446; 
 211;     2.169;    25.474;    88.446; 
 212;     2.165;    25.465;    88.446; 
 213;     2.162;    25.458;    88.446; 
 214;     2.159;    25.451;    88.446; 
 215;     2.157;    25.443;    88.446; 
 216;     2.153;    25.433;    88.446; 
 217;     2.149;    25.423;    88.446; 
 218;     2.141;    25.405;    88.446; 
 219;     2.137;    25.395;    88.446; 
 220;     2.134;    25.388;    88.446; 
 221;     2.131;    25.380;    88.446; 
 222;     2.128;    25.372;    88.446; 
 223;     2.125;    25.363;    88.446; 
 224;     2.120;    25.350;    88.446; 
 225;     2.115;    25.340;    88.446; 
 226;     2.113;    25.332;    88.446; 
 227;     2.110;    25.325;    88.446; 
 228;     2.106;    25.314;    88.446; 
 229;     2.103;    25.307;    88.446; 
 230;     2.101;    25.299;    88.446; 
 231;     2.097;    25.288;    88.446; 
 232;     2.092;    25.274;    88.446; 
 233;     2.088;    25.265;    88.446; 
 234;     2.085;    25.256;    88.446; 
 235;     2.081;    25.245;    88.446; 
 236;     2.077;    25.235;    88.446; 
 237;     2.073;    25.225;    88.446; 
 238;     2.070;    25.216;    88.446; 
 239;     2.068;    25.209;    88.446; 
 240;     2.065;    25.202;    88.446; 
 241;     2.064;    25.197;    88.446; 
 242;     2.059;    25.183;    88.446; 
 243;     2.055;    25.169;    88.446; 
 244;     2.049;    25.152;    88.446; 
 245;     2.044;    25.139;    88.446; 
 246;     2.043;    25.136;    88.446; 
 247;     2.039;    25.125;    88.446; 
 248;     2.036;    25.118;    88.446; 
 249;     2.035;    25.113;    88.446; 
 250;     2.031;    25.102;    88.446; 
 251;     2.031;    25.100;    88.446; 
 252;     2.030;    25.096;    88.446; 
 253;     2.028;    25.089;    88.446; 
 254;     2.025;    25.075;    88.446; 
 255;     2.021;    25.062;    88.446; 
 256;     2.010;    25.031;    88.446; 
 257;     2.003;    25.013;    88.446; 
 258;     1.999;    25.003;    88.446; 
 259;     1.997;    24.998;    88.446; 
 260;     1.996;    24.994;    88.446; 
 261;     1.994;    24.989;    88.446; 
 262;     1.990;    24.978;    88.446; 
 263;     1.989;    24.972;    88.446; 
 264;     1.987;    24.967;    88.446; 
 265;     1.984;    24.958;    88.446; 
 266;     1.971;    24.921;    88.446; 
 267;     1.953;    24.887;    88.446; 
 268;     1.948;    24.878;    88.446; 
 269;     1.940;    24.864;    88.446; 
 270;     1.922;    24.838;    88.446; 
 271;     1.894;    24.805;    88.446; 
 272;     1.748;    24.729;    88.446; 
 273;     1.711;    24.725;    88.446; 
 274;     1.686;    24.724;    88.446; 
 275;     1.667;    24.725;    88.446; 
 276;     1.646;    24.726;    88.446; 
 277;     1.620;    24.729;    88.446; 
 278;     1.603;    24.731;    88.446; 
 279;     1.599;    24.732;    88.446; 
 280;     1.596;    24.732;    88.446; 
 281;     1.593;    24.732;    88.446; 
 282;     1.585;    24.732;    88.446; 
 283;     1.576;    24.733;    88.446; 
 284;     1.563;    24.734;    88.446; 
 285;     1.553;    24.734;    88.446; 
 286;     1.546;    24.734;    88.446; 
 287;     1.536;    24.735;    88.446; 
 288;     1.519;    24.736;    88.446; 
 289;     1.500;    24.738;    88.446; 
 290;     1.492;    24.739;    88.446; 
 291;     1.485;    24.739;    88.446; 
 292;     1.481;    24.739;    88.446; 
 293;     1.476;    24.739;    88.446; 
 294;     1.467;    24.740;    88.446; 
 295;     1.446;    24.741;    88.446; 
 296;     1.426;    24.743;    88.446; 
 297;     1.418;    24.744;    88.446; 
 298;     1.414;    24.744;    88.446; 
 299;     1.407;    24.745;    88.446; 
 300;     1.394;    24.745;    88.446; 
 301;     1.382;    24.746;    88.446; 
 302;     1.371;    24.747;    88.446; 
 303;     1.365;    24.747;    88.446; 
 304;     1.358;    24.748;    88.446; 
 305;     1.343;    24.749;    88.446; 
 306;     1.313;    24.752;    88.446; 
 307;     1.293;    24.756;    88.446; 
 308;     1.270;    24.761;    88.446; 
 309;     1.191;    24.796;    88.446; 
 310;     1.117;    24.865;    88.446; 
 311;     1.075;    24.946;    88.446; 
 312;     1.067;    24.975;    88.446; 
 313;     1.064;    24.988;    88.446; 
 314;     1.062;    24.997;    88.446; 
 315;     1.060;    25.003;    88.446; 
 316;     1.060;    25.005;    88.446; 
 317;     1.056;    25.016;    88.446; 
 318;     1.051;    25.034;    88.446; 
 319;     1.045;    25.068;    88.446; 
 320;     1.042;    25.090;    88.446; 
 321;     1.041;    25.096;    88.446; 
 322;     1.040;    25.101;    88.446; 
 323;     1.040;    25.102;    88.446; 
 324;     1.038;    25.109;    88.446; 
 325;     1.035;    25.123;    88.446; 
 326;     1.033;    25.132;    88.446; 
 327;     1.031;    25.145;    88.446; 
 328;     1.029;    25.156;    88.446; 
 329;     1.027;    25.166;    88.446; 
 330;     1.024;    25.181;    88.446; 
 331;     1.021;    25.200;    88.446; 
 332;     1.020;    25.208;    88.446; 
 333;     1.019;    25.216;    88.446; 
 334;     1.018;    25.219;    88.446; 
 335;     1.016;    25.230;    88.446; 
 336;     1.015;    25.234;    88.446; 
 337;     1.013;    25.241;    88.446; 
 338;     1.010;    25.258;    88.446; 
 339;     1.008;    25.265;    88.446; 
 340;     1.005;    25.280;    88.446; 
 341;     1.003;    25.291;    88.446; 
 342;     1.000;    25.304;    88.446; 
 343;      .998;    25.315;    88.446; 
 344;      .997;    25.321;    88.446; 
 345;      .994;    25.334;    88.446; 
 346;      .993;    25.340;    88.446; 
 347;      .991;    25.351;    88.446; 
 348;      .990;    25.353;    88.446; 
 349;      .989;    25.358;    88.446; 
 350;      .984;    25.375;    88.446; 
 351;      .981;    25.389;    88.446; 
 352;      .979;    25.399;    88.446; 
 353;      .977;    25.405;    88.446; 
 354;      .975;    25.412;    88.446; 
 355;      .972;    25.428;    88.446; 
 356;      .967;    25.449;    88.446; 
 357;      .966;    25.456;    88.446; 
 358;      .964;    25.464;    88.446; 
 359;      .963;    25.468;    88.446; 
 360;      .962;    25.471;    88.446; 
 361;      .960;    25.480;    88.446; 
 362;      .955;    25.498;    88.446; 
 363;      .952;    25.510;    88.446; 
 364;      .948;    25.529;    88.446; 
 365;      .946;    25.537;    88.446; 
 366;      .945;    25.542;    88.446; 
 367;      .943;    25.551;    88.446; 
 368;      .942;    25.555;    88.446; 
 369;      .940;    25.560;    88.446; 
 370;      .938;    25.569;    88.446; 
 371;      .934;    25.582;    88.446; 
 372;      .931;    25.595;    88.446; 
 373;      .928;    25.606;    88.446; 
 374;      .926;    25.611;    88.446; 
 375;      .926;    25.613;    88.446; 
 376;      .920;    25.630;    88.446; 
 377;      .914;    25.658;    88.446; 
 378;      .912;    25.667;    88.446; 
 379;      .910;    25.676;    88.446; 
 380;      .908;    25.683;    88.446; 
 381;      .906;    25.689;    88.446; 
 382;      .905;    25.696;    88.446; 
 383;      .903;    25.702;    88.446; 
 384;      .901;    25.708;    88.446; 
 385;      .898;    25.718;    88.446; 
 386;      .894;    25.732;    88.446; 
 387;      .890;    25.746;    88.446; 
 388;      .886;    25.759;    88.446; 
 389;      .884;    25.766;    88.446; 
 390;      .880;    25.778;    88.446; 
 391;      .880;    25.781;    88.446; 
 392;      .876;    25.793;    88.446; 
 393;      .873;    25.800;    88.446; 
 394;      .870;    25.811;    88.446; 
 395;      .865;    25.830;    88.446; 
 396;      .861;    25.843;    88.446; 
 397;      .857;    25.860;    88.446; 
 398;      .856;    25.866;    88.446; 
 399;      .853;    25.878;    88.446; 
 400;      .851;    25.885;    88.446; 
 401;      .849;    25.892;    88.446; 
 402;      .848;    25.896;    88.446; 
 403;      .844;    25.908;    88.446; 
 404;      .842;    25.914;    88.446; 
 405;      .839;    25.924;    88.446; 
 406;      .835;    25.936;    88.446; 
 407;      .833;    25.943;    88.446; 
 408;      .830;    25.952;    88.446; 
 409;      .825;    25.969;    88.446; 
 410;      .822;    25.980;    88.446; 
 411;      .818;    25.993;    88.446; 
 412;      .816;    26.000;    88.446; 
 413;      .815;    26.005;    88.446; 
 414;      .811;    26.017;    88.446; 
 415;      .808;    26.027;    88.446; 
 416;      .804;    26.038;    88.446; 
 417;      .801;    26.049;    88.446; 
 418;      .799;    26.054;    88.446; 
 419;      .797;    26.063;    88.446; 
 420;      .794;    26.069;    88.446; 
 421;      .790;    26.082;    88.446; 
 422;      .786;    26.094;    88.446; 
 423;      .783;    26.104;    88.446; 
 424;      .780;    26.111;    88.446; 
 425;      .780;    26.110;    88.446; 
 426;      .776;    26.123;    88.446; 
 427;      .770;    26.141;    88.446; 
 428;      .764;    26.162;    88.446; 
 429;      .761;    26.168;    88.446; 
 430;      .759;    26.176;    88.446; 
 431;      .757;    26.184;    88.446; 
 432;      .754;    26.193;    88.446; 
 433;      .751;    26.199;    88.446; 
 434;      .747;    26.213;    88.446; 
 435;      .742;    26.227;    88.446; 
 436;      .740;    26.232;    88.446; 
 437;      .738;    26.241;    88.446; 
 438;      .734;    26.253;    88.446; 
 439;      .730;    26.265;    88.446; 
 440;      .727;    26.274;    88.446; 
 441;      .724;    26.282;    88.446; 
 442;      .722;    26.287;    88.446; 
 443;      .719;    26.297;    88.446; 
 444;      .715;    26.308;    88.446; 
 445;      .712;    26.316;    88.446; 
 446;      .708;    26.328;    88.446; 
 447;      .705;    26.334;    88.446; 
 448;      .701;    26.345;    88.446; 
 449;      .697;    26.355;    88.446; 
 450;      .695;    26.363;    88.446; 
 451;      .693;    26.367;    88.446; 
 452;      .688;    26.380;    88.446; 
 453;      .681;    26.400;    88.446; 
 454;      .675;    26.417;    88.446; 
 455;      .672;    26.425;    88.446; 
 456;      .670;    26.432;    88.446; 
 457;      .667;    26.439;    88.446; 
 458;      .665;    26.444;    88.446; 
 459;      .663;    26.449;    88.446; 
 460;      .660;    26.458;    88.446; 
 461;      .654;    26.472;    88.446; 
 462;      .647;    26.492;    88.446; 
 463;      .645;    26.499;    88.446; 
 464;      .642;    26.506;    88.446; 
 465;      .638;    26.517;    88.446; 
 466;      .637;    26.519;    88.446; 
 467;      .634;    26.528;    88.446; 
 468;      .629;    26.539;    88.446; 
 469;      .628;    26.542;    88.446; 
 470;      .620;    26.561;    88.446; 
 471;      .615;    26.576;    88.446; 
 472;      .611;    26.587;    88.446; 
 473;      .608;    26.594;    88.446; 
 474;      .606;    26.600;    88.446; 
 475;      .603;    26.608;    88.446; 
 476;      .599;    26.616;    88.446; 
 477;      .596;    26.626;    88.446; 
 478;      .591;    26.639;    88.446; 
 479;      .587;    26.647;    88.446; 
 480;      .582;    26.660;    88.446; 
 481;      .578;    26.672;    88.446; 
 482;      .575;    26.679;    88.446; 
 483;      .572;    26.686;    88.446; 
 484;      .567;    26.698;    88.446; 
 485;      .564;    26.707;    88.446; 
 486;      .559;    26.718;    88.446; 
 487;      .556;    26.726;    88.446; 
 488;      .552;    26.736;    88.446; 
 489;      .548;    26.745;    88.446; 
 490;      .546;    26.750;    88.446; 
 491;      .541;    26.762;    88.446; 
 492;      .536;    26.775;    88.446; 
 493;      .530;    26.789;    88.446; 
 494;      .528;    26.793;    88.446; 
 495;      .527;    26.796;    88.446; 
 496;      .525;    26.801;    88.446; 
 497;      .518;    26.816;    88.446; 
 498;      .509;    26.837;    88.446; 
 499;      .505;    26.849;    88.446; 
 500;      .503;    26.854;    88.446; 
 501;      .497;    26.870;    88.446; 
 502;      .494;    26.878;    88.446; 
 503;      .489;    26.891;    88.446; 
 504;      .488;    26.895;    88.446; 
 505;      .484;    26.902;    88.446; 
 506;      .480;    26.913;    88.446; 
 507;      .476;    26.923;    88.446; 
 508;      .473;    26.930;    88.446; 
 509;      .470;    26.937;    88.446; 
 510;      .468;    26.942;    88.446; 
 511;      .468;    26.942;    88.446; 
 512;      .465;    26.946;    88.446; 
 513;      .462;    26.951;    88.446; 
 514;      .461;    26.954;    88.446; 
 515;      .456;    26.961;    88.446; 
 516;      .453;    26.966;    88.446; 
 517;      .449;    26.972;    88.446; 
 518;      .446;    26.977;    88.446; 
 519;      .444;    26.979;    88.446; 
 520;      .439;    26.985;    88.446; 
 521;      .435;    26.990;    88.446; 
 522;      .430;    26.996;    88.446; 
 523;      .427;    27.000;    88.446; 
 524;      .422;    27.005;    88.446; 
 525;      .422;    27.005;    88.446; 
 526;      .416;    27.010;    88.446; 
 527;      .419;    27.008;    88.446; 
 528;      .414;    27.012;    88.446; 
 529;      .414;    27.011;    88.446; 
 530;      .410;    27.015;    88.446; 
 531;      .402;    27.020;    88.446; 
 532;      .396;    27.024;    88.446; 
 533;      .389;    27.029;    88.446; 
 534;      .385;    27.031;    88.446; 
 535;      .381;    27.034;    88.446; 
 536;      .381;    27.034;    88.446; 
 537;      .374;    27.037;    88.446; 
 538;      .374;    27.037;    88.446; 
 539;      .371;    27.038;    88.446; 
 540;      .372;    27.038;    88.446; 
 541;      .368;    27.039;    88.446; 
 542;      .367;    27.039;    88.446; 
 543;      .365;    27.039;    88.446; 
 544;      .357;    27.042;    88.446; 
 545;      .334;    27.048;    88.446; 
 546;      .325;    27.051;    88.446; 
 547;      .323;    27.052;    88.446; 
 548;      .318;    27.053;    88.446; 
 549;      .316;    27.053;    88.446; 
 550;      .312;    27.054;    88.446; 
 551;      .308;    27.054;    88.446; 
 552;      .306;    27.054;    88.446; 
 553;      .305;    27.054;    88.446; 
 554;      .301;    27.054;    88.446; 
 555;      .291;    27.055;    88.446; 
 556;      .277;    27.056;    88.446; 
 557;      .261;    27.057;    88.446; 
 558;      .252;    27.058;    88.446; 
 559;      .245;    27.058;    88.446; 
 560;      .238;    27.058;    88.446; 
 561;      .233;    27.059;    88.446; 
 562;      .222;    27.059;    88.446; 
 563;      .211;    27.059;    88.446; 
 564;      .202;    27.059;    88.446; 
 565;      .194;    27.060;    88.446; 
 566;      .183;    27.060;    88.446; 
 567;      .175;    27.060;    88.446; 
 568;      .166;    27.060;    88.446; 
 569;      .154;    27.060;    88.446; 
 570;      .146;    27.059;    88.446; 
 571;      .133;    27.059;    88.446; 
 572;      .124;    27.059;    88.446; 
 573;      .113;    27.059;    88.446; 
 574;      .101;    27.059;    88.446; 
 575;      .091;    27.059;    88.446; 
 576;      .082;    27.059;    88.446; 
 577;      .073;    27.059;    88.446; 
 578;      .059;    27.059;    88.446; 
 579;      .049;    27.059;    88.446; 
 580;      .040;    27.059;    88.446; 
 581;      .033;    27.059;    88.446; 
 582;      .020;    27.059;    88.446; 
 583;      .009;    27.059;    88.446; 
 584;     -.006;    27.059;    88.446; 
 585;     -.020;    27.059;    88.446; 
 586;     -.028;    27.059;    88.446; 
 587;     -.038;    27.060;    88.446; 
 588;     -.050;    27.060;    88.446; 
 589;     -.059;    27.060;    88.446; 
 590;     -.070;    27.060;    88.446; 
 591;     -.078;    27.060;    88.446; 
 592;     -.086;    27.060;    88.446; 
 593;     -.095;    27.060;    88.446; 
 594;     -.099;    27.060;    88.446; 
 595;     -.103;    27.059;    88.446; 
 596;     -.112;    27.059;    88.446; 
 597;     -.143;    27.059;    88.446; 
 598;     -.160;    27.059;    88.446; 
 599;     -.167;    27.059;    88.446; 
 600;     -.173;    27.059;    88.446; 
 601;     -.181;    27.059;    88.446; 
 602;     -.193;    27.060;    88.446; 
 603;     -.204;    27.060;    88.446; 
 604;     -.211;    27.060;    88.446; 
 605;     -.223;    27.060;    88.446; 
 606;     -.231;    27.059;    88.446; 
 607;     -.238;    27.059;    88.446; 
 608;     -.244;    27.059;    88.446; 
 609;     -.247;    27.059;    88.446; 
 610;     -.255;    27.058;    88.446; 
 611;     -.260;    27.057;    88.446; 
 612;     -.268;    27.056;    88.446; 
 613;     -.273;    27.055;    88.446; 
 614;     -.282;    27.054;    88.446; 
 615;     -.287;    27.053;    88.446; 
 616;     -.291;    27.052;    88.446; 
 617;     -.295;    27.051;    88.446; 
 618;     -.300;    27.050;    88.446; 
 619;     -.306;    27.048;    88.446; 
 620;     -.311;    27.047;    88.446; 
 621;     -.317;    27.045;    88.446; 
 622;     -.319;    27.044;    88.446; 
 623;     -.326;    27.041;    88.446; 
 624;     -.329;    27.040;    88.446; 
 625;     -.335;    27.037;    88.446; 
 626;     -.339;    27.035;    88.446; 
 627;     -.340;    27.034;    88.446; 
 628;     -.346;    27.031;    88.446; 
 629;     -.350;    27.029;    88.446; 
 630;     -.351;    27.028;    88.446; 
 631;     -.356;    27.025;    88.446; 
 632;     -.359;    27.022;    88.446; 
 633;     -.364;    27.018;    88.446; 
 634;     -.368;    27.015;    88.446; 
 635;     -.372;    27.012;    88.446; 
 636;     -.374;    27.010;    88.446; 
 637;     -.377;    27.007;    88.446; 
 638;     -.381;    27.003;    88.446; 
 639;     -.384;    27.001;    88.446; 
 640;     -.382;    27.002;    88.446; 
 641;     -.390;    26.994;    88.446; 
 642;     -.393;    26.990;    88.446; 
 643;     -.394;    26.988;    88.446; 
 644;     -.400;    26.981;    88.446; 
 645;     -.402;    26.977;    88.446; 
 646;     -.406;    26.972;    88.446; 
 647;     -.412;    26.963;    88.446; 
 648;     -.413;    26.961;    88.446; 
 649;     -.415;    26.958;    88.446; 
 650;     -.419;    26.950;    88.446; 
 651;     -.421;    26.947;    88.446; 
 652;     -.424;    26.940;    88.446; 
 653;     -.428;    26.933;    88.446; 
 654;     -.433;    26.923;    88.446; 
 655;     -.438;    26.912;    88.446; 
 656;     -.442;    26.904;    88.446; 
 657;     -.444;    26.898;    88.446; 
 658;     -.447;    26.891;    88.446; 
 659;     -.450;    26.885;    88.446; 
 660;     -.454;    26.875;    88.446; 
 661;     -.457;    26.866;    88.446; 
 662;     -.464;    26.848;    88.446; 
 663;     -.466;    26.844;    88.446; 
 664;     -.470;    26.834;    88.446; 
 665;     -.473;    26.826;    88.446; 
 666;     -.478;    26.814;    88.446; 
 667;     -.484;    26.800;    88.446; 
 668;     -.491;    26.784;    88.446; 
 669;     -.494;    26.777;    88.446; 
 670;     -.498;    26.768;    88.446; 
 671;     -.499;    26.764;    88.446; 
 672;     -.504;    26.753;    88.446; 
 673;     -.506;    26.747;    88.446; 
 674;     -.509;    26.738;    88.446; 
 675;     -.511;    26.734;    88.446; 
 676;     -.513;    26.726;    88.446; 
 677;     -.518;    26.714;    88.446; 
 678;     -.523;    26.700;    88.446; 
 679;     -.531;    26.681;    88.446; 
 680;     -.537;    26.668;    88.446; 
 681;     -.542;    26.657;    88.446; 
 682;     -.546;    26.647;    88.446; 
 683;     -.547;    26.645;    88.446; 
 684;     -.548;    26.640;    88.446; 
 685;     -.550;    26.635;    88.446; 
 686;     -.560;    26.610;    88.446; 
 687;     -.567;    26.596;    88.446; 
 688;     -.568;    26.592;    88.446; 
 689;     -.570;    26.587;    88.446; 
 690;     -.572;    26.581;    88.446; 
 691;     -.574;    26.575;    88.446; 
 692;     -.582;    26.556;    88.446; 
 693;     -.587;    26.544;    88.446; 
 694;     -.590;    26.536;    88.446; 
 695;     -.591;    26.534;    88.446; 
 696;     -.593;    26.528;    88.446; 
 697;     -.595;    26.520;    88.446; 
 698;     -.598;    26.511;    88.446; 
 699;     -.605;    26.492;    88.446; 
 700;     -.613;    26.473;    88.446; 
 701;     -.618;    26.462;    88.446; 
 702;     -.623;    26.450;    88.446; 
 703;     -.624;    26.447;    88.446; 
 704;     -.627;    26.440;    88.446; 
 705;     -.628;    26.435;    88.446; 
 706;     -.630;    26.431;    88.446; 
 707;     -.635;    26.416;    88.446; 
 708;     -.641;    26.401;    88.446; 
 709;     -.646;    26.387;    88.446; 
 710;     -.649;    26.381;    88.446; 
 711;     -.653;    26.370;    88.446; 
 712;     -.656;    26.362;    88.446; 
 713;     -.658;    26.357;    88.446; 
 714;     -.661;    26.348;    88.446; 
 715;     -.664;    26.338;    88.446; 
 716;     -.669;    26.325;    88.446; 
 717;     -.672;    26.316;    88.446; 
 718;     -.676;    26.305;    88.446; 
 719;     -.679;    26.297;    88.446; 
 720;     -.681;    26.291;    88.446; 
 721;     -.685;    26.280;    88.446; 
 722;     -.691;    26.262;    88.446; 
 723;     -.696;    26.251;    88.446; 
 724;     -.702;    26.235;    88.446; 
 725;     -.703;    26.231;    88.446; 
 726;     -.706;    26.223;    88.446; 
 727;     -.708;    26.217;    88.446; 
 728;     -.712;    26.208;    88.446; 
 729;     -.715;    26.198;    88.446; 
 730;     -.718;    26.189;    88.446; 
 731;     -.721;    26.179;    88.446; 
 732;     -.725;    26.168;    88.446; 
 733;     -.729;    26.157;    88.446; 
 734;     -.732;    26.149;    88.446; 
 735;     -.735;    26.140;    88.446; 
 736;     -.739;    26.129;    88.446; 
 737;     -.743;    26.117;    88.446; 
 738;     -.744;    26.112;    88.446; 
 739;     -.748;    26.101;    88.446; 
 740;     -.753;    26.086;    88.446; 
 741;     -.756;    26.079;    88.446; 
 742;     -.758;    26.073;    88.446; 
 743;     -.762;    26.059;    88.446; 
 744;     -.766;    26.049;    88.446; 
 745;     -.770;    26.038;    88.446; 
 746;     -.774;    26.027;    88.446; 
 747;     -.777;    26.018;    88.446; 
 748;     -.779;    26.010;    88.446; 
 749;     -.782;    26.003;    88.446; 
 750;     -.784;    25.996;    88.446; 
 751;     -.786;    25.987;    88.446; 
 752;     -.790;    25.975;    88.446; 
 753;     -.794;    25.964;    88.446; 
 754;     -.798;    25.952;    88.446; 
 755;     -.800;    25.946;    88.446; 
 756;     -.802;    25.937;    88.446; 
 757;     -.806;    25.924;    88.446; 
 758;     -.812;    25.909;    88.446; 
 759;     -.815;    25.899;    88.446; 
 760;     -.818;    25.891;    88.446; 
 761;     -.818;    25.888;    88.446; 
 762;     -.820;    25.882;    88.446; 
 763;     -.822;    25.875;    88.446; 
 764;     -.825;    25.864;    88.446; 
 765;     -.831;    25.845;    88.446; 
 766;     -.834;    25.835;    88.446; 
 767;     -.839;    25.821;    88.446; 
 768;     -.842;    25.812;    88.446; 
 769;     -.845;    25.803;    88.446; 
 770;     -.845;    25.800;    88.446; 
 771;     -.845;    25.799;    88.446; 
 772;     -.848;    25.790;    88.446; 
 773;     -.849;    25.783;    88.446; 
 774;     -.852;    25.770;    88.446; 
 775;     -.860;    25.743;    88.446; 
 776;     -.867;    25.723;    88.446; 
 777;     -.871;    25.713;    88.446; 
 778;     -.874;    25.704;    88.446; 
 779;     -.877;    25.696;    88.446; 
 780;     -.880;    25.687;    88.446; 
 781;     -.881;    25.685;    88.446; 
 782;     -.883;    25.677;    88.446; 
 783;     -.885;    25.670;    88.446; 
 784;     -.888;    25.659;    88.446; 
 785;     -.890;    25.652;    88.446; 
 786;     -.892;    25.644;    88.446; 
 787;     -.895;    25.632;    88.446; 
 788;     -.897;    25.625;    88.446; 
 789;     -.900;    25.614;    88.446; 
 790;     -.901;    25.608;    88.446; 
 791;     -.905;    25.593;    88.446; 
 792;     -.908;    25.582;    88.446; 
 793;     -.912;    25.566;    88.446; 
 794;     -.915;    25.558;    88.446; 
 795;     -.917;    25.549;    88.446; 
 796;     -.921;    25.537;    88.446; 
 797;     -.923;    25.528;    88.446; 
 798;     -.927;    25.515;    88.446; 
 799;     -.929;    25.509;    88.446; 
 800;     -.931;    25.502;    88.446; 
 801;     -.930;    25.501;    88.446; 
 802;     -.933;    25.489;    88.446; 
 803;     -.937;    25.474;    88.446; 
 804;     -.942;    25.454;    88.446; 
 805;     -.944;    25.447;    88.446; 
 806;     -.947;    25.438;    88.446; 
 807;     -.949;    25.430;    88.446; 
 808;     -.950;    25.422;    88.446; 
 809;     -.952;    25.417;    88.446; 
 810;     -.953;    25.411;    88.446; 
 811;     -.956;    25.397;    88.446; 
 812;     -.958;    25.389;    88.446; 
 813;     -.961;    25.373;    88.446; 
 814;     -.962;    25.367;    88.446; 
 815;     -.965;    25.357;    88.446; 
 816;     -.966;    25.349;    88.446; 
 817;     -.970;    25.334;    88.446; 
 818;     -.976;    25.311;    88.446; 
 819;     -.980;    25.298;    88.446; 
 820;     -.982;    25.291;    88.446; 
 821;     -.984;    25.282;    88.446; 
 822;     -.986;    25.274;    88.446; 
 823;     -.988;    25.266;    88.446; 
 824;     -.990;    25.258;    88.446; 
 825;     -.991;    25.254;    88.446; 
 826;     -.993;    25.246;    88.446; 
 827;     -.994;    25.238;    88.446; 
 828;     -.995;    25.235;    88.446; 
 829;     -.996;    25.225;    88.446; 
 830;     -.997;    25.219;    88.446; 
 831;    -1.000;    25.206;    88.446; 
 832;    -1.003;    25.189;    88.446; 
 833;    -1.004;    25.183;    88.446; 
 834;    -1.005;    25.174;    88.446; 
 835;    -1.007;    25.162;    88.446; 
 836;    -1.011;    25.145;    88.446; 
 837;    -1.014;    25.130;    88.446; 
 838;    -1.017;    25.118;    88.446; 
 839;    -1.019;    25.109;    88.446; 
 840;    -1.020;    25.104;    88.446; 
 841;    -1.022;    25.094;    88.446; 
 842;    -1.023;    25.087;    88.446; 
 843;    -1.025;    25.077;    88.446; 
 844;    -1.027;    25.066;    88.446; 
 845;    -1.030;    25.051;    88.446; 
 846;    -1.031;    25.043;    88.446; 
 847;    -1.033;    25.036;    88.446; 
 848;    -1.034;    25.027;    88.446; 
 849;    -1.037;    25.014;    88.446; 
 850;    -1.045;    24.982;    88.446; 
 851;    -1.058;    24.947;    88.446; 
 852;    -1.067;    24.928;    88.446; 
 853;    -1.083;    24.899;    88.446; 
 854;    -1.104;    24.869;    88.446; 
 855;    -1.142;    24.829;    88.446; 
 856;    -1.242;    24.773;    88.446; 
 857;    -1.314;    24.761;    88.446; 
 858;    -1.333;    24.760;    88.446; 
 859;    -1.341;    24.760;    88.446; 
 860;    -1.349;    24.759;    88.446; 
 861;    -1.357;    24.759;    88.446; 
 862;    -1.368;    24.758;    88.446; 
 863;    -1.378;    24.757;    88.446; 
 864;    -1.390;    24.757;    88.446; 
 865;    -1.401;    24.756;    88.446; 
 866;    -1.415;    24.756;    88.446; 
 867;    -1.425;    24.755;    88.446; 
 868;    -1.435;    24.755;    88.446; 
 869;    -1.443;    24.754;    88.446; 
 870;    -1.456;    24.754;    88.446; 
 871;    -1.466;    24.753;    88.446; 
 872;    -1.477;    24.753;    88.446; 
 873;    -1.485;    24.752;    88.446; 
 874;    -1.491;    24.752;    88.446; 
 875;    -1.500;    24.751;    88.446; 
 876;    -1.512;    24.750;    88.446; 
 877;    -1.520;    24.749;    88.446; 
 878;    -1.526;    24.749;    88.446; 
 879;    -1.529;    24.748;    88.446; 
 880;    -1.546;    24.746;    88.446; 
 881;    -1.583;    24.745;    88.446; 
 882;    -1.601;    24.745;    88.446; 
 883;    -1.608;    24.745;    88.446; 
 884;    -1.611;    24.745;    88.446; 
 885;    -1.614;    24.745;    88.446; 
 886;    -1.620;    24.745;    88.446; 
 887;    -1.628;    24.744;    88.446; 
 888;    -1.633;    24.744;    88.446; 
 889;    -1.644;    24.743;    88.446; 
 890;    -1.672;    24.741;    88.446; 
 891;    -1.712;    24.744;    88.446; 
 892;    -1.777;    24.759;    88.446; 
 893;    -1.847;    24.796;    88.446; 
 894;    -1.901;    24.847;    88.446; 
 895;    -1.941;    24.912;    88.446; 
 896;    -1.946;    24.923;    88.446; 
 897;    -1.952;    24.937;    88.446; 
 898;    -1.957;    24.947;    88.446; 
 899;    -1.963;    24.962;    88.446; 
 900;    -1.968;    24.976;    88.446; 
 901;    -1.973;    24.988;    88.446; 
 902;    -1.980;    25.010;    88.446; 
 903;    -1.982;    25.016;    88.446; 
 904;    -1.983;    25.016;    88.446; 
 905;    -1.986;    25.023;    88.446; 
 906;    -1.987;    25.026;    88.446; 
 907;    -1.993;    25.042;    88.446; 
 908;    -2.000;    25.060;    88.446; 
 909;    -2.007;    25.083;    88.446; 
 910;    -2.013;    25.104;    88.446; 
 911;    -2.018;    25.127;    88.446; 
 912;    -2.020;    25.136;    88.446; 
 913;    -2.022;    25.147;    88.446; 
 914;    -2.023;    25.153;    88.446; 
 915;    -2.025;    25.160;    88.446; 
 916;    -2.025;    25.160;    88.446; 
 917;    -2.027;    25.167;    88.446; 
 918;    -2.028;    25.171;    88.446; 
 919;    -2.030;    25.174;    88.446; 
 920;    -2.034;    25.186;    88.446; 
 921;    -2.038;    25.199;    88.446; 
 922;    -2.042;    25.210;    88.446; 
 923;    -2.043;    25.215;    88.446; 
 924;    -2.046;    25.223;    88.446; 
 925;    -2.049;    25.230;    88.446; 
 926;    -2.051;    25.234;    88.446; 
 927;    -2.053;    25.240;    88.446; 
 928;    -2.061;    25.261;    88.446; 
 929;    -2.069;    25.286;    88.446; 
 930;    -2.073;    25.302;    88.446; 
 931;    -2.073;    25.300;    88.446; 
 932;    -2.074;    25.304;    88.446; 
 933;    -2.077;    25.311;    88.446; 
 934;    -2.081;    25.322;    88.446; 
 935;    -2.085;    25.332;    88.446; 
 936;    -2.089;    25.344;    88.446; 
 937;    -2.094;    25.359;    88.446; 
 938;    -2.096;    25.365;    88.446; 
 939;    -2.100;    25.376;    88.446; 
 940;    -2.104;    25.386;    88.446; 
 941;    -2.106;    25.393;    88.446; 
 942;    -2.109;    25.400;    88.446; 
 943;    -2.112;    25.407;    88.446; 
 944;    -2.114;    25.414;    88.446; 
 945;    -2.118;    25.423;    88.446; 
 946;    -2.124;    25.440;    88.446; 
 947;    -2.129;    25.453;    88.446; 
 948;    -2.131;    25.458;    88.446; 
 949;    -2.136;    25.471;    88.446; 
 950;    -2.140;    25.482;    88.446; 
 951;    -2.144;    25.492;    88.446; 
 952;    -2.147;    25.501;    88.446; 
 953;    -2.151;    25.512;    88.446; 
 954;    -2.155;    25.521;    88.446; 
 955;    -2.157;    25.527;    88.446; 
 956;    -2.160;    25.535;    88.446; 
 957;    -2.164;    25.545;    88.446; 
 958;    -2.166;    25.548;    88.446; 
 959;    -2.170;    25.557;    88.446; 
 960;    -2.177;    25.576;    88.446; 
 961;    -2.183;    25.591;    88.446; 
 962;    -2.185;    25.598;    88.446; 
 963;    -2.188;    25.605;    88.446; 
 964;    -2.191;    25.610;    88.446; 
 965;    -2.193;    25.615;    88.446; 
 966;    -2.199;    25.630;    88.446; 
 967;    -2.203;    25.640;    88.446; 
 968;    -2.209;    25.654;    88.446; 
 969;    -2.214;    25.667;    88.446; 
 970;    -2.218;    25.677;    88.446; 
 971;    -2.220;    25.683;    88.446; 
 972;    -2.222;    25.688;    88.446; 
 973;    -2.227;    25.699;    88.446; 
 974;    -2.231;    25.709;    88.446; 
 975;    -2.235;    25.718;    88.446; 
 976;    -2.238;    25.725;    88.446; 
 977;    -2.242;    25.735;    88.446; 
 978;    -2.246;    25.745;    88.446; 
 979;    -2.249;    25.752;    88.446; 
 980;    -2.254;    25.762;    88.446; 
 981;    -2.257;    25.770;    88.446; 
 982;    -2.261;    25.778;    88.446; 
 983;    -2.267;    25.792;    88.446; 
 984;    -2.271;    25.801;    88.446; 
 985;    -2.276;    25.812;    88.446; 
 986;    -2.280;    25.822;    88.446; 
 987;    -2.284;    25.830;    88.446; 
 988;    -2.287;    25.837;    88.446; 
 989;    -2.290;    25.845;    88.446; 
 990;    -2.295;    25.856;    88.446; 
 991;    -2.302;    25.872;    88.446; 
 992;    -2.307;    25.883;    88.446; 
 993;    -2.309;    25.890;    88.446; 
 994;    -2.312;    25.896;    88.446; 
 995;    -2.316;    25.904;    88.446; 
 996;    -2.319;    25.910;    88.446; 
 997;    -2.323;    25.919;    88.446; 
 998;    -2.326;    25.926;    88.446; 
 999;    -2.331;    25.935;    88.446; 
1000;    -2.338;    25.949;    88.446; 
1001;    -2.343;    25.960;    88.446; 
1002;    -2.348;    25.971;    88.446; 
1003;    -2.351;    25.978;    88.446; 
1004;    -2.356;    25.988;    88.446; 
1005;    -2.360;    25.998;    88.446; 
1006;    -2.365;    26.008;    88.446; 
1007;    -2.367;    26.014;    88.446; 
1008;    -2.373;    26.025;    88.446; 
1009;    -2.376;    26.031;    88.446; 
1010;    -2.381;    26.042;    88.446; 
1011;    -2.386;    26.054;    88.446; 
1012;    -2.391;    26.062;    88.446; 
1013;    -2.396;    26.074;    88.446; 
1014;    -2.400;    26.084;    88.446; 
1015;    -2.402;    26.088;    88.446; 
1016;    -2.409;    26.102;    88.446; 
1017;    -2.411;    26.106;    88.446; 
1018;    -2.416;    26.116;    88.446; 
1019;    -2.421;    26.126;    88.446; 
1020;    -2.426;    26.137;    88.446; 
1021;    -2.431;    26.148;    88.446; 
1022;    -2.434;    26.153;    88.446; 
1023;    -2.440;    26.166;    88.446; 
1024;    -2.445;    26.177;    88.446; 
1025;    -2.449;    26.185;    88.446; 
1026;    -2.454;    26.195;    88.446; 
1027;    -2.456;    26.200;    88.446; 
1028;    -2.461;    26.209;    88.446; 
1029;    -2.466;    26.219;    88.446; 
1030;    -2.469;    26.226;    88.446; 
1031;    -2.474;    26.234;    88.446; 
1032;    -2.479;    26.245;    88.446; 
1033;    -2.485;    26.255;    88.446; 
1034;    -2.491;    26.269;    88.446; 
1035;    -2.497;    26.281;    88.446; 
1036;    -2.501;    26.288;    88.446; 
1037;    -2.505;    26.297;    88.446; 
1038;    -2.509;    26.305;    88.446; 
1039;    -2.514;    26.314;    88.446; 
1040;    -2.517;    26.321;    88.446; 
1041;    -2.523;    26.332;    88.446; 
1042;    -2.528;    26.341;    88.446; 
1043;    -2.534;    26.354;    88.446; 
1044;    -2.539;    26.364;    88.446; 
1045;    -2.543;    26.371;    88.446; 
1046;    -2.548;    26.381;    88.446; 
1047;    -2.552;    26.389;    88.446; 
1048;    -2.557;    26.399;    88.446; 
1049;    -2.561;    26.407;    88.446; 
1050;    -2.565;    26.414;    88.446; 
1051;    -2.570;    26.423;    88.446; 
1052;    -2.575;    26.432;    88.446; 
1053;    -2.580;    26.442;    88.446; 
1054;    -2.586;    26.453;    88.446; 
1055;    -2.591;    26.462;    88.446; 
1056;    -2.596;    26.471;    88.446; 
1057;    -2.599;    26.477;    88.446; 
1058;    -2.603;    26.483;    88.446; 
1059;    -2.609;    26.495;    88.446; 
1060;    -2.613;    26.501;    88.446; 
1061;    -2.621;    26.515;    88.446; 
1062;    -2.626;    26.525;    88.446; 
1063;    -2.634;    26.539;    88.446; 
1064;    -2.639;    26.549;    88.446; 
1065;    -2.643;    26.557;    88.446; 
1066;    -2.646;    26.563;    88.446; 
1067;    -2.648;    26.565;    88.446; 
1068;    -2.654;    26.575;    88.446; 
1069;    -2.659;    26.585;    88.446; 
1070;    -2.667;    26.599;    88.446; 
1071;    -2.672;    26.608;    88.446; 
1072;    -2.679;    26.621;    88.446; 
1073;    -2.684;    26.630;    88.446; 
1074;    -2.690;    26.641;    88.446; 
1075;    -2.693;    26.646;    88.446; 
1076;    -2.700;    26.660;    88.446; 
1077;    -2.706;    26.670;    88.446; 
1078;    -2.711;    26.680;    88.446; 
1079;    -2.715;    26.687;    88.446; 
1080;    -2.718;    26.692;    88.446; 
1081;    -2.722;    26.700;    88.446; 
1082;    -2.726;    26.707;    88.446; 
1083;    -2.733;    26.719;    88.446; 
1084;    -2.739;    26.729;    88.446; 
1085;    -2.746;    26.742;    88.446; 
1086;    -2.751;    26.751;    88.446; 
1087;    -2.756;    26.760;    88.446; 
1088;    -2.759;    26.766;    88.446; 
1089;    -2.767;    26.779;    88.446; 
1090;    -2.771;    26.787;    88.446; 
1091;    -2.775;    26.794;    88.446; 
1092;    -2.778;    26.799;    88.446; 
1093;    -2.781;    26.804;    88.446; 
1094;    -2.785;    26.810;    88.446; 
1095;    -2.790;    26.816;    88.446; 
1096;    -2.792;    26.820;    88.446; 
1097;    -2.795;    26.824;    88.446; 
1098;    -2.798;    26.828;    88.446; 
1099;    -2.802;    26.832;    88.446; 
1100;    -2.802;    26.832;    88.446; 
1101;    -2.809;    26.840;    88.446; 
1102;    -2.813;    26.845;    88.446; 
1103;    -2.819;    26.850;    88.446; 
1104;    -2.822;    26.854;    88.446; 
1105;    -2.828;    26.859;    88.446; 
1106;    -2.832;    26.863;    88.446; 
1107;    -2.832;    26.863;    88.446; 
1108;    -2.839;    26.868;    88.446; 
1109;    -2.843;    26.872;    88.446; 
1110;    -2.852;    26.879;    88.446; 
1111;    -2.857;    26.883;    88.446; 
1112;    -2.861;    26.886;    88.446; 
1113;    -2.864;    26.888;    88.446; 
1114;    -2.865;    26.888;    88.446; 
1115;    -2.868;    26.890;    88.446; 
1116;    -2.872;    26.892;    88.446; 
1117;    -2.876;    26.893;    88.446; 
1118;    -2.877;    26.894;    88.446; 
1119;    -2.882;    26.896;    88.446; 
1120;    -2.884;    26.896;    88.446; 
1121;    -2.885;    26.896;    88.446; 
1122;    -2.892;    26.898;    88.446; 
1123;    -2.899;    26.900;    88.446; 
1124;    -2.906;    26.902;    88.446; 
1125;    -2.916;    26.904;    88.446; 
1126;    -2.920;    26.905;    88.446; 
1127;    -2.924;    26.906;    88.446; 
1128;    -2.929;    26.907;    88.446; 
1129;    -2.935;    26.908;    88.446; 
1130;    -2.938;    26.908;    88.446; 
1131;    -2.944;    26.909;    88.446; 
1132;    -2.949;    26.909;    88.446; 
1133;    -2.954;    26.910;    88.446; 
1134;    -2.957;    26.910;    88.446; 
1135;    -2.960;    26.910;    88.446; 
1136;    -2.969;    26.910;    88.446; 
1137;    -2.975;    26.910;    88.446; 
1138;    -2.981;    26.909;    88.446; 
1139;    -2.984;    26.909;    88.446; 
1140;    -2.990;    26.909;    88.446; 
1141;    -2.999;    26.908;    88.446; 
1142;    -3.007;    26.907;    88.446; 
1143;    -3.015;    26.906;    88.446; 
1144;    -3.022;    26.905;    88.446; 
1145;    -3.029;    26.904;    88.446; 
