[A]
   1;     3.473;    26.916;    88.446; 
   2;     3.463;    26.917;    88.446; 
   3;     3.450;    26.918;    88.446; 
   4;     3.440;    26.920;    88.446; 
   5;     3.426;    26.922;    88.446; 
   6;     3.417;    26.923;    88.446; 
   7;     3.407;    26.924;    88.446; 
   8;     3.399;    26.925;    88.446; 
   9;     3.393;    26.925;    88.446; 
  10;     3.382;    26.927;    88.446; 
  11;     3.366;    26.928;    88.446; 
  12;     3.354;    26.930;    88.446; 
  13;     3.338;    26.932;    88.446; 
  14;     3.327;    26.934;    88.446; 
  15;     3.317;    26.936;    88.446; 
  16;     3.305;    26.937;    88.446; 
  17;     3.295;    26.939;    88.446; 
  18;     3.290;    26.940;    88.446; 
  19;     3.282;    26.941;    88.446; 
  20;     3.276;    26.941;    88.446; 
  21;     3.263;    26.943;    88.446; 
  22;     3.253;    26.944;    88.446; 
  23;     3.246;    26.945;    88.446; 
  24;     3.240;    26.945;    88.446; 
  25;     3.237;    26.945;    88.446; 
  26;     3.235;    26.945;    88.446; 
  27;     3.217;    26.946;    88.446; 
  28;     3.189;    26.949;    88.446; 
  29;     3.181;    26.950;    88.446; 
  30;     3.173;    26.951;    88.446; 
  31;     3.168;    26.951;    88.446; 
  32;     3.163;    26.952;    88.446; 
  33;     3.161;    26.952;    88.446; 
  34;     3.157;    26.952;    88.446; 
  35;     3.154;    26.951;    88.446; 
  36;     3.150;    26.951;    88.446; 
  37;     3.146;    26.950;    88.446; 
  38;     3.144;    26.950;    88.446; 
  39;     3.138;    26.949;    88.446; 
  40;     3.130;    26.948;    88.446; 
  41;     3.124;    26.947;    88.446; 
  42;     3.117;    26.946;    88.446; 
  43;     3.107;    26.944;    88.446; 
  44;     3.100;    26.942;    88.446; 
  45;     3.098;    26.942;    88.446; 
  46;     3.094;    26.941;    88.446; 
  47;     3.091;    26.940;    88.446; 
  48;     3.090;    26.939;    88.446; 
  49;     3.087;    26.938;    88.446; 
  50;     3.084;    26.936;    88.446; 
  51;     3.083;    26.936;    88.446; 
  52;     3.078;    26.933;    88.446; 
  53;     3.079;    26.933;    88.446; 
  54;     3.076;    26.931;    88.446; 
  55;     3.076;    26.931;    88.446; 
  56;     3.073;    26.929;    88.446; 
  57;     3.072;    26.928;    88.446; 
  58;     3.071;    26.927;    88.446; 
  59;     3.068;    26.924;    88.446; 
  60;     3.065;    26.921;    88.446; 
  61;     3.054;    26.911;    88.446; 
  62;     3.047;    26.905;    88.446; 
  63;     3.025;    26.887;    88.446; 
  64;     3.007;    26.874;    88.446; 
  65;     3.005;    26.872;    88.446; 
  66;     3.002;    26.870;    88.446; 
  67;     3.000;    26.868;    88.446; 
  68;     2.999;    26.867;    88.446; 
  69;     2.998;    26.865;    88.446; 
  70;     2.996;    26.862;    88.446; 
  71;     2.996;    26.862;    88.446; 
  72;     2.995;    26.861;    88.446; 
  73;     2.993;    26.858;    88.446; 
  74;     2.993;    26.858;    88.446; 
  75;     2.988;    26.850;    88.446; 
  76;     2.987;    26.849;    88.446; 
  77;     2.981;    26.838;    88.446; 
  78;     2.976;    26.830;    88.446; 
  79;     2.968;    26.816;    88.446; 
  80;     2.962;    26.807;    88.446; 
  81;     2.959;    26.801;    88.446; 
  82;     2.953;    26.792;    88.446; 
  83;     2.948;    26.784;    88.446; 
  84;     2.945;    26.778;    88.446; 
  85;     2.939;    26.767;    88.446; 
  86;     2.933;    26.758;    88.446; 
  87;     2.929;    26.751;    88.446; 
  88;     2.924;    26.742;    88.446; 
  89;     2.921;    26.736;    88.446; 
  90;     2.918;    26.730;    88.446; 
  91;     2.909;    26.713;    88.446; 
  92;     2.902;    26.701;    88.446; 
  93;     2.897;    26.693;    88.446; 
  94;     2.889;    26.678;    88.446; 
  95;     2.885;    26.671;    88.446; 
  96;     2.880;    26.663;    88.446; 
  97;     2.875;    26.655;    88.446; 
  98;     2.869;    26.644;    88.446; 
  99;     2.867;    26.640;    88.446; 
 100;     2.864;    26.634;    88.446; 
 101;     2.859;    26.625;    88.446; 
 102;     2.855;    26.617;    88.446; 
 103;     2.852;    26.610;    88.446; 
 104;     2.840;    26.588;    88.446; 
 105;     2.833;    26.577;    88.446; 
 106;     2.828;    26.568;    88.446; 
 107;     2.822;    26.558;    88.446; 
 108;     2.817;    26.549;    88.446; 
 109;     2.812;    26.541;    88.446; 
 110;     2.808;    26.534;    88.446; 
 111;     2.804;    26.527;    88.446; 
 112;     2.801;    26.521;    88.446; 
 113;     2.796;    26.511;    88.446; 
 114;     2.791;    26.502;    88.446; 
 115;     2.786;    26.493;    88.446; 
 116;     2.781;    26.484;    88.446; 
 117;     2.777;    26.476;    88.446; 
 118;     2.775;    26.473;    88.446; 
 119;     2.772;    26.466;    88.446; 
 120;     2.768;    26.457;    88.446; 
 121;     2.762;    26.445;    88.446; 
 122;     2.747;    26.418;    88.446; 
 123;     2.743;    26.411;    88.446; 
 124;     2.742;    26.408;    88.446; 
 125;     2.738;    26.401;    88.446; 
 126;     2.735;    26.395;    88.446; 
 127;     2.727;    26.381;    88.446; 
 128;     2.723;    26.373;    88.446; 
 129;     2.717;    26.362;    88.446; 
 130;     2.710;    26.349;    88.446; 
 131;     2.705;    26.341;    88.446; 
 132;     2.703;    26.336;    88.446; 
 133;     2.696;    26.323;    88.446; 
 134;     2.691;    26.315;    88.446; 
 135;     2.686;    26.305;    88.446; 
 136;     2.681;    26.295;    88.446; 
 137;     2.676;    26.286;    88.446; 
 138;     2.672;    26.278;    88.446; 
 139;     2.667;    26.269;    88.446; 
 140;     2.663;    26.262;    88.446; 
 141;     2.659;    26.254;    88.446; 
 142;     2.655;    26.245;    88.446; 
 143;     2.650;    26.235;    88.446; 
 144;     2.644;    26.224;    88.446; 
 145;     2.640;    26.216;    88.446; 
 146;     2.635;    26.206;    88.446; 
 147;     2.631;    26.197;    88.446; 
 148;     2.629;    26.193;    88.446; 
 149;     2.622;    26.180;    88.446; 
 150;     2.617;    26.170;    88.446; 
 151;     2.613;    26.161;    88.446; 
 152;     2.609;    26.152;    88.446; 
 153;     2.603;    26.140;    88.446; 
 154;     2.598;    26.130;    88.446; 
 155;     2.591;    26.117;    88.446; 
 156;     2.588;    26.111;    88.446; 
 157;     2.585;    26.104;    88.446; 
 158;     2.578;    26.089;    88.446; 
 159;     2.571;    26.077;    88.446; 
 160;     2.568;    26.071;    88.446; 
 161;     2.562;    26.059;    88.446; 
 162;     2.559;    26.053;    88.446; 
 163;     2.559;    26.052;    88.446; 
 164;     2.552;    26.037;    88.446; 
 165;     2.549;    26.031;    88.446; 
 166;     2.544;    26.020;    88.446; 
 167;     2.537;    26.006;    88.446; 
 168;     2.532;    25.996;    88.446; 
 169;     2.526;    25.985;    88.446; 
 170;     2.522;    25.975;    88.446; 
 171;     2.519;    25.970;    88.446; 
 172;     2.514;    25.960;    88.446; 
 173;     2.511;    25.952;    88.446; 
 174;     2.507;    25.945;    88.446; 
 175;     2.506;    25.940;    88.446; 
 176;     2.502;    25.932;    88.446; 
 177;     2.498;    25.923;    88.446; 
 178;     2.492;    25.909;    88.446; 
 179;     2.485;    25.893;    88.446; 
 180;     2.478;    25.879;    88.446; 
 181;     2.473;    25.869;    88.446; 
 182;     2.470;    25.864;    88.446; 
 183;     2.469;    25.859;    88.446; 
 184;     2.465;    25.852;    88.446; 
 185;     2.464;    25.848;    88.446; 
 186;     2.459;    25.837;    88.446; 
 187;     2.452;    25.822;    88.446; 
 188;     2.447;    25.810;    88.446; 
 189;     2.444;    25.802;    88.446; 
 190;     2.442;    25.798;    88.446; 
 191;     2.439;    25.790;    88.446; 
 192;     2.432;    25.775;    88.446; 
 193;     2.427;    25.763;    88.446; 
 194;     2.421;    25.751;    88.446; 
 195;     2.418;    25.743;    88.446; 
 196;     2.413;    25.732;    88.446; 
 197;     2.408;    25.723;    88.446; 
 198;     2.404;    25.714;    88.446; 
 199;     2.397;    25.699;    88.446; 
 200;     2.394;    25.692;    88.446; 
 201;     2.390;    25.684;    88.446; 
 202;     2.387;    25.677;    88.446; 
 203;     2.386;    25.675;    88.446; 
 204;     2.383;    25.665;    88.446; 
 205;     2.380;    25.658;    88.446; 
 206;     2.375;    25.647;    88.446; 
 207;     2.371;    25.637;    88.446; 
 208;     2.365;    25.623;    88.446; 
 209;     2.361;    25.613;    88.446; 
 210;     2.359;    25.607;    88.446; 
 211;     2.355;    25.599;    88.446; 
 212;     2.352;    25.590;    88.446; 
 213;     2.347;    25.577;    88.446; 
 214;     2.343;    25.569;    88.446; 
 215;     2.339;    25.558;    88.446; 
 216;     2.335;    25.548;    88.446; 
 217;     2.333;    25.544;    88.446; 
 218;     2.328;    25.531;    88.446; 
 219;     2.324;    25.521;    88.446; 
 220;     2.320;    25.510;    88.446; 
 221;     2.315;    25.499;    88.446; 
 222;     2.311;    25.488;    88.446; 
 223;     2.307;    25.478;    88.446; 
 224;     2.304;    25.472;    88.446; 
 225;     2.301;    25.465;    88.446; 
 226;     2.299;    25.457;    88.446; 
 227;     2.297;    25.452;    88.446; 
 228;     2.295;    25.445;    88.446; 
 229;     2.288;    25.428;    88.446; 
 230;     2.280;    25.408;    88.446; 
 231;     2.276;    25.398;    88.446; 
 232;     2.274;    25.394;    88.446; 
 233;     2.272;    25.387;    88.446; 
 234;     2.268;    25.376;    88.446; 
 235;     2.265;    25.369;    88.446; 
 236;     2.259;    25.354;    88.446; 
 237;     2.255;    25.344;    88.446; 
 238;     2.252;    25.335;    88.446; 
 239;     2.248;    25.325;    88.446; 
 240;     2.247;    25.323;    88.446; 
 241;     2.245;    25.316;    88.446; 
 242;     2.242;    25.308;    88.446; 
 243;     2.238;    25.296;    88.446; 
 244;     2.235;    25.286;    88.446; 
 245;     2.230;    25.274;    88.446; 
 246;     2.227;    25.266;    88.446; 
 247;     2.225;    25.258;    88.446; 
 248;     2.220;    25.245;    88.446; 
 249;     2.218;    25.237;    88.446; 
 250;     2.215;    25.229;    88.446; 
 251;     2.213;    25.221;    88.446; 
 252;     2.210;    25.212;    88.446; 
 253;     2.207;    25.204;    88.446; 
 254;     2.205;    25.197;    88.446; 
 255;     2.203;    25.189;    88.446; 
 256;     2.198;    25.174;    88.446; 
 257;     2.194;    25.162;    88.446; 
 258;     2.190;    25.149;    88.446; 
 259;     2.186;    25.137;    88.446; 
 260;     2.181;    25.124;    88.446; 
 261;     2.177;    25.112;    88.446; 
 262;     2.175;    25.107;    88.446; 
 263;     2.175;    25.105;    88.446; 
 264;     2.170;    25.092;    88.446; 
 265;     2.168;    25.085;    88.446; 
 266;     2.163;    25.070;    88.446; 
 267;     2.157;    25.052;    88.446; 
 268;     2.151;    25.038;    88.446; 
 269;     2.146;    25.026;    88.446; 
 270;     2.144;    25.020;    88.446; 
 271;     2.140;    25.010;    88.446; 
 272;     2.134;    24.995;    88.446; 
 273;     2.129;    24.984;    88.446; 
 274;     2.118;    24.961;    88.446; 
 275;     2.110;    24.946;    88.446; 
 276;     2.099;    24.926;    88.446; 
 277;     2.069;    24.887;    88.446; 
 278;     1.981;    24.821;    88.446; 
 279;     1.885;    24.795;    88.446; 
 280;     1.829;    24.795;    88.446; 
 281;     1.820;    24.796;    88.446; 
 282;     1.811;    24.797;    88.446; 
 283;     1.800;    24.798;    88.446; 
 284;     1.788;    24.798;    88.446; 
 285;     1.778;    24.799;    88.446; 
 286;     1.767;    24.800;    88.446; 
 287;     1.757;    24.801;    88.446; 
 288;     1.750;    24.801;    88.446; 
 289;     1.739;    24.802;    88.446; 
 290;     1.730;    24.802;    88.446; 
 291;     1.721;    24.802;    88.446; 
 292;     1.705;    24.804;    88.446; 
 293;     1.692;    24.804;    88.446; 
 294;     1.681;    24.805;    88.446; 
 295;     1.670;    24.806;    88.446; 
 296;     1.666;    24.806;    88.446; 
 297;     1.660;    24.806;    88.446; 
 298;     1.651;    24.807;    88.446; 
 299;     1.623;    24.809;    88.446; 
 300;     1.601;    24.811;    88.446; 
 301;     1.596;    24.812;    88.446; 
 302;     1.596;    24.812;    88.446; 
 303;     1.595;    24.811;    88.446; 
 304;     1.586;    24.812;    88.446; 
 305;     1.557;    24.814;    88.446; 
 306;     1.540;    24.816;    88.446; 
 307;     1.535;    24.816;    88.446; 
 308;     1.532;    24.816;    88.446; 
 309;     1.528;    24.816;    88.446; 
 310;     1.509;    24.817;    88.446; 
 311;     1.482;    24.821;    88.446; 
 312;     1.470;    24.822;    88.446; 
 313;     1.438;    24.829;    88.446; 
 314;     1.359;    24.863;    88.446; 
 315;     1.287;    24.928;    88.446; 
 316;     1.250;    24.991;    88.446; 
 317;     1.235;    25.033;    88.446; 
 318;     1.229;    25.059;    88.446; 
 319;     1.224;    25.082;    88.446; 
 320;     1.223;    25.086;    88.446; 
 321;     1.222;    25.090;    88.446; 
 322;     1.222;    25.088;    88.446; 
 323;     1.220;    25.096;    88.446; 
 324;     1.217;    25.109;    88.446; 
 325;     1.211;    25.130;    88.446; 
 326;     1.208;    25.145;    88.446; 
 327;     1.207;    25.148;    88.446; 
 328;     1.203;    25.167;    88.446; 
 329;     1.200;    25.184;    88.446; 
 330;     1.198;    25.200;    88.446; 
 331;     1.197;    25.203;    88.446; 
 332;     1.195;    25.212;    88.446; 
 333;     1.194;    25.219;    88.446; 
 334;     1.192;    25.228;    88.446; 
 335;     1.189;    25.244;    88.446; 
 336;     1.186;    25.269;    88.446; 
 337;     1.185;    25.277;    88.446; 
 338;     1.184;    25.279;    88.446; 
 339;     1.184;    25.280;    88.446; 
 340;     1.182;    25.287;    88.446; 
 341;     1.180;    25.299;    88.446; 
 342;     1.178;    25.307;    88.446; 
 343;     1.175;    25.319;    88.446; 
 344;     1.173;    25.326;    88.446; 
 345;     1.172;    25.331;    88.446; 
 346;     1.170;    25.338;    88.446; 
 347;     1.168;    25.346;    88.446; 
 348;     1.162;    25.370;    88.446; 
 349;     1.158;    25.399;    88.446; 
 350;     1.155;    25.422;    88.446; 
 351;     1.155;    25.422;    88.446; 
 352;     1.155;    25.422;    88.446; 
 353;     1.154;    25.428;    88.446; 
 354;     1.154;    25.427;    88.446; 
 355;     1.151;    25.438;    88.446; 
 356;     1.149;    25.448;    88.446; 
 357;     1.145;    25.464;    88.446; 
 358;     1.142;    25.477;    88.446; 
 359;     1.140;    25.488;    88.446; 
 360;     1.138;    25.496;    88.446; 
 361;     1.136;    25.503;    88.446; 
 362;     1.135;    25.511;    88.446; 
 363;     1.133;    25.519;    88.446; 
 364;     1.131;    25.527;    88.446; 
 365;     1.127;    25.540;    88.446; 
 366;     1.125;    25.549;    88.446; 
 367;     1.122;    25.562;    88.446; 
 368;     1.119;    25.574;    88.446; 
 369;     1.117;    25.580;    88.446; 
 370;     1.115;    25.590;    88.446; 
 371;     1.112;    25.601;    88.446; 
 372;     1.109;    25.610;    88.446; 
 373;     1.107;    25.619;    88.446; 
 374;     1.104;    25.632;    88.446; 
 375;     1.101;    25.641;    88.446; 
 376;     1.099;    25.649;    88.446; 
 377;     1.096;    25.659;    88.446; 
 378;     1.093;    25.670;    88.446; 
 379;     1.089;    25.686;    88.446; 
 380;     1.086;    25.702;    88.446; 
 381;     1.084;    25.710;    88.446; 
 382;     1.081;    25.725;    88.446; 
 383;     1.079;    25.729;    88.446; 
 384;     1.078;    25.736;    88.446; 
 385;     1.076;    25.743;    88.446; 
 386;     1.075;    25.744;    88.446; 
 387;     1.074;    25.748;    88.446; 
 388;     1.068;    25.767;    88.446; 
 389;     1.063;    25.786;    88.446; 
 390;     1.060;    25.799;    88.446; 
 391;     1.058;    25.804;    88.446; 
 392;     1.056;    25.812;    88.446; 
 393;     1.054;    25.818;    88.446; 
 394;     1.050;    25.831;    88.446; 
 395;     1.047;    25.843;    88.446; 
 396;     1.044;    25.853;    88.446; 
 397;     1.042;    25.861;    88.446; 
 398;     1.039;    25.872;    88.446; 
 399;     1.036;    25.883;    88.446; 
 400;     1.032;    25.895;    88.446; 
 401;     1.031;    25.901;    88.446; 
 402;     1.028;    25.908;    88.446; 
 403;     1.026;    25.917;    88.446; 
 404;     1.022;    25.930;    88.446; 
 405;     1.019;    25.938;    88.446; 
 406;     1.016;    25.948;    88.446; 
 407;     1.013;    25.958;    88.446; 
 408;     1.010;    25.969;    88.446; 
 409;     1.008;    25.975;    88.446; 
 410;     1.005;    25.983;    88.446; 
 411;     1.001;    25.995;    88.446; 
 412;      .997;    26.008;    88.446; 
 413;      .993;    26.021;    88.446; 
 414;      .988;    26.038;    88.446; 
 415;      .986;    26.045;    88.446; 
 416;      .983;    26.058;    88.446; 
 417;      .981;    26.063;    88.446; 
 418;      .979;    26.069;    88.446; 
 419;      .978;    26.074;    88.446; 
 420;      .974;    26.086;    88.446; 
 421;      .970;    26.097;    88.446; 
 422;      .966;    26.113;    88.446; 
 423;      .964;    26.120;    88.446; 
 424;      .961;    26.127;    88.446; 
 425;      .959;    26.134;    88.446; 
 426;      .956;    26.141;    88.446; 
 427;      .952;    26.155;    88.446; 
 428;      .950;    26.161;    88.446; 
 429;      .946;    26.171;    88.446; 
 430;      .944;    26.177;    88.446; 
 431;      .939;    26.192;    88.446; 
 432;      .935;    26.204;    88.446; 
 433;      .932;    26.212;    88.446; 
 434;      .929;    26.221;    88.446; 
 435;      .923;    26.238;    88.446; 
 436;      .919;    26.251;    88.446; 
 437;      .916;    26.260;    88.446; 
 438;      .913;    26.271;    88.446; 
 439;      .910;    26.282;    88.446; 
 440;      .907;    26.290;    88.446; 
 441;      .904;    26.299;    88.446; 
 442;      .902;    26.305;    88.446; 
 443;      .899;    26.315;    88.446; 
 444;      .895;    26.327;    88.446; 
 445;      .892;    26.334;    88.446; 
 446;      .888;    26.346;    88.446; 
 447;      .885;    26.354;    88.446; 
 448;      .881;    26.364;    88.446; 
 449;      .879;    26.370;    88.446; 
 450;      .876;    26.378;    88.446; 
 451;      .873;    26.387;    88.446; 
 452;      .867;    26.401;    88.446; 
 453;      .863;    26.415;    88.446; 
 454;      .859;    26.426;    88.446; 
 455;      .855;    26.436;    88.446; 
 456;      .852;    26.446;    88.446; 
 457;      .849;    26.456;    88.446; 
 458;      .846;    26.462;    88.446; 
 459;      .843;    26.470;    88.446; 
 460;      .840;    26.478;    88.446; 
 461;      .836;    26.489;    88.446; 
 462;      .832;    26.501;    88.446; 
 463;      .828;    26.513;    88.446; 
 464;      .823;    26.526;    88.446; 
 465;      .822;    26.529;    88.446; 
 466;      .819;    26.537;    88.446; 
 467;      .815;    26.548;    88.446; 
 468;      .811;    26.558;    88.446; 
 469;      .807;    26.568;    88.446; 
 470;      .803;    26.578;    88.446; 
 471;      .799;    26.589;    88.446; 
 472;      .795;    26.599;    88.446; 
 473;      .794;    26.602;    88.446; 
 474;      .786;    26.623;    88.446; 
 475;      .783;    26.632;    88.446; 
 476;      .781;    26.637;    88.446; 
 477;      .778;    26.646;    88.446; 
 478;      .776;    26.651;    88.446; 
 479;      .772;    26.660;    88.446; 
 480;      .766;    26.675;    88.446; 
 481;      .761;    26.688;    88.446; 
 482;      .757;    26.700;    88.446; 
 483;      .755;    26.704;    88.446; 
 484;      .751;    26.714;    88.446; 
 485;      .748;    26.721;    88.446; 
 486;      .744;    26.731;    88.446; 
 487;      .739;    26.742;    88.446; 
 488;      .734;    26.755;    88.446; 
 489;      .732;    26.760;    88.446; 
 490;      .727;    26.773;    88.446; 
 491;      .723;    26.783;    88.446; 
 492;      .718;    26.795;    88.446; 
 493;      .714;    26.806;    88.446; 
 494;      .711;    26.813;    88.446; 
 495;      .709;    26.818;    88.446; 
 496;      .706;    26.824;    88.446; 
 497;      .703;    26.831;    88.446; 
 498;      .698;    26.843;    88.446; 
 499;      .690;    26.860;    88.446; 
 500;      .684;    26.876;    88.446; 
 501;      .681;    26.883;    88.446; 
 502;      .676;    26.898;    88.446; 
 503;      .673;    26.907;    88.446; 
 504;      .670;    26.912;    88.446; 
 505;      .668;    26.919;    88.446; 
 506;      .663;    26.928;    88.446; 
 507;      .659;    26.938;    88.446; 
 508;      .656;    26.946;    88.446; 
 509;      .651;    26.957;    88.446; 
 510;      .648;    26.964;    88.446; 
 511;      .643;    26.976;    88.446; 
 512;      .639;    26.985;    88.446; 
 513;      .634;    26.997;    88.446; 
 514;      .632;    27.000;    88.446; 
 515;      .629;    27.007;    88.446; 
 516;      .627;    27.012;    88.446; 
 517;      .625;    27.014;    88.446; 
 518;      .621;    27.022;    88.446; 
 519;      .618;    27.027;    88.446; 
 520;      .618;    27.027;    88.446; 
 521;      .611;    27.038;    88.446; 
 522;      .611;    27.038;    88.446; 
 523;      .607;    27.043;    88.446; 
 524;      .602;    27.049;    88.446; 
 525;      .599;    27.053;    88.446; 
 526;      .597;    27.056;    88.446; 
 527;      .594;    27.059;    88.446; 
 528;      .590;    27.064;    88.446; 
 529;      .587;    27.066;    88.446; 
 530;      .583;    27.071;    88.446; 
 531;      .584;    27.070;    88.446; 
 532;      .578;    27.075;    88.446; 
 533;      .576;    27.076;    88.446; 
 534;      .572;    27.079;    88.446; 
 535;      .561;    27.088;    88.446; 
 536;      .556;    27.092;    88.446; 
 537;      .553;    27.094;    88.446; 
 538;      .551;    27.095;    88.446; 
 539;      .549;    27.097;    88.446; 
 540;      .544;    27.099;    88.446; 
 541;      .541;    27.100;    88.446; 
 542;      .537;    27.102;    88.446; 
 543;      .531;    27.105;    88.446; 
 544;      .524;    27.109;    88.446; 
 545;      .515;    27.112;    88.446; 
 546;      .509;    27.115;    88.446; 
 547;      .505;    27.116;    88.446; 
 548;      .501;    27.117;    88.446; 
 549;      .497;    27.119;    88.446; 
 550;      .493;    27.120;    88.446; 
 551;      .488;    27.121;    88.446; 
 552;      .483;    27.122;    88.446; 
 553;      .480;    27.122;    88.446; 
 554;      .472;    27.124;    88.446; 
 555;      .467;    27.124;    88.446; 
 556;      .463;    27.125;    88.446; 
 557;      .459;    27.125;    88.446; 
 558;      .455;    27.125;    88.446; 
 559;      .450;    27.125;    88.446; 
 560;      .443;    27.125;    88.446; 
 561;      .437;    27.126;    88.446; 
 562;      .429;    27.125;    88.446; 
 563;      .419;    27.125;    88.446; 
 564;      .411;    27.125;    88.446; 
 565;      .400;    27.125;    88.446; 
 566;      .387;    27.125;    88.446; 
 567;      .377;    27.125;    88.446; 
 568;      .368;    27.125;    88.446; 
 569;      .357;    27.125;    88.446; 
 570;      .345;    27.125;    88.446; 
 571;      .334;    27.125;    88.446; 
 572;      .324;    27.125;    88.446; 
 573;      .316;    27.125;    88.446; 
 574;      .309;    27.125;    88.446; 
 575;      .303;    27.125;    88.446; 
 576;      .293;    27.124;    88.446; 
 577;      .270;    27.124;    88.446; 
 578;      .246;    27.125;    88.446; 
 579;      .235;    27.125;    88.446; 
 580;      .230;    27.126;    88.446; 
 581;      .228;    27.125;    88.446; 
 582;      .222;    27.125;    88.446; 
 583;      .212;    27.125;    88.446; 
 584;      .204;    27.125;    88.446; 
 585;      .192;    27.124;    88.446; 
 586;      .172;    27.125;    88.446; 
 587;      .163;    27.125;    88.446; 
 588;      .156;    27.125;    88.446; 
 589;      .149;    27.124;    88.446; 
 590;      .141;    27.124;    88.446; 
 591;      .114;    27.125;    88.446; 
 592;      .092;    27.126;    88.446; 
 593;      .085;    27.127;    88.446; 
 594;      .084;    27.127;    88.446; 
 595;      .079;    27.126;    88.446; 
 596;      .074;    27.126;    88.446; 
 597;      .061;    27.126;    88.446; 
 598;      .052;    27.126;    88.446; 
 599;      .045;    27.126;    88.446; 
 600;      .037;    27.126;    88.446; 
 601;      .024;    27.125;    88.446; 
 602;      .008;    27.125;    88.446; 
 603;     -.007;    27.126;    88.446; 
 604;     -.014;    27.126;    88.446; 
 605;     -.019;    27.125;    88.446; 
 606;     -.026;    27.125;    88.446; 
 607;     -.029;    27.125;    88.446; 
 608;     -.035;    27.124;    88.446; 
 609;     -.041;    27.124;    88.446; 
 610;     -.051;    27.123;    88.446; 
 611;     -.059;    27.122;    88.446; 
 612;     -.078;    27.120;    88.446; 
 613;     -.103;    27.119;    88.446; 
 614;     -.114;    27.119;    88.446; 
 615;     -.122;    27.119;    88.446; 
 616;     -.129;    27.119;    88.446; 
 617;     -.134;    27.118;    88.446; 
 618;     -.134;    27.118;    88.446; 
 619;     -.137;    27.118;    88.446; 
 620;     -.135;    27.118;    88.446; 
 621;     -.137;    27.117;    88.446; 
 622;     -.137;    27.117;    88.446; 
 623;     -.137;    27.117;    88.446; 
 624;     -.140;    27.115;    88.446; 
 625;     -.149;    27.112;    88.446; 
 626;     -.158;    27.109;    88.446; 
 627;     -.163;    27.107;    88.446; 
 628;     -.171;    27.103;    88.446; 
 629;     -.174;    27.102;    88.446; 
 630;     -.177;    27.100;    88.446; 
 631;     -.180;    27.099;    88.446; 
 632;     -.184;    27.097;    88.446; 
 633;     -.190;    27.093;    88.446; 
 634;     -.192;    27.092;    88.446; 
 635;     -.197;    27.089;    88.446; 
 636;     -.198;    27.087;    88.446; 
 637;     -.198;    27.087;    88.446; 
 638;     -.199;    27.086;    88.446; 
 639;     -.201;    27.084;    88.446; 
 640;     -.205;    27.080;    88.446; 
 641;     -.210;    27.076;    88.446; 
 642;     -.223;    27.064;    88.446; 
 643;     -.228;    27.059;    88.446; 
 644;     -.231;    27.056;    88.446; 
 645;     -.233;    27.053;    88.446; 
 646;     -.233;    27.053;    88.446; 
 647;     -.235;    27.050;    88.446; 
 648;     -.236;    27.048;    88.446; 
 649;     -.237;    27.047;    88.446; 
 650;     -.240;    27.043;    88.446; 
 651;     -.244;    27.036;    88.446; 
 652;     -.245;    27.034;    88.446; 
 653;     -.248;    27.028;    88.446; 
 654;     -.251;    27.021;    88.446; 
 655;     -.255;    27.014;    88.446; 
 656;     -.262;    27.000;    88.446; 
 657;     -.267;    26.992;    88.446; 
 658;     -.272;    26.982;    88.446; 
 659;     -.273;    26.979;    88.446; 
 660;     -.277;    26.970;    88.446; 
 661;     -.279;    26.966;    88.446; 
 662;     -.281;    26.962;    88.446; 
 663;     -.286;    26.949;    88.446; 
 664;     -.295;    26.930;    88.446; 
 665;     -.299;    26.921;    88.446; 
 666;     -.300;    26.919;    88.446; 
 667;     -.302;    26.914;    88.446; 
 668;     -.303;    26.911;    88.446; 
 669;     -.311;    26.893;    88.446; 
 670;     -.314;    26.884;    88.446; 
 671;     -.320;    26.871;    88.446; 
 672;     -.324;    26.861;    88.446; 
 673;     -.329;    26.851;    88.446; 
 674;     -.333;    26.841;    88.446; 
 675;     -.336;    26.834;    88.446; 
 676;     -.340;    26.825;    88.446; 
 677;     -.344;    26.815;    88.446; 
 678;     -.348;    26.805;    88.446; 
 679;     -.352;    26.795;    88.446; 
 680;     -.356;    26.786;    88.446; 
 681;     -.359;    26.778;    88.446; 
 682;     -.363;    26.769;    88.446; 
 683;     -.366;    26.762;    88.446; 
 684;     -.371;    26.749;    88.446; 
 685;     -.375;    26.738;    88.446; 
 686;     -.377;    26.734;    88.446; 
 687;     -.382;    26.722;    88.446; 
 688;     -.383;    26.718;    88.446; 
 689;     -.388;    26.705;    88.446; 
 690;     -.392;    26.695;    88.446; 
 691;     -.398;    26.680;    88.446; 
 692;     -.404;    26.666;    88.446; 
 693;     -.406;    26.660;    88.446; 
 694;     -.411;    26.649;    88.446; 
 695;     -.414;    26.642;    88.446; 
 696;     -.417;    26.634;    88.446; 
 697;     -.418;    26.630;    88.446; 
 698;     -.420;    26.625;    88.446; 
 699;     -.423;    26.617;    88.446; 
 700;     -.424;    26.611;    88.446; 
 701;     -.426;    26.603;    88.446; 
 702;     -.433;    26.584;    88.446; 
 703;     -.441;    26.563;    88.446; 
 704;     -.452;    26.539;    88.446; 
 705;     -.457;    26.529;    88.446; 
 706;     -.460;    26.523;    88.446; 
 707;     -.461;    26.519;    88.446; 
 708;     -.464;    26.511;    88.446; 
 709;     -.466;    26.506;    88.446; 
 710;     -.467;    26.503;    88.446; 
 711;     -.470;    26.495;    88.446; 
 712;     -.473;    26.486;    88.446; 
 713;     -.477;    26.474;    88.446; 
 714;     -.480;    26.465;    88.446; 
 715;     -.485;    26.450;    88.446; 
 716;     -.490;    26.437;    88.446; 
 717;     -.495;    26.424;    88.446; 
 718;     -.501;    26.409;    88.446; 
 719;     -.503;    26.404;    88.446; 
 720;     -.508;    26.392;    88.446; 
 721;     -.510;    26.386;    88.446; 
 722;     -.513;    26.378;    88.446; 
 723;     -.517;    26.366;    88.446; 
 724;     -.521;    26.357;    88.446; 
 725;     -.523;    26.350;    88.446; 
 726;     -.526;    26.342;    88.446; 
 727;     -.530;    26.331;    88.446; 
 728;     -.534;    26.320;    88.446; 
 729;     -.537;    26.311;    88.446; 
 730;     -.540;    26.302;    88.446; 
 731;     -.544;    26.291;    88.446; 
 732;     -.547;    26.281;    88.446; 
 733;     -.551;    26.271;    88.446; 
 734;     -.554;    26.262;    88.446; 
 735;     -.557;    26.253;    88.446; 
 736;     -.560;    26.244;    88.446; 
 737;     -.563;    26.236;    88.446; 
 738;     -.566;    26.226;    88.446; 
 739;     -.569;    26.218;    88.446; 
 740;     -.571;    26.209;    88.446; 
 741;     -.577;    26.194;    88.446; 
 742;     -.582;    26.179;    88.446; 
 743;     -.588;    26.164;    88.446; 
 744;     -.591;    26.156;    88.446; 
 745;     -.592;    26.151;    88.446; 
 746;     -.594;    26.145;    88.446; 
 747;     -.598;    26.134;    88.446; 
 748;     -.600;    26.129;    88.446; 
 749;     -.603;    26.120;    88.446; 
 750;     -.606;    26.109;    88.446; 
 751;     -.610;    26.096;    88.446; 
 752;     -.615;    26.082;    88.446; 
 753;     -.619;    26.070;    88.446; 
 754;     -.622;    26.062;    88.446; 
 755;     -.624;    26.055;    88.446; 
 756;     -.627;    26.046;    88.446; 
 757;     -.631;    26.035;    88.446; 
 758;     -.633;    26.026;    88.446; 
 759;     -.637;    26.016;    88.446; 
 760;     -.639;    26.009;    88.446; 
 761;     -.642;    26.000;    88.446; 
 762;     -.643;    25.995;    88.446; 
 763;     -.647;    25.981;    88.446; 
 764;     -.652;    25.966;    88.446; 
 765;     -.656;    25.955;    88.446; 
 766;     -.659;    25.944;    88.446; 
 767;     -.662;    25.936;    88.446; 
 768;     -.664;    25.929;    88.446; 
 769;     -.668;    25.918;    88.446; 
 770;     -.669;    25.912;    88.446; 
 771;     -.673;    25.900;    88.446; 
 772;     -.676;    25.892;    88.446; 
 773;     -.678;    25.883;    88.446; 
 774;     -.681;    25.873;    88.446; 
 775;     -.684;    25.862;    88.446; 
 776;     -.687;    25.853;    88.446; 
 777;     -.690;    25.842;    88.446; 
 778;     -.693;    25.834;    88.446; 
 779;     -.696;    25.821;    88.446; 
 780;     -.698;    25.814;    88.446; 
 781;     -.703;    25.800;    88.446; 
 782;     -.704;    25.795;    88.446; 
 783;     -.707;    25.785;    88.446; 
 784;     -.709;    25.777;    88.446; 
 785;     -.713;    25.764;    88.446; 
 786;     -.716;    25.753;    88.446; 
 787;     -.720;    25.741;    88.446; 
 788;     -.722;    25.731;    88.446; 
 789;     -.725;    25.722;    88.446; 
 790;     -.726;    25.718;    88.446; 
 791;     -.729;    25.709;    88.446; 
 792;     -.730;    25.704;    88.446; 
 793;     -.733;    25.690;    88.446; 
 794;     -.737;    25.676;    88.446; 
 795;     -.741;    25.663;    88.446; 
 796;     -.744;    25.650;    88.446; 
 797;     -.745;    25.647;    88.446; 
 798;     -.748;    25.636;    88.446; 
 799;     -.751;    25.626;    88.446; 
 800;     -.753;    25.618;    88.446; 
 801;     -.757;    25.603;    88.446; 
 802;     -.759;    25.597;    88.446; 
 803;     -.763;    25.584;    88.446; 
 804;     -.766;    25.573;    88.446; 
 805;     -.771;    25.556;    88.446; 
 806;     -.772;    25.554;    88.446; 
 807;     -.774;    25.544;    88.446; 
 808;     -.775;    25.540;    88.446; 
 809;     -.778;    25.528;    88.446; 
 810;     -.780;    25.522;    88.446; 
 811;     -.781;    25.515;    88.446; 
 812;     -.783;    25.505;    88.446; 
 813;     -.785;    25.498;    88.446; 
 814;     -.787;    25.485;    88.446; 
 815;     -.790;    25.472;    88.446; 
 816;     -.791;    25.468;    88.446; 
 817;     -.793;    25.458;    88.446; 
 818;     -.795;    25.447;    88.446; 
 819;     -.798;    25.432;    88.446; 
 820;     -.800;    25.424;    88.446; 
 821;     -.803;    25.411;    88.446; 
 822;     -.808;    25.391;    88.446; 
 823;     -.814;    25.370;    88.446; 
 824;     -.818;    25.360;    88.446; 
 825;     -.819;    25.355;    88.446; 
 826;     -.819;    25.353;    88.446; 
 827;     -.819;    25.353;    88.446; 
 828;     -.820;    25.347;    88.446; 
 829;     -.820;    25.345;    88.446; 
 830;     -.821;    25.339;    88.446; 
 831;     -.823;    25.327;    88.446; 
 832;     -.826;    25.309;    88.446; 
 833;     -.831;    25.289;    88.446; 
 834;     -.835;    25.273;    88.446; 
 835;     -.836;    25.266;    88.446; 
 836;     -.838;    25.257;    88.446; 
 837;     -.839;    25.250;    88.446; 
 838;     -.841;    25.245;    88.446; 
 839;     -.842;    25.237;    88.446; 
 840;     -.843;    25.229;    88.446; 
 841;     -.845;    25.218;    88.446; 
 842;     -.850;    25.196;    88.446; 
 843;     -.851;    25.189;    88.446; 
 844;     -.852;    25.182;    88.446; 
 845;     -.853;    25.179;    88.446; 
 846;     -.854;    25.173;    88.446; 
 847;     -.856;    25.158;    88.446; 
 848;     -.862;    25.131;    88.446; 
 849;     -.868;    25.109;    88.446; 
 850;     -.869;    25.102;    88.446; 
 851;     -.871;    25.096;    88.446; 
 852;     -.872;    25.090;    88.446; 
 853;     -.874;    25.083;    88.446; 
 854;     -.874;    25.080;    88.446; 
 855;     -.879;    25.057;    88.446; 
 856;     -.893;    25.016;    88.446; 
 857;     -.905;    24.990;    88.446; 
 858;     -.921;    24.961;    88.446; 
 859;     -.962;    24.909;    88.446; 
 860;    -1.071;    24.842;    88.446; 
 861;    -1.128;    24.830;    88.446; 
 862;    -1.148;    24.828;    88.446; 
 863;    -1.163;    24.826;    88.446; 
 864;    -1.178;    24.825;    88.446; 
 865;    -1.187;    24.825;    88.446; 
 866;    -1.201;    24.824;    88.446; 
 867;    -1.212;    24.823;    88.446; 
 868;    -1.222;    24.823;    88.446; 
 869;    -1.227;    24.822;    88.446; 
 870;    -1.236;    24.821;    88.446; 
 871;    -1.245;    24.820;    88.446; 
 872;    -1.259;    24.819;    88.446; 
 873;    -1.282;    24.818;    88.446; 
 874;    -1.297;    24.818;    88.446; 
 875;    -1.305;    24.818;    88.446; 
 876;    -1.310;    24.817;    88.446; 
 877;    -1.316;    24.817;    88.446; 
 878;    -1.322;    24.816;    88.446; 
 879;    -1.328;    24.816;    88.446; 
 880;    -1.344;    24.814;    88.446; 
 881;    -1.356;    24.813;    88.446; 
 882;    -1.367;    24.812;    88.446; 
 883;    -1.383;    24.811;    88.446; 
 884;    -1.397;    24.811;    88.446; 
 885;    -1.407;    24.810;    88.446; 
 886;    -1.419;    24.810;    88.446; 
 887;    -1.427;    24.809;    88.446; 
 888;    -1.440;    24.809;    88.446; 
 889;    -1.450;    24.809;    88.446; 
 890;    -1.461;    24.808;    88.446; 
 891;    -1.469;    24.808;    88.446; 
 892;    -1.478;    24.807;    88.446; 
 893;    -1.490;    24.807;    88.446; 
 894;    -1.498;    24.806;    88.446; 
 895;    -1.523;    24.806;    88.446; 
 896;    -1.611;    24.823;    88.446; 
 897;    -1.679;    24.858;    88.446; 
 898;    -1.764;    24.957;    88.446; 
 899;    -1.774;    24.976;    88.446; 
 900;    -1.778;    24.984;    88.446; 
 901;    -1.781;    24.992;    88.446; 
 902;    -1.789;    25.008;    88.446; 
 903;    -1.798;    25.031;    88.446; 
 904;    -1.802;    25.043;    88.446; 
 905;    -1.806;    25.053;    88.446; 
 906;    -1.813;    25.072;    88.446; 
 907;    -1.816;    25.082;    88.446; 
 908;    -1.819;    25.091;    88.446; 
 909;    -1.823;    25.103;    88.446; 
 910;    -1.826;    25.112;    88.446; 
 911;    -1.829;    25.121;    88.446; 
 912;    -1.833;    25.135;    88.446; 
 913;    -1.837;    25.146;    88.446; 
 914;    -1.842;    25.163;    88.446; 
 915;    -1.845;    25.173;    88.446; 
 916;    -1.846;    25.176;    88.446; 
 917;    -1.848;    25.184;    88.446; 
 918;    -1.852;    25.194;    88.446; 
 919;    -1.854;    25.202;    88.446; 
 920;    -1.859;    25.216;    88.446; 
 921;    -1.862;    25.226;    88.446; 
 922;    -1.864;    25.234;    88.446; 
 923;    -1.868;    25.246;    88.446; 
 924;    -1.871;    25.255;    88.446; 
 925;    -1.874;    25.264;    88.446; 
 926;    -1.877;    25.273;    88.446; 
 927;    -1.879;    25.278;    88.446; 
 928;    -1.882;    25.288;    88.446; 
 929;    -1.887;    25.302;    88.446; 
 930;    -1.891;    25.314;    88.446; 
 931;    -1.894;    25.321;    88.446; 
 932;    -1.896;    25.328;    88.446; 
 933;    -1.900;    25.338;    88.446; 
 934;    -1.903;    25.348;    88.446; 
 935;    -1.907;    25.359;    88.446; 
 936;    -1.910;    25.366;    88.446; 
 937;    -1.914;    25.377;    88.446; 
 938;    -1.917;    25.388;    88.446; 
 939;    -1.921;    25.399;    88.446; 
 940;    -1.925;    25.409;    88.446; 
 941;    -1.929;    25.421;    88.446; 
 942;    -1.931;    25.427;    88.446; 
 943;    -1.935;    25.438;    88.446; 
 944;    -1.938;    25.446;    88.446; 
 945;    -1.941;    25.453;    88.446; 
 946;    -1.945;    25.464;    88.446; 
 947;    -1.950;    25.476;    88.446; 
 948;    -1.953;    25.484;    88.446; 
 949;    -1.957;    25.494;    88.446; 
 950;    -1.960;    25.504;    88.446; 
 951;    -1.964;    25.513;    88.446; 
 952;    -1.967;    25.522;    88.446; 
 953;    -1.971;    25.532;    88.446; 
 954;    -1.974;    25.540;    88.446; 
 955;    -1.978;    25.550;    88.446; 
 956;    -1.983;    25.561;    88.446; 
 957;    -1.987;    25.574;    88.446; 
 958;    -1.990;    25.580;    88.446; 
 959;    -1.993;    25.588;    88.446; 
 960;    -1.998;    25.601;    88.446; 
 961;    -2.001;    25.610;    88.446; 
 962;    -2.005;    25.619;    88.446; 
 963;    -2.009;    25.627;    88.446; 
 964;    -2.010;    25.630;    88.446; 
 965;    -2.014;    25.641;    88.446; 
 966;    -2.018;    25.648;    88.446; 
 967;    -2.022;    25.659;    88.446; 
 968;    -2.028;    25.671;    88.446; 
 969;    -2.033;    25.686;    88.446; 
 970;    -2.039;    25.701;    88.446; 
 971;    -2.043;    25.710;    88.446; 
 972;    -2.046;    25.718;    88.446; 
 973;    -2.048;    25.723;    88.446; 
 974;    -2.052;    25.734;    88.446; 
 975;    -2.055;    25.741;    88.446; 
 976;    -2.060;    25.753;    88.446; 
 977;    -2.061;    25.755;    88.446; 
 978;    -2.068;    25.770;    88.446; 
 979;    -2.072;    25.780;    88.446; 
 980;    -2.074;    25.786;    88.446; 
 981;    -2.079;    25.795;    88.446; 
 982;    -2.084;    25.806;    88.446; 
 983;    -2.087;    25.815;    88.446; 
 984;    -2.094;    25.830;    88.446; 
 985;    -2.098;    25.839;    88.446; 
 986;    -2.100;    25.843;    88.446; 
 987;    -2.106;    25.857;    88.446; 
 988;    -2.110;    25.866;    88.446; 
 989;    -2.115;    25.878;    88.446; 
 990;    -2.118;    25.885;    88.446; 
 991;    -2.119;    25.886;    88.446; 
 992;    -2.126;    25.901;    88.446; 
 993;    -2.132;    25.914;    88.446; 
 994;    -2.138;    25.928;    88.446; 
 995;    -2.141;    25.936;    88.446; 
 996;    -2.143;    25.941;    88.446; 
 997;    -2.147;    25.948;    88.446; 
 998;    -2.153;    25.962;    88.446; 
 999;    -2.156;    25.968;    88.446; 
1000;    -2.161;    25.980;    88.446; 
1001;    -2.164;    25.988;    88.446; 
1002;    -2.167;    25.994;    88.446; 
1003;    -2.172;    26.003;    88.446; 
1004;    -2.178;    26.017;    88.446; 
1005;    -2.181;    26.024;    88.446; 
1006;    -2.186;    26.033;    88.446; 
1007;    -2.191;    26.045;    88.446; 
1008;    -2.194;    26.051;    88.446; 
1009;    -2.198;    26.060;    88.446; 
1010;    -2.205;    26.074;    88.446; 
1011;    -2.208;    26.080;    88.446; 
1012;    -2.212;    26.088;    88.446; 
1013;    -2.217;    26.100;    88.446; 
1014;    -2.224;    26.114;    88.446; 
1015;    -2.227;    26.122;    88.446; 
1016;    -2.231;    26.129;    88.446; 
1017;    -2.236;    26.139;    88.446; 
1018;    -2.238;    26.145;    88.446; 
1019;    -2.242;    26.152;    88.446; 
1020;    -2.245;    26.157;    88.446; 
1021;    -2.251;    26.168;    88.446; 
1022;    -2.256;    26.178;    88.446; 
1023;    -2.262;    26.190;    88.446; 
1024;    -2.267;    26.200;    88.446; 
1025;    -2.271;    26.209;    88.446; 
1026;    -2.274;    26.215;    88.446; 
1027;    -2.283;    26.234;    88.446; 
1028;    -2.288;    26.245;    88.446; 
1029;    -2.292;    26.252;    88.446; 
1030;    -2.297;    26.262;    88.446; 
1031;    -2.298;    26.265;    88.446; 
1032;    -2.300;    26.269;    88.446; 
1033;    -2.302;    26.273;    88.446; 
1034;    -2.308;    26.282;    88.446; 
1035;    -2.315;    26.295;    88.446; 
1036;    -2.322;    26.309;    88.446; 
1037;    -2.333;    26.332;    88.446; 
1038;    -2.336;    26.340;    88.446; 
1039;    -2.340;    26.349;    88.446; 
1040;    -2.344;    26.356;    88.446; 
1041;    -2.348;    26.364;    88.446; 
1042;    -2.352;    26.372;    88.446; 
1043;    -2.355;    26.378;    88.446; 
1044;    -2.358;    26.384;    88.446; 
1045;    -2.364;    26.396;    88.446; 
1046;    -2.370;    26.407;    88.446; 
1047;    -2.375;    26.417;    88.446; 
1048;    -2.380;    26.428;    88.446; 
1049;    -2.382;    26.431;    88.446; 
1050;    -2.388;    26.443;    88.446; 
1051;    -2.391;    26.449;    88.446; 
1052;    -2.396;    26.457;    88.446; 
1053;    -2.401;    26.467;    88.446; 
1054;    -2.405;    26.473;    88.446; 
1055;    -2.412;    26.487;    88.446; 
1056;    -2.417;    26.496;    88.446; 
1057;    -2.422;    26.505;    88.446; 
1058;    -2.426;    26.513;    88.446; 
1059;    -2.431;    26.523;    88.446; 
1060;    -2.436;    26.532;    88.446; 
1061;    -2.442;    26.542;    88.446; 
1062;    -2.447;    26.552;    88.446; 
1063;    -2.451;    26.559;    88.446; 
1064;    -2.455;    26.568;    88.446; 
1065;    -2.461;    26.578;    88.446; 
1066;    -2.467;    26.589;    88.446; 
1067;    -2.468;    26.592;    88.446; 
1068;    -2.475;    26.603;    88.446; 
1069;    -2.479;    26.610;    88.446; 
1070;    -2.480;    26.612;    88.446; 
1071;    -2.484;    26.618;    88.446; 
1072;    -2.495;    26.637;    88.446; 
1073;    -2.506;    26.659;    88.446; 
1074;    -2.512;    26.671;    88.446; 
1075;    -2.514;    26.675;    88.446; 
1076;    -2.515;    26.678;    88.446; 
1077;    -2.521;    26.688;    88.446; 
1078;    -2.525;    26.696;    88.446; 
1079;    -2.530;    26.704;    88.446; 
1080;    -2.534;    26.711;    88.446; 
1081;    -2.538;    26.718;    88.446; 
1082;    -2.543;    26.725;    88.446; 
1083;    -2.552;    26.741;    88.446; 
1084;    -2.561;    26.759;    88.446; 
1085;    -2.565;    26.765;    88.446; 
1086;    -2.568;    26.771;    88.446; 
1087;    -2.570;    26.775;    88.446; 
1088;    -2.576;    26.785;    88.446; 
1089;    -2.583;    26.798;    88.446; 
1090;    -2.591;    26.814;    88.446; 
1091;    -2.595;    26.820;    88.446; 
1092;    -2.596;    26.821;    88.446; 
1093;    -2.599;    26.827;    88.446; 
1094;    -2.604;    26.834;    88.446; 
1095;    -2.606;    26.838;    88.446; 
1096;    -2.615;    26.852;    88.446; 
1097;    -2.615;    26.852;    88.446; 
1098;    -2.619;    26.858;    88.446; 
1099;    -2.628;    26.871;    88.446; 
1100;    -2.635;    26.882;    88.446; 
1101;    -2.641;    26.891;    88.446; 
1102;    -2.647;    26.900;    88.446; 
1103;    -2.649;    26.903;    88.446; 
1104;    -2.652;    26.906;    88.446; 
1105;    -2.653;    26.908;    88.446; 
1106;    -2.653;    26.908;    88.446; 
1107;    -2.659;    26.914;    88.446; 
1108;    -2.660;    26.915;    88.446; 
1109;    -2.664;    26.919;    88.446; 
1110;    -2.665;    26.920;    88.446; 
1111;    -2.668;    26.922;    88.446; 
1112;    -2.671;    26.925;    88.446; 
1113;    -2.674;    26.927;    88.446; 
1114;    -2.677;    26.929;    88.446; 
1115;    -2.680;    26.931;    88.446; 
1116;    -2.683;    26.932;    88.446; 
1117;    -2.684;    26.933;    88.446; 
1118;    -2.692;    26.937;    88.446; 
1119;    -2.690;    26.936;    88.446; 
1120;    -2.694;    26.938;    88.446; 
1121;    -2.696;    26.939;    88.446; 
1122;    -2.706;    26.943;    88.446; 
1123;    -2.723;    26.951;    88.446; 
1124;    -2.741;    26.960;    88.446; 
1125;    -2.743;    26.961;    88.446; 
1126;    -2.747;    26.963;    88.446; 
1127;    -2.751;    26.964;    88.446; 
1128;    -2.752;    26.964;    88.446; 
1129;    -2.755;    26.965;    88.446; 
1130;    -2.761;    26.967;    88.446; 
1131;    -2.767;    26.969;    88.446; 
1132;    -2.773;    26.970;    88.446; 
1133;    -2.776;    26.971;    88.446; 
1134;    -2.779;    26.972;    88.446; 
1135;    -2.787;    26.973;    88.446; 
1136;    -2.791;    26.974;    88.446; 
1137;    -2.795;    26.974;    88.446; 
1138;    -2.798;    26.974;    88.446; 
1139;    -2.802;    26.974;    88.446; 
1140;    -2.803;    26.974;    88.446; 
1141;    -2.805;    26.974;    88.446; 
1142;    -2.811;    26.974;    88.446; 
1143;    -2.815;    26.974;    88.446; 
1144;    -2.822;    26.973;    88.446; 
1145;    -2.826;    26.973;    88.446; 
1146;    -2.833;    26.972;    88.446; 
1147;    -2.837;    26.971;    88.446; 
1148;    -2.844;    26.970;    88.446; 
1149;    -2.859;    26.968;    88.446; 
1150;    -2.876;    26.967;    88.446; 
1151;    -2.887;    26.966;    88.446; 
1152;    -2.888;    26.965;    88.446; 
1153;    -2.893;    26.965;    88.446; 
1154;    -2.898;    26.964;    88.446; 
1155;    -2.914;    26.961;    88.446; 
1156;    -2.933;    26.959;    88.446; 
1157;    -2.947;    26.957;    88.446; 
1158;    -2.961;    26.956;    88.446; 
1159;    -2.967;    26.955;    88.446; 
1160;    -2.978;    26.954;    88.446; 
1161;    -2.989;    26.953;    88.446; 
1162;    -2.999;    26.952;    88.446; 
1163;    -3.009;    26.951;    88.446; 
1164;    -3.021;    26.949;    88.446; 
1165;    -3.032;    26.948;    88.446; 
1166;    -3.041;    26.947;    88.446; 
1167;    -3.052;    26.946;    88.446; 
1168;    -3.059;    26.945;    88.446; 
1169;    -3.070;    26.944;    88.446; 
1170;    -3.078;    26.943;    88.446; 
1171;    -3.087;    26.942;    88.446; 
1172;    -3.096;    26.941;    88.446; 
1173;    -3.106;    26.939;    88.446; 
1174;    -3.123;    26.937;    88.446; 
1175;    -3.136;    26.936;    88.446; 
1176;    -3.146;    26.935;    88.446; 
1177;    -3.153;    26.934;    88.446; 
1178;    -3.161;    26.933;    88.446; 
1179;    -3.171;    26.931;    88.446; 
