[A]
   1;     3.180;    26.735;    88.446; 
   2;     3.169;    26.736;    88.446; 
   3;     3.157;    26.738;    88.446; 
   4;     3.147;    26.739;    88.446; 
   5;     3.139;    26.740;    88.446; 
   6;     3.128;    26.741;    88.446; 
   7;     3.114;    26.743;    88.446; 
   8;     3.099;    26.745;    88.446; 
   9;     3.084;    26.748;    88.446; 
  10;     3.079;    26.749;    88.446; 
  11;     3.074;    26.749;    88.446; 
  12;     3.069;    26.750;    88.446; 
  13;     3.066;    26.750;    88.446; 
  14;     3.062;    26.750;    88.446; 
  15;     3.058;    26.750;    88.446; 
  16;     3.054;    26.750;    88.446; 
  17;     3.052;    26.749;    88.446; 
  18;     3.047;    26.749;    88.446; 
  19;     3.045;    26.749;    88.446; 
  20;     3.043;    26.748;    88.446; 
  21;     3.043;    26.748;    88.446; 
  22;     3.037;    26.747;    88.446; 
  23;     3.027;    26.745;    88.446; 
  24;     3.011;    26.742;    88.446; 
  25;     3.004;    26.741;    88.446; 
  26;     2.992;    26.739;    88.446; 
  27;     2.979;    26.736;    88.446; 
  28;     2.974;    26.735;    88.446; 
  29;     2.968;    26.734;    88.446; 
  30;     2.965;    26.733;    88.446; 
  31;     2.962;    26.732;    88.446; 
  32;     2.960;    26.731;    88.446; 
  33;     2.958;    26.730;    88.446; 
  34;     2.955;    26.729;    88.446; 
  35;     2.950;    26.727;    88.446; 
  36;     2.949;    26.726;    88.446; 
  37;     2.945;    26.724;    88.446; 
  38;     2.943;    26.723;    88.446; 
  39;     2.937;    26.719;    88.446; 
  40;     2.938;    26.719;    88.446; 
  41;     2.932;    26.715;    88.446; 
  42;     2.927;    26.712;    88.446; 
  43;     2.924;    26.710;    88.446; 
  44;     2.921;    26.707;    88.446; 
  45;     2.918;    26.705;    88.446; 
  46;     2.914;    26.701;    88.446; 
  47;     2.912;    26.699;    88.446; 
  48;     2.907;    26.694;    88.446; 
  49;     2.905;    26.691;    88.446; 
  50;     2.901;    26.688;    88.446; 
  51;     2.896;    26.682;    88.446; 
  52;     2.890;    26.675;    88.446; 
  53;     2.882;    26.666;    88.446; 
  54;     2.879;    26.663;    88.446; 
  55;     2.878;    26.661;    88.446; 
  56;     2.875;    26.656;    88.446; 
  57;     2.872;    26.652;    88.446; 
  58;     2.869;    26.647;    88.446; 
  59;     2.867;    26.644;    88.446; 
  60;     2.862;    26.636;    88.446; 
  61;     2.857;    26.627;    88.446; 
  62;     2.854;    26.621;    88.446; 
  63;     2.848;    26.611;    88.446; 
  64;     2.840;    26.597;    88.446; 
  65;     2.836;    26.590;    88.446; 
  66;     2.828;    26.577;    88.446; 
  67;     2.826;    26.573;    88.446; 
  68;     2.821;    26.564;    88.446; 
  69;     2.815;    26.553;    88.446; 
  70;     2.811;    26.546;    88.446; 
  71;     2.805;    26.535;    88.446; 
  72;     2.800;    26.526;    88.446; 
  73;     2.796;    26.519;    88.446; 
  74;     2.790;    26.509;    88.446; 
  75;     2.784;    26.499;    88.446; 
  76;     2.780;    26.491;    88.446; 
  77;     2.775;    26.482;    88.446; 
  78;     2.768;    26.470;    88.446; 
  79;     2.764;    26.462;    88.446; 
  80;     2.758;    26.452;    88.446; 
  81;     2.751;    26.441;    88.446; 
  82;     2.748;    26.434;    88.446; 
  83;     2.742;    26.424;    88.446; 
  84;     2.738;    26.418;    88.446; 
  85;     2.733;    26.408;    88.446; 
  86;     2.730;    26.402;    88.446; 
  87;     2.726;    26.395;    88.446; 
  88;     2.719;    26.382;    88.446; 
  89;     2.714;    26.373;    88.446; 
  90;     2.708;    26.362;    88.446; 
  91;     2.703;    26.352;    88.446; 
  92;     2.697;    26.343;    88.446; 
  93;     2.693;    26.335;    88.446; 
  94;     2.689;    26.326;    88.446; 
  95;     2.686;    26.320;    88.446; 
  96;     2.681;    26.311;    88.446; 
  97;     2.676;    26.301;    88.446; 
  98;     2.668;    26.288;    88.446; 
  99;     2.664;    26.280;    88.446; 
 100;     2.660;    26.272;    88.446; 
 101;     2.655;    26.263;    88.446; 
 102;     2.651;    26.255;    88.446; 
 103;     2.645;    26.244;    88.446; 
 104;     2.642;    26.237;    88.446; 
 105;     2.637;    26.228;    88.446; 
 106;     2.632;    26.218;    88.446; 
 107;     2.628;    26.210;    88.446; 
 108;     2.624;    26.202;    88.446; 
 109;     2.619;    26.192;    88.446; 
 110;     2.617;    26.188;    88.446; 
 111;     2.612;    26.177;    88.446; 
 112;     2.602;    26.157;    88.446; 
 113;     2.592;    26.140;    88.446; 
 114;     2.585;    26.129;    88.446; 
 115;     2.584;    26.126;    88.446; 
 116;     2.584;    26.125;    88.446; 
 117;     2.581;    26.119;    88.446; 
 118;     2.578;    26.114;    88.446; 
 119;     2.570;    26.098;    88.446; 
 120;     2.566;    26.088;    88.446; 
 121;     2.562;    26.081;    88.446; 
 122;     2.559;    26.075;    88.446; 
 123;     2.556;    26.068;    88.446; 
 124;     2.545;    26.047;    88.446; 
 125;     2.534;    26.026;    88.446; 
 126;     2.530;    26.020;    88.446; 
 127;     2.530;    26.018;    88.446; 
 128;     2.528;    26.014;    88.446; 
 129;     2.526;    26.010;    88.446; 
 130;     2.523;    26.003;    88.446; 
 131;     2.515;    25.987;    88.446; 
 132;     2.507;    25.972;    88.446; 
 133;     2.501;    25.960;    88.446; 
 134;     2.496;    25.951;    88.446; 
 135;     2.492;    25.944;    88.446; 
 136;     2.491;    25.942;    88.446; 
 137;     2.491;    25.940;    88.446; 
 138;     2.485;    25.926;    88.446; 
 139;     2.479;    25.915;    88.446; 
 140;     2.474;    25.903;    88.446; 
 141;     2.471;    25.897;    88.446; 
 142;     2.465;    25.884;    88.446; 
 143;     2.459;    25.871;    88.446; 
 144;     2.449;    25.854;    88.446; 
 145;     2.444;    25.844;    88.446; 
 146;     2.442;    25.841;    88.446; 
 147;     2.439;    25.834;    88.446; 
 148;     2.436;    25.827;    88.446; 
 149;     2.433;    25.820;    88.446; 
 150;     2.429;    25.813;    88.446; 
 151;     2.426;    25.805;    88.446; 
 152;     2.420;    25.792;    88.446; 
 153;     2.415;    25.781;    88.446; 
 154;     2.410;    25.772;    88.446; 
 155;     2.410;    25.769;    88.446; 
 156;     2.407;    25.763;    88.446; 
 157;     2.406;    25.759;    88.446; 
 158;     2.402;    25.750;    88.446; 
 159;     2.395;    25.732;    88.446; 
 160;     2.383;    25.707;    88.446; 
 161;     2.374;    25.690;    88.446; 
 162;     2.372;    25.686;    88.446; 
 163;     2.366;    25.673;    88.446; 
 164;     2.365;    25.670;    88.446; 
 165;     2.362;    25.665;    88.446; 
 166;     2.359;    25.658;    88.446; 
 167;     2.356;    25.650;    88.446; 
 168;     2.349;    25.635;    88.446; 
 169;     2.342;    25.622;    88.446; 
 170;     2.338;    25.613;    88.446; 
 171;     2.335;    25.606;    88.446; 
 172;     2.330;    25.596;    88.446; 
 173;     2.327;    25.588;    88.446; 
 174;     2.322;    25.577;    88.446; 
 175;     2.319;    25.572;    88.446; 
 176;     2.315;    25.562;    88.446; 
 177;     2.311;    25.554;    88.446; 
 178;     2.308;    25.546;    88.446; 
 179;     2.305;    25.539;    88.446; 
 180;     2.301;    25.528;    88.446; 
 181;     2.295;    25.514;    88.446; 
 182;     2.289;    25.502;    88.446; 
 183;     2.286;    25.495;    88.446; 
 184;     2.283;    25.487;    88.446; 
 185;     2.280;    25.479;    88.446; 
 186;     2.274;    25.465;    88.446; 
 187;     2.269;    25.454;    88.446; 
 188;     2.266;    25.447;    88.446; 
 189;     2.263;    25.440;    88.446; 
 190;     2.260;    25.432;    88.446; 
 191;     2.256;    25.422;    88.446; 
 192;     2.251;    25.410;    88.446; 
 193;     2.245;    25.396;    88.446; 
 194;     2.240;    25.384;    88.446; 
 195;     2.238;    25.380;    88.446; 
 196;     2.238;    25.379;    88.446; 
 197;     2.235;    25.371;    88.446; 
 198;     2.234;    25.367;    88.446; 
 199;     2.227;    25.349;    88.446; 
 200;     2.217;    25.325;    88.446; 
 201;     2.214;    25.318;    88.446; 
 202;     2.211;    25.310;    88.446; 
 203;     2.208;    25.304;    88.446; 
 204;     2.204;    25.294;    88.446; 
 205;     2.202;    25.287;    88.446; 
 206;     2.198;    25.277;    88.446; 
 207;     2.195;    25.270;    88.446; 
 208;     2.190;    25.257;    88.446; 
 209;     2.186;    25.246;    88.446; 
 210;     2.183;    25.237;    88.446; 
 211;     2.181;    25.232;    88.446; 
 212;     2.178;    25.222;    88.446; 
 213;     2.175;    25.216;    88.446; 
 214;     2.172;    25.205;    88.446; 
 215;     2.166;    25.189;    88.446; 
 216;     2.162;    25.179;    88.446; 
 217;     2.159;    25.171;    88.446; 
 218;     2.154;    25.157;    88.446; 
 219;     2.148;    25.142;    88.446; 
 220;     2.144;    25.132;    88.446; 
 221;     2.142;    25.127;    88.446; 
 222;     2.140;    25.120;    88.446; 
 223;     2.137;    25.112;    88.446; 
 224;     2.134;    25.104;    88.446; 
 225;     2.130;    25.092;    88.446; 
 226;     2.126;    25.081;    88.446; 
 227;     2.122;    25.071;    88.446; 
 228;     2.120;    25.063;    88.446; 
 229;     2.116;    25.054;    88.446; 
 230;     2.114;    25.047;    88.446; 
 231;     2.112;    25.041;    88.446; 
 232;     2.110;    25.035;    88.446; 
 233;     2.108;    25.026;    88.446; 
 234;     2.104;    25.013;    88.446; 
 235;     2.099;    24.999;    88.446; 
 236;     2.095;    24.986;    88.446; 
 237;     2.092;    24.977;    88.446; 
 238;     2.089;    24.968;    88.446; 
 239;     2.083;    24.951;    88.446; 
 240;     2.080;    24.943;    88.446; 
 241;     2.078;    24.936;    88.446; 
 242;     2.075;    24.928;    88.446; 
 243;     2.074;    24.922;    88.446; 
 244;     2.070;    24.911;    88.446; 
 245;     2.068;    24.903;    88.446; 
 246;     2.065;    24.892;    88.446; 
 247;     2.063;    24.886;    88.446; 
 248;     2.059;    24.872;    88.446; 
 249;     2.056;    24.864;    88.446; 
 250;     2.053;    24.853;    88.446; 
 251;     2.049;    24.840;    88.446; 
 252;     2.043;    24.822;    88.446; 
 253;     2.037;    24.805;    88.446; 
 254;     2.027;    24.783;    88.446; 
 255;     2.017;    24.763;    88.446; 
 256;     2.009;    24.748;    88.446; 
 257;     2.008;    24.745;    88.446; 
 258;     2.004;    24.738;    88.446; 
 259;     1.982;    24.700;    88.446; 
 260;     1.923;    24.638;    88.446; 
 261;     1.816;    24.588;    88.446; 
 262;     1.769;    24.581;    88.446; 
 263;     1.715;    24.582;    88.446; 
 264;     1.698;    24.584;    88.446; 
 265;     1.692;    24.584;    88.446; 
 266;     1.685;    24.585;    88.446; 
 267;     1.676;    24.586;    88.446; 
 268;     1.666;    24.586;    88.446; 
 269;     1.649;    24.588;    88.446; 
 270;     1.640;    24.589;    88.446; 
 271;     1.630;    24.590;    88.446; 
 272;     1.623;    24.590;    88.446; 
 273;     1.615;    24.591;    88.446; 
 274;     1.609;    24.591;    88.446; 
 275;     1.603;    24.591;    88.446; 
 276;     1.594;    24.591;    88.446; 
 277;     1.577;    24.592;    88.446; 
 278;     1.551;    24.594;    88.446; 
 279;     1.539;    24.596;    88.446; 
 280;     1.533;    24.597;    88.446; 
 281;     1.525;    24.597;    88.446; 
 282;     1.516;    24.598;    88.446; 
 283;     1.511;    24.598;    88.446; 
 284;     1.502;    24.599;    88.446; 
 285;     1.493;    24.599;    88.446; 
 286;     1.482;    24.600;    88.446; 
 287;     1.473;    24.600;    88.446; 
 288;     1.462;    24.600;    88.446; 
 289;     1.454;    24.601;    88.446; 
 290;     1.443;    24.601;    88.446; 
 291;     1.430;    24.602;    88.446; 
 292;     1.413;    24.603;    88.446; 
 293;     1.392;    24.605;    88.446; 
 294;     1.375;    24.607;    88.446; 
 295;     1.361;    24.609;    88.446; 
 296;     1.350;    24.611;    88.446; 
 297;     1.317;    24.618;    88.446; 
 298;     1.185;    24.704;    88.446; 
 299;     1.137;    24.788;    88.446; 
 300;     1.129;    24.812;    88.446; 
 301;     1.123;    24.833;    88.446; 
 302;     1.120;    24.844;    88.446; 
 303;     1.117;    24.856;    88.446; 
 304;     1.114;    24.868;    88.446; 
 305;     1.110;    24.886;    88.446; 
 306;     1.108;    24.896;    88.446; 
 307;     1.106;    24.909;    88.446; 
 308;     1.104;    24.918;    88.446; 
 309;     1.102;    24.927;    88.446; 
 310;     1.100;    24.935;    88.446; 
 311;     1.097;    24.948;    88.446; 
 312;     1.095;    24.961;    88.446; 
 313;     1.092;    24.975;    88.446; 
 314;     1.091;    24.981;    88.446; 
 315;     1.089;    24.993;    88.446; 
 316;     1.087;    25.000;    88.446; 
 317;     1.085;    25.011;    88.446; 
 318;     1.083;    25.019;    88.446; 
 319;     1.082;    25.025;    88.446; 
 320;     1.078;    25.043;    88.446; 
 321;     1.076;    25.057;    88.446; 
 322;     1.074;    25.067;    88.446; 
 323;     1.072;    25.077;    88.446; 
 324;     1.071;    25.083;    88.446; 
 325;     1.069;    25.093;    88.446; 
 326;     1.067;    25.098;    88.446; 
 327;     1.065;    25.109;    88.446; 
 328;     1.063;    25.119;    88.446; 
 329;     1.060;    25.130;    88.446; 
 330;     1.058;    25.140;    88.446; 
 331;     1.056;    25.151;    88.446; 
 332;     1.053;    25.165;    88.446; 
 333;     1.051;    25.175;    88.446; 
 334;     1.048;    25.187;    88.446; 
 335;     1.047;    25.193;    88.446; 
 336;     1.045;    25.203;    88.446; 
 337;     1.043;    25.210;    88.446; 
 338;     1.041;    25.218;    88.446; 
 339;     1.038;    25.231;    88.446; 
 340;     1.035;    25.247;    88.446; 
 341;     1.032;    25.258;    88.446; 
 342;     1.030;    25.267;    88.446; 
 343;     1.029;    25.272;    88.446; 
 344;     1.027;    25.282;    88.446; 
 345;     1.024;    25.295;    88.446; 
 346;     1.021;    25.306;    88.446; 
 347;     1.019;    25.317;    88.446; 
 348;     1.017;    25.327;    88.446; 
 349;     1.015;    25.332;    88.446; 
 350;     1.014;    25.337;    88.446; 
 351;     1.011;    25.351;    88.446; 
 352;     1.008;    25.360;    88.446; 
 353;     1.006;    25.371;    88.446; 
 354;     1.003;    25.379;    88.446; 
 355;     1.001;    25.389;    88.446; 
 356;      .997;    25.406;    88.446; 
 357;      .995;    25.412;    88.446; 
 358;      .992;    25.424;    88.446; 
 359;      .990;    25.432;    88.446; 
 360;      .987;    25.444;    88.446; 
 361;      .985;    25.453;    88.446; 
 362;      .983;    25.460;    88.446; 
 363;      .980;    25.468;    88.446; 
 364;      .978;    25.475;    88.446; 
 365;      .975;    25.486;    88.446; 
 366;      .972;    25.496;    88.446; 
 367;      .968;    25.510;    88.446; 
 368;      .965;    25.523;    88.446; 
 369;      .961;    25.537;    88.446; 
 370;      .960;    25.543;    88.446; 
 371;      .957;    25.554;    88.446; 
 372;      .954;    25.566;    88.446; 
 373;      .952;    25.571;    88.446; 
 374;      .949;    25.582;    88.446; 
 375;      .947;    25.590;    88.446; 
 376;      .944;    25.602;    88.446; 
 377;      .941;    25.610;    88.446; 
 378;      .938;    25.623;    88.446; 
 379;      .935;    25.632;    88.446; 
 380;      .932;    25.645;    88.446; 
 381;      .930;    25.652;    88.446; 
 382;      .927;    25.660;    88.446; 
 383;      .924;    25.670;    88.446; 
 384;      .922;    25.678;    88.446; 
 385;      .919;    25.689;    88.446; 
 386;      .915;    25.700;    88.446; 
 387;      .912;    25.712;    88.446; 
 388;      .909;    25.720;    88.446; 
 389;      .907;    25.726;    88.446; 
 390;      .904;    25.738;    88.446; 
 391;      .902;    25.744;    88.446; 
 392;      .897;    25.759;    88.446; 
 393;      .894;    25.767;    88.446; 
 394;      .891;    25.777;    88.446; 
 395;      .888;    25.786;    88.446; 
 396;      .884;    25.798;    88.446; 
 397;      .881;    25.808;    88.446; 
 398;      .878;    25.818;    88.446; 
 399;      .873;    25.833;    88.446; 
 400;      .870;    25.843;    88.446; 
 401;      .868;    25.850;    88.446; 
 402;      .866;    25.857;    88.446; 
 403;      .863;    25.865;    88.446; 
 404;      .860;    25.875;    88.446; 
 405;      .856;    25.886;    88.446; 
 406;      .852;    25.900;    88.446; 
 407;      .848;    25.912;    88.446; 
 408;      .845;    25.920;    88.446; 
 409;      .842;    25.929;    88.446; 
 410;      .840;    25.935;    88.446; 
 411;      .837;    25.944;    88.446; 
 412;      .832;    25.959;    88.446; 
 413;      .829;    25.969;    88.446; 
 414;      .826;    25.978;    88.446; 
 415;      .823;    25.988;    88.446; 
 416;      .820;    25.997;    88.446; 
 417;      .816;    26.009;    88.446; 
 418;      .813;    26.017;    88.446; 
 419;      .811;    26.025;    88.446; 
 420;      .809;    26.029;    88.446; 
 421;      .807;    26.035;    88.446; 
 422;      .802;    26.048;    88.446; 
 423;      .795;    26.070;    88.446; 
 424;      .791;    26.082;    88.446; 
 425;      .789;    26.089;    88.446; 
 426;      .786;    26.098;    88.446; 
 427;      .783;    26.105;    88.446; 
 428;      .781;    26.112;    88.446; 
 429;      .778;    26.120;    88.446; 
 430;      .774;    26.131;    88.446; 
 431;      .770;    26.141;    88.446; 
 432;      .766;    26.152;    88.446; 
 433;      .763;    26.162;    88.446; 
 434;      .762;    26.165;    88.446; 
 435;      .759;    26.172;    88.446; 
 436;      .755;    26.180;    88.446; 
 437;      .751;    26.191;    88.446; 
 438;      .743;    26.212;    88.446; 
 439;      .737;    26.232;    88.446; 
 440;      .734;    26.241;    88.446; 
 441;      .733;    26.244;    88.446; 
 442;      .730;    26.253;    88.446; 
 443;      .729;    26.256;    88.446; 
 444;      .724;    26.270;    88.446; 
 445;      .722;    26.276;    88.446; 
 446;      .718;    26.285;    88.446; 
 447;      .714;    26.296;    88.446; 
 448;      .711;    26.304;    88.446; 
 449;      .707;    26.314;    88.446; 
 450;      .703;    26.326;    88.446; 
 451;      .699;    26.336;    88.446; 
 452;      .696;    26.345;    88.446; 
 453;      .692;    26.354;    88.446; 
 454;      .689;    26.362;    88.446; 
 455;      .685;    26.373;    88.446; 
 456;      .680;    26.386;    88.446; 
 457;      .677;    26.394;    88.446; 
 458;      .674;    26.403;    88.446; 
 459;      .673;    26.406;    88.446; 
 460;      .671;    26.408;    88.446; 
 461;      .668;    26.416;    88.446; 
 462;      .664;    26.423;    88.446; 
 463;      .657;    26.439;    88.446; 
 464;      .647;    26.464;    88.446; 
 465;      .644;    26.475;    88.446; 
 466;      .638;    26.492;    88.446; 
 467;      .636;    26.498;    88.446; 
 468;      .633;    26.505;    88.446; 
 469;      .632;    26.507;    88.446; 
 470;      .630;    26.514;    88.446; 
 471;      .627;    26.519;    88.446; 
 472;      .624;    26.526;    88.446; 
 473;      .617;    26.543;    88.446; 
 474;      .610;    26.561;    88.446; 
 475;      .605;    26.573;    88.446; 
 476;      .602;    26.582;    88.446; 
 477;      .600;    26.588;    88.446; 
 478;      .597;    26.594;    88.446; 
 479;      .593;    26.602;    88.446; 
 480;      .589;    26.614;    88.446; 
 481;      .584;    26.625;    88.446; 
 482;      .579;    26.638;    88.446; 
 483;      .574;    26.649;    88.446; 
 484;      .571;    26.656;    88.446; 
 485;      .569;    26.663;    88.446; 
 486;      .568;    26.665;    88.446; 
 487;      .565;    26.671;    88.446; 
 488;      .561;    26.679;    88.446; 
 489;      .555;    26.692;    88.446; 
 490;      .547;    26.709;    88.446; 
 491;      .540;    26.727;    88.446; 
 492;      .534;    26.747;    88.446; 
 493;      .533;    26.748;    88.446; 
 494;      .530;    26.755;    88.446; 
 495;      .529;    26.756;    88.446; 
 496;      .526;    26.762;    88.446; 
 497;      .524;    26.767;    88.446; 
 498;      .520;    26.776;    88.446; 
 499;      .517;    26.782;    88.446; 
 500;      .516;    26.783;    88.446; 
 501;      .514;    26.786;    88.446; 
 502;      .511;    26.790;    88.446; 
 503;      .508;    26.795;    88.446; 
 504;      .496;    26.816;    88.446; 
 505;      .494;    26.817;    88.446; 
 506;      .489;    26.826;    88.446; 
 507;      .484;    26.833;    88.446; 
 508;      .478;    26.844;    88.446; 
 509;      .476;    26.847;    88.446; 
 510;      .475;    26.848;    88.446; 
 511;      .474;    26.848;    88.446; 
 512;      .472;    26.850;    88.446; 
 513;      .469;    26.853;    88.446; 
 514;      .469;    26.853;    88.446; 
 515;      .469;    26.853;    88.446; 
 516;      .466;    26.855;    88.446; 
 517;      .464;    26.857;    88.446; 
 518;      .464;    26.857;    88.446; 
 519;      .462;    26.858;    88.446; 
 520;      .461;    26.858;    88.446; 
 521;      .455;    26.861;    88.446; 
 522;      .451;    26.863;    88.446; 
 523;      .444;    26.867;    88.446; 
 524;      .421;    26.881;    88.446; 
 525;      .404;    26.892;    88.446; 
 526;      .403;    26.892;    88.446; 
 527;      .402;    26.892;    88.446; 
 528;      .399;    26.893;    88.446; 
 529;      .398;    26.894;    88.446; 
 530;      .395;    26.895;    88.446; 
 531;      .396;    26.894;    88.446; 
 532;      .387;    26.898;    88.446; 
 533;      .383;    26.899;    88.446; 
 534;      .379;    26.900;    88.446; 
 535;      .372;    26.902;    88.446; 
 536;      .370;    26.902;    88.446; 
 537;      .365;    26.903;    88.446; 
 538;      .359;    26.904;    88.446; 
 539;      .357;    26.904;    88.446; 
 540;      .350;    26.905;    88.446; 
 541;      .343;    26.906;    88.446; 
 542;      .341;    26.906;    88.446; 
 543;      .335;    26.907;    88.446; 
 544;      .330;    26.907;    88.446; 
 545;      .324;    26.907;    88.446; 
 546;      .317;    26.907;    88.446; 
 547;      .310;    26.907;    88.446; 
 548;      .302;    26.907;    88.446; 
 549;      .290;    26.907;    88.446; 
 550;      .281;    26.907;    88.446; 
 551;      .267;    26.907;    88.446; 
 552;      .256;    26.907;    88.446; 
 553;      .245;    26.907;    88.446; 
 554;      .236;    26.907;    88.446; 
 555;      .224;    26.908;    88.446; 
 556;      .216;    26.908;    88.446; 
 557;      .207;    26.908;    88.446; 
 558;      .199;    26.907;    88.446; 
 559;      .190;    26.907;    88.446; 
 560;      .180;    26.907;    88.446; 
 561;      .165;    26.907;    88.446; 
 562;      .152;    26.907;    88.446; 
 563;      .140;    26.907;    88.446; 
 564;      .126;    26.907;    88.446; 
 565;      .119;    26.907;    88.446; 
 566;      .110;    26.907;    88.446; 
 567;      .099;    26.907;    88.446; 
 568;      .086;    26.908;    88.446; 
 569;      .076;    26.908;    88.446; 
 570;      .068;    26.908;    88.446; 
 571;      .058;    26.908;    88.446; 
 572;      .049;    26.907;    88.446; 
 573;      .039;    26.907;    88.446; 
 574;      .028;    26.907;    88.446; 
 575;      .019;    26.907;    88.446; 
 576;      .013;    26.907;    88.446; 
 577;     -.006;    26.906;    88.446; 
 578;     -.020;    26.906;    88.446; 
 579;     -.036;    26.907;    88.446; 
 580;     -.044;    26.907;    88.446; 
 581;     -.051;    26.907;    88.446; 
 582;     -.064;    26.907;    88.446; 
 583;     -.073;    26.907;    88.446; 
 584;     -.080;    26.907;    88.446; 
 585;     -.089;    26.907;    88.446; 
 586;     -.100;    26.907;    88.446; 
 587;     -.109;    26.907;    88.446; 
 588;     -.124;    26.907;    88.446; 
 589;     -.127;    26.906;    88.446; 
 590;     -.137;    26.906;    88.446; 
 591;     -.153;    26.906;    88.446; 
 592;     -.174;    26.906;    88.446; 
 593;     -.186;    26.907;    88.446; 
 594;     -.190;    26.907;    88.446; 
 595;     -.192;    26.906;    88.446; 
 596;     -.196;    26.906;    88.446; 
 597;     -.198;    26.906;    88.446; 
 598;     -.201;    26.905;    88.446; 
 599;     -.208;    26.904;    88.446; 
 600;     -.213;    26.904;    88.446; 
 601;     -.218;    26.903;    88.446; 
 602;     -.235;    26.900;    88.446; 
 603;     -.255;    26.898;    88.446; 
 604;     -.257;    26.897;    88.446; 
 605;     -.259;    26.897;    88.446; 
 606;     -.261;    26.896;    88.446; 
 607;     -.260;    26.896;    88.446; 
 608;     -.265;    26.894;    88.446; 
 609;     -.266;    26.894;    88.446; 
 610;     -.270;    26.892;    88.446; 
 611;     -.272;    26.891;    88.446; 
 612;     -.278;    26.889;    88.446; 
 613;     -.279;    26.888;    88.446; 
 614;     -.284;    26.886;    88.446; 
 615;     -.286;    26.884;    88.446; 
 616;     -.291;    26.881;    88.446; 
 617;     -.296;    26.878;    88.446; 
 618;     -.298;    26.877;    88.446; 
 619;     -.302;    26.874;    88.446; 
 620;     -.305;    26.872;    88.446; 
 621;     -.306;    26.870;    88.446; 
 622;     -.307;    26.869;    88.446; 
 623;     -.316;    26.862;    88.446; 
 624;     -.325;    26.854;    88.446; 
 625;     -.333;    26.847;    88.446; 
 626;     -.341;    26.840;    88.446; 
 627;     -.344;    26.837;    88.446; 
 628;     -.346;    26.835;    88.446; 
 629;     -.347;    26.833;    88.446; 
 630;     -.349;    26.831;    88.446; 
 631;     -.350;    26.829;    88.446; 
 632;     -.353;    26.826;    88.446; 
 633;     -.354;    26.824;    88.446; 
 634;     -.358;    26.818;    88.446; 
 635;     -.361;    26.813;    88.446; 
 636;     -.362;    26.811;    88.446; 
 637;     -.365;    26.806;    88.446; 
 638;     -.367;    26.802;    88.446; 
 639;     -.370;    26.797;    88.446; 
 640;     -.371;    26.795;    88.446; 
 641;     -.380;    26.777;    88.446; 
 642;     -.384;    26.769;    88.446; 
 643;     -.389;    26.759;    88.446; 
 644;     -.392;    26.753;    88.446; 
 645;     -.394;    26.749;    88.446; 
 646;     -.392;    26.751;    88.446; 
 647;     -.399;    26.734;    88.446; 
 648;     -.405;    26.721;    88.446; 
 649;     -.413;    26.704;    88.446; 
 650;     -.416;    26.696;    88.446; 
 651;     -.419;    26.690;    88.446; 
 652;     -.420;    26.687;    88.446; 
 653;     -.422;    26.680;    88.446; 
 654;     -.428;    26.666;    88.446; 
 655;     -.435;    26.650;    88.446; 
 656;     -.438;    26.643;    88.446; 
 657;     -.440;    26.636;    88.446; 
 658;     -.443;    26.629;    88.446; 
 659;     -.448;    26.618;    88.446; 
 660;     -.452;    26.607;    88.446; 
 661;     -.457;    26.595;    88.446; 
 662;     -.460;    26.587;    88.446; 
 663;     -.463;    26.580;    88.446; 
 664;     -.468;    26.568;    88.446; 
 665;     -.474;    26.554;    88.446; 
 666;     -.479;    26.542;    88.446; 
 667;     -.483;    26.534;    88.446; 
 668;     -.485;    26.529;    88.446; 
 669;     -.488;    26.519;    88.446; 
 670;     -.493;    26.509;    88.446; 
 671;     -.497;    26.499;    88.446; 
 672;     -.501;    26.489;    88.446; 
 673;     -.505;    26.478;    88.446; 
 674;     -.509;    26.468;    88.446; 
 675;     -.513;    26.458;    88.446; 
 676;     -.517;    26.450;    88.446; 
 677;     -.521;    26.440;    88.446; 
 678;     -.524;    26.430;    88.446; 
 679;     -.528;    26.422;    88.446; 
 680;     -.532;    26.410;    88.446; 
 681;     -.536;    26.401;    88.446; 
 682;     -.539;    26.393;    88.446; 
 683;     -.541;    26.387;    88.446; 
 684;     -.544;    26.379;    88.446; 
 685;     -.546;    26.373;    88.446; 
 686;     -.553;    26.355;    88.446; 
 687;     -.559;    26.338;    88.446; 
 688;     -.566;    26.323;    88.446; 
 689;     -.569;    26.315;    88.446; 
 690;     -.571;    26.310;    88.446; 
 691;     -.573;    26.304;    88.446; 
 692;     -.575;    26.299;    88.446; 
 693;     -.578;    26.290;    88.446; 
 694;     -.584;    26.274;    88.446; 
 695;     -.587;    26.263;    88.446; 
 696;     -.596;    26.243;    88.446; 
 697;     -.599;    26.234;    88.446; 
 698;     -.601;    26.229;    88.446; 
 699;     -.602;    26.226;    88.446; 
 700;     -.605;    26.217;    88.446; 
 701;     -.607;    26.211;    88.446; 
 702;     -.612;    26.197;    88.446; 
 703;     -.616;    26.187;    88.446; 
 704;     -.620;    26.176;    88.446; 
 705;     -.623;    26.166;    88.446; 
 706;     -.629;    26.152;    88.446; 
 707;     -.634;    26.139;    88.446; 
 708;     -.638;    26.129;    88.446; 
 709;     -.642;    26.119;    88.446; 
 710;     -.644;    26.112;    88.446; 
 711;     -.648;    26.102;    88.446; 
 712;     -.651;    26.093;    88.446; 
 713;     -.654;    26.085;    88.446; 
 714;     -.657;    26.078;    88.446; 
 715;     -.659;    26.071;    88.446; 
 716;     -.661;    26.065;    88.446; 
 717;     -.665;    26.052;    88.446; 
 718;     -.670;    26.038;    88.446; 
 719;     -.674;    26.025;    88.446; 
 720;     -.679;    26.013;    88.446; 
 721;     -.680;    26.010;    88.446; 
 722;     -.682;    26.003;    88.446; 
 723;     -.683;    25.999;    88.446; 
 724;     -.686;    25.990;    88.446; 
 725;     -.690;    25.977;    88.446; 
 726;     -.693;    25.965;    88.446; 
 727;     -.699;    25.949;    88.446; 
 728;     -.703;    25.937;    88.446; 
 729;     -.708;    25.924;    88.446; 
 730;     -.710;    25.917;    88.446; 
 731;     -.714;    25.908;    88.446; 
 732;     -.716;    25.899;    88.446; 
 733;     -.721;    25.887;    88.446; 
 734;     -.725;    25.876;    88.446; 
 735;     -.729;    25.864;    88.446; 
 736;     -.730;    25.861;    88.446; 
 737;     -.731;    25.855;    88.446; 
 738;     -.733;    25.851;    88.446; 
 739;     -.735;    25.841;    88.446; 
 740;     -.737;    25.834;    88.446; 
 741;     -.741;    25.819;    88.446; 
 742;     -.746;    25.805;    88.446; 
 743;     -.750;    25.792;    88.446; 
 744;     -.757;    25.773;    88.446; 
 745;     -.759;    25.765;    88.446; 
 746;     -.763;    25.755;    88.446; 
 747;     -.764;    25.751;    88.446; 
 748;     -.766;    25.745;    88.446; 
 749;     -.768;    25.739;    88.446; 
 750;     -.772;    25.724;    88.446; 
 751;     -.775;    25.715;    88.446; 
 752;     -.778;    25.706;    88.446; 
 753;     -.781;    25.695;    88.446; 
 754;     -.784;    25.687;    88.446; 
 755;     -.786;    25.680;    88.446; 
 756;     -.789;    25.669;    88.446; 
 757;     -.791;    25.660;    88.446; 
 758;     -.795;    25.648;    88.446; 
 759;     -.798;    25.639;    88.446; 
 760;     -.800;    25.631;    88.446; 
 761;     -.803;    25.619;    88.446; 
 762;     -.805;    25.614;    88.446; 
 763;     -.808;    25.603;    88.446; 
 764;     -.810;    25.595;    88.446; 
 765;     -.814;    25.580;    88.446; 
 766;     -.818;    25.568;    88.446; 
 767;     -.822;    25.554;    88.446; 
 768;     -.825;    25.546;    88.446; 
 769;     -.826;    25.541;    88.446; 
 770;     -.828;    25.534;    88.446; 
 771;     -.830;    25.523;    88.446; 
 772;     -.833;    25.514;    88.446; 
 773;     -.835;    25.504;    88.446; 
 774;     -.839;    25.491;    88.446; 
 775;     -.842;    25.480;    88.446; 
 776;     -.846;    25.465;    88.446; 
 777;     -.848;    25.458;    88.446; 
 778;     -.851;    25.447;    88.446; 
 779;     -.854;    25.437;    88.446; 
 780;     -.857;    25.425;    88.446; 
 781;     -.859;    25.419;    88.446; 
 782;     -.860;    25.413;    88.446; 
 783;     -.862;    25.404;    88.446; 
 784;     -.864;    25.395;    88.446; 
 785;     -.869;    25.379;    88.446; 
 786;     -.874;    25.358;    88.446; 
 787;     -.878;    25.347;    88.446; 
 788;     -.879;    25.342;    88.446; 
 789;     -.881;    25.336;    88.446; 
 790;     -.881;    25.333;    88.446; 
 791;     -.884;    25.320;    88.446; 
 792;     -.887;    25.310;    88.446; 
 793;     -.891;    25.294;    88.446; 
 794;     -.895;    25.282;    88.446; 
 795;     -.895;    25.278;    88.446; 
 796;     -.897;    25.273;    88.446; 
 797;     -.899;    25.263;    88.446; 
 798;     -.899;    25.259;    88.446; 
 799;     -.902;    25.248;    88.446; 
 800;     -.906;    25.231;    88.446; 
 801;     -.909;    25.217;    88.446; 
 802;     -.911;    25.210;    88.446; 
 803;     -.912;    25.202;    88.446; 
 804;     -.914;    25.195;    88.446; 
 805;     -.916;    25.184;    88.446; 
 806;     -.918;    25.174;    88.446; 
 807;     -.920;    25.163;    88.446; 
 808;     -.923;    25.150;    88.446; 
 809;     -.925;    25.141;    88.446; 
 810;     -.927;    25.131;    88.446; 
 811;     -.930;    25.120;    88.446; 
 812;     -.932;    25.109;    88.446; 
 813;     -.932;    25.107;    88.446; 
 814;     -.934;    25.096;    88.446; 
 815;     -.935;    25.090;    88.446; 
 816;     -.936;    25.084;    88.446; 
 817;     -.939;    25.066;    88.446; 
 818;     -.943;    25.048;    88.446; 
 819;     -.947;    25.031;    88.446; 
 820;     -.949;    25.020;    88.446; 
 821;     -.951;    25.013;    88.446; 
 822;     -.953;    25.004;    88.446; 
 823;     -.956;    24.990;    88.446; 
 824;     -.958;    24.981;    88.446; 
 825;     -.961;    24.969;    88.446; 
 826;     -.962;    24.965;    88.446; 
 827;     -.963;    24.957;    88.446; 
 828;     -.965;    24.948;    88.446; 
 829;     -.967;    24.938;    88.446; 
 830;     -.968;    24.929;    88.446; 
 831;     -.971;    24.916;    88.446; 
 832;     -.973;    24.905;    88.446; 
 833;     -.975;    24.895;    88.446; 
 834;     -.976;    24.886;    88.446; 
 835;     -.978;    24.878;    88.446; 
 836;     -.984;    24.849;    88.446; 
 837;     -.993;    24.819;    88.446; 
 838;     -.999;    24.804;    88.446; 
 839;    -1.004;    24.790;    88.446; 
 840;    -1.008;    24.780;    88.446; 
 841;    -1.015;    24.765;    88.446; 
 842;    -1.039;    24.721;    88.446; 
 843;    -1.146;    24.628;    88.446; 
 844;    -1.224;    24.603;    88.446; 
 845;    -1.256;    24.599;    88.446; 
 846;    -1.269;    24.598;    88.446; 
 847;    -1.278;    24.597;    88.446; 
 848;    -1.285;    24.596;    88.446; 
 849;    -1.291;    24.596;    88.446; 
 850;    -1.299;    24.595;    88.446; 
 851;    -1.318;    24.593;    88.446; 
 852;    -1.351;    24.591;    88.446; 
 853;    -1.366;    24.592;    88.446; 
 854;    -1.373;    24.592;    88.446; 
 855;    -1.378;    24.591;    88.446; 
 856;    -1.383;    24.591;    88.446; 
 857;    -1.388;    24.591;    88.446; 
 858;    -1.392;    24.590;    88.446; 
 859;    -1.396;    24.590;    88.446; 
 860;    -1.404;    24.589;    88.446; 
 861;    -1.412;    24.588;    88.446; 
 862;    -1.434;    24.585;    88.446; 
 863;    -1.466;    24.584;    88.446; 
 864;    -1.479;    24.584;    88.446; 
 865;    -1.485;    24.584;    88.446; 
 866;    -1.490;    24.584;    88.446; 
 867;    -1.496;    24.584;    88.446; 
 868;    -1.506;    24.583;    88.446; 
 869;    -1.517;    24.583;    88.446; 
 870;    -1.527;    24.582;    88.446; 
 871;    -1.536;    24.582;    88.446; 
 872;    -1.544;    24.581;    88.446; 
 873;    -1.552;    24.580;    88.446; 
 874;    -1.561;    24.579;    88.446; 
 875;    -1.577;    24.578;    88.446; 
 876;    -1.588;    24.577;    88.446; 
 877;    -1.601;    24.577;    88.446; 
 878;    -1.618;    24.576;    88.446; 
 879;    -1.645;    24.577;    88.446; 
 880;    -1.719;    24.591;    88.446; 
 881;    -1.828;    24.659;    88.446; 
 882;    -1.886;    24.748;    88.446; 
 883;    -1.890;    24.758;    88.446; 
 884;    -1.895;    24.770;    88.446; 
 885;    -1.899;    24.780;    88.446; 
 886;    -1.903;    24.790;    88.446; 
 887;    -1.907;    24.800;    88.446; 
 888;    -1.913;    24.816;    88.446; 
 889;    -1.919;    24.832;    88.446; 
 890;    -1.925;    24.852;    88.446; 
 891;    -1.927;    24.858;    88.446; 
 892;    -1.930;    24.866;    88.446; 
 893;    -1.933;    24.876;    88.446; 
 894;    -1.935;    24.882;    88.446; 
 895;    -1.938;    24.891;    88.446; 
 896;    -1.941;    24.899;    88.446; 
 897;    -1.944;    24.907;    88.446; 
 898;    -1.949;    24.921;    88.446; 
 899;    -1.953;    24.932;    88.446; 
 900;    -1.958;    24.947;    88.446; 
 901;    -1.961;    24.957;    88.446; 
 902;    -1.964;    24.967;    88.446; 
 903;    -1.966;    24.972;    88.446; 
 904;    -1.969;    24.982;    88.446; 
 905;    -1.976;    25.004;    88.446; 
 906;    -1.980;    25.019;    88.446; 
 907;    -1.983;    25.027;    88.446; 
 908;    -1.984;    25.032;    88.446; 
 909;    -1.986;    25.039;    88.446; 
 910;    -1.988;    25.043;    88.446; 
 911;    -1.989;    25.047;    88.446; 
 912;    -1.993;    25.057;    88.446; 
 913;    -1.997;    25.066;    88.446; 
 914;    -2.006;    25.094;    88.446; 
 915;    -2.008;    25.101;    88.446; 
 916;    -2.010;    25.109;    88.446; 
 917;    -2.013;    25.115;    88.446; 
 918;    -2.016;    25.124;    88.446; 
 919;    -2.016;    25.123;    88.446; 
 920;    -2.019;    25.131;    88.446; 
 921;    -2.025;    25.148;    88.446; 
 922;    -2.030;    25.160;    88.446; 
 923;    -2.034;    25.172;    88.446; 
 924;    -2.038;    25.184;    88.446; 
 925;    -2.040;    25.190;    88.446; 
 926;    -2.043;    25.197;    88.446; 
 927;    -2.045;    25.202;    88.446; 
 928;    -2.049;    25.213;    88.446; 
 929;    -2.053;    25.223;    88.446; 
 930;    -2.057;    25.234;    88.446; 
 931;    -2.062;    25.246;    88.446; 
 932;    -2.067;    25.262;    88.446; 
 933;    -2.070;    25.271;    88.446; 
 934;    -2.073;    25.279;    88.446; 
 935;    -2.077;    25.289;    88.446; 
 936;    -2.079;    25.294;    88.446; 
 937;    -2.082;    25.302;    88.446; 
 938;    -2.085;    25.310;    88.446; 
 939;    -2.089;    25.318;    88.446; 
 940;    -2.095;    25.333;    88.446; 
 941;    -2.097;    25.340;    88.446; 
 942;    -2.101;    25.350;    88.446; 
 943;    -2.105;    25.360;    88.446; 
 944;    -2.108;    25.366;    88.446; 
 945;    -2.113;    25.380;    88.446; 
 946;    -2.116;    25.387;    88.446; 
 947;    -2.120;    25.396;    88.446; 
 948;    -2.125;    25.408;    88.446; 
 949;    -2.128;    25.417;    88.446; 
 950;    -2.131;    25.424;    88.446; 
 951;    -2.136;    25.434;    88.446; 
 952;    -2.140;    25.444;    88.446; 
 953;    -2.146;    25.459;    88.446; 
 954;    -2.148;    25.466;    88.446; 
 955;    -2.151;    25.473;    88.446; 
 956;    -2.156;    25.484;    88.446; 
 957;    -2.158;    25.489;    88.446; 
 958;    -2.160;    25.492;    88.446; 
 959;    -2.165;    25.502;    88.446; 
 960;    -2.171;    25.515;    88.446; 
 961;    -2.179;    25.536;    88.446; 
 962;    -2.183;    25.546;    88.446; 
 963;    -2.186;    25.552;    88.446; 
 964;    -2.189;    25.560;    88.446; 
 965;    -2.195;    25.572;    88.446; 
 966;    -2.198;    25.580;    88.446; 
 967;    -2.202;    25.591;    88.446; 
 968;    -2.207;    25.601;    88.446; 
 969;    -2.210;    25.609;    88.446; 
 970;    -2.213;    25.616;    88.446; 
 971;    -2.217;    25.626;    88.446; 
 972;    -2.221;    25.635;    88.446; 
 973;    -2.226;    25.646;    88.446; 
 974;    -2.229;    25.654;    88.446; 
 975;    -2.233;    25.663;    88.446; 
 976;    -2.238;    25.674;    88.446; 
 977;    -2.242;    25.683;    88.446; 
 978;    -2.246;    25.691;    88.446; 
 979;    -2.249;    25.699;    88.446; 
 980;    -2.251;    25.702;    88.446; 
 981;    -2.254;    25.708;    88.446; 
 982;    -2.259;    25.719;    88.446; 
 983;    -2.267;    25.734;    88.446; 
 984;    -2.274;    25.750;    88.446; 
 985;    -2.278;    25.758;    88.446; 
 986;    -2.280;    25.764;    88.446; 
 987;    -2.284;    25.772;    88.446; 
 988;    -2.287;    25.778;    88.446; 
 989;    -2.291;    25.785;    88.446; 
 990;    -2.299;    25.803;    88.446; 
 991;    -2.303;    25.813;    88.446; 
 992;    -2.308;    25.823;    88.446; 
 993;    -2.311;    25.829;    88.446; 
 994;    -2.317;    25.843;    88.446; 
 995;    -2.322;    25.853;    88.446; 
 996;    -2.328;    25.869;    88.446; 
 997;    -2.332;    25.876;    88.446; 
 998;    -2.335;    25.883;    88.446; 
 999;    -2.338;    25.890;    88.446; 
1000;    -2.340;    25.894;    88.446; 
1001;    -2.344;    25.902;    88.446; 
1002;    -2.351;    25.916;    88.446; 
1003;    -2.355;    25.924;    88.446; 
1004;    -2.361;    25.936;    88.446; 
1005;    -2.366;    25.946;    88.446; 
1006;    -2.369;    25.953;    88.446; 
1007;    -2.372;    25.958;    88.446; 
1008;    -2.376;    25.966;    88.446; 
1009;    -2.381;    25.976;    88.446; 
1010;    -2.388;    25.990;    88.446; 
1011;    -2.392;    25.999;    88.446; 
1012;    -2.398;    26.012;    88.446; 
1013;    -2.402;    26.019;    88.446; 
1014;    -2.407;    26.031;    88.446; 
1015;    -2.411;    26.038;    88.446; 
1016;    -2.415;    26.047;    88.446; 
1017;    -2.421;    26.059;    88.446; 
1018;    -2.425;    26.067;    88.446; 
1019;    -2.428;    26.074;    88.446; 
1020;    -2.433;    26.082;    88.446; 
1021;    -2.437;    26.091;    88.446; 
1022;    -2.442;    26.100;    88.446; 
1023;    -2.446;    26.107;    88.446; 
1024;    -2.451;    26.117;    88.446; 
1025;    -2.454;    26.123;    88.446; 
1026;    -2.459;    26.132;    88.446; 
1027;    -2.464;    26.142;    88.446; 
1028;    -2.471;    26.156;    88.446; 
1029;    -2.478;    26.171;    88.446; 
1030;    -2.482;    26.178;    88.446; 
1031;    -2.487;    26.187;    88.446; 
1032;    -2.489;    26.191;    88.446; 
1033;    -2.493;    26.198;    88.446; 
1034;    -2.497;    26.207;    88.446; 
1035;    -2.502;    26.215;    88.446; 
1036;    -2.508;    26.227;    88.446; 
1037;    -2.516;    26.242;    88.446; 
1038;    -2.523;    26.256;    88.446; 
1039;    -2.527;    26.266;    88.446; 
1040;    -2.529;    26.269;    88.446; 
1041;    -2.532;    26.275;    88.446; 
1042;    -2.536;    26.282;    88.446; 
1043;    -2.543;    26.295;    88.446; 
1044;    -2.550;    26.309;    88.446; 
1045;    -2.553;    26.315;    88.446; 
1046;    -2.558;    26.323;    88.446; 
1047;    -2.562;    26.331;    88.446; 
1048;    -2.569;    26.343;    88.446; 
1049;    -2.573;    26.350;    88.446; 
1050;    -2.577;    26.358;    88.446; 
1051;    -2.581;    26.366;    88.446; 
1052;    -2.587;    26.376;    88.446; 
1053;    -2.592;    26.385;    88.446; 
1054;    -2.597;    26.394;    88.446; 
1055;    -2.605;    26.409;    88.446; 
1056;    -2.609;    26.417;    88.446; 
1057;    -2.616;    26.429;    88.446; 
1058;    -2.618;    26.433;    88.446; 
1059;    -2.624;    26.445;    88.446; 
1060;    -2.628;    26.451;    88.446; 
1061;    -2.633;    26.460;    88.446; 
1062;    -2.635;    26.464;    88.446; 
1063;    -2.639;    26.470;    88.446; 
1064;    -2.643;    26.475;    88.446; 
1065;    -2.650;    26.487;    88.446; 
1066;    -2.661;    26.507;    88.446; 
1067;    -2.668;    26.520;    88.446; 
1068;    -2.674;    26.531;    88.446; 
1069;    -2.676;    26.534;    88.446; 
1070;    -2.681;    26.544;    88.446; 
1071;    -2.683;    26.547;    88.446; 
1072;    -2.688;    26.555;    88.446; 
1073;    -2.694;    26.564;    88.446; 
1074;    -2.706;    26.586;    88.446; 
1075;    -2.714;    26.602;    88.446; 
1076;    -2.717;    26.608;    88.446; 
1077;    -2.721;    26.616;    88.446; 
1078;    -2.725;    26.622;    88.446; 
1079;    -2.727;    26.625;    88.446; 
1080;    -2.730;    26.630;    88.446; 
1081;    -2.734;    26.637;    88.446; 
1082;    -2.738;    26.642;    88.446; 
1083;    -2.742;    26.648;    88.446; 
1084;    -2.749;    26.659;    88.446; 
1085;    -2.752;    26.662;    88.446; 
1086;    -2.756;    26.668;    88.446; 
1087;    -2.757;    26.669;    88.446; 
1088;    -2.757;    26.669;    88.446; 
1089;    -2.761;    26.673;    88.446; 
1090;    -2.761;    26.673;    88.446; 
1091;    -2.762;    26.673;    88.446; 
1092;    -2.767;    26.677;    88.446; 
1093;    -2.768;    26.679;    88.446; 
1094;    -2.778;    26.686;    88.446; 
1095;    -2.790;    26.697;    88.446; 
1096;    -2.796;    26.702;    88.446; 
1097;    -2.802;    26.707;    88.446; 
1098;    -2.806;    26.710;    88.446; 
1099;    -2.808;    26.711;    88.446; 
1100;    -2.814;    26.715;    88.446; 
1101;    -2.811;    26.713;    88.446; 
1102;    -2.817;    26.716;    88.446; 
1103;    -2.820;    26.718;    88.446; 
1104;    -2.822;    26.719;    88.446; 
1105;    -2.825;    26.720;    88.446; 
1106;    -2.829;    26.722;    88.446; 
1107;    -2.832;    26.723;    88.446; 
1108;    -2.834;    26.724;    88.446; 
1109;    -2.836;    26.724;    88.446; 
1110;    -2.837;    26.724;    88.446; 
1111;    -2.842;    26.725;    88.446; 
1112;    -2.846;    26.726;    88.446; 
1113;    -2.856;    26.728;    88.446; 
1114;    -2.858;    26.728;    88.446; 
1115;    -2.867;    26.730;    88.446; 
1116;    -2.875;    26.731;    88.446; 
1117;    -2.883;    26.732;    88.446; 
1118;    -2.896;    26.734;    88.446; 
1119;    -2.900;    26.735;    88.446; 
1120;    -2.905;    26.735;    88.446; 
1121;    -2.907;    26.735;    88.446; 
1122;    -2.911;    26.735;    88.446; 
1123;    -2.913;    26.735;    88.446; 
1124;    -2.916;    26.735;    88.446; 
1125;    -2.917;    26.735;    88.446; 
1126;    -2.917;    26.735;    88.446; 
1127;    -2.919;    26.734;    88.446; 
1128;    -2.944;    26.732;    88.446; 
1129;    -2.965;    26.731;    88.446; 
1130;    -2.979;    26.731;    88.446; 
1131;    -2.983;    26.731;    88.446; 
1132;    -2.987;    26.730;    88.446; 
1133;    -2.990;    26.730;    88.446; 
1134;    -2.994;    26.729;    88.446; 
1135;    -3.000;    26.728;    88.446; 
1136;    -3.006;    26.727;    88.446; 
1137;    -3.018;    26.726;    88.446; 
1138;    -3.028;    26.724;    88.446; 
1139;    -3.040;    26.722;    88.446; 
1140;    -3.060;    26.720;    88.446; 
1141;    -3.073;    26.718;    88.446; 
1142;    -3.081;    26.718;    88.446; 
1143;    -3.090;    26.716;    88.446; 
1144;    -3.095;    26.716;    88.446; 
1145;    -3.102;    26.715;    88.446; 
1146;    -3.109;    26.713;    88.446; 
1147;    -3.129;    26.711;    88.446; 
1148;    -3.147;    26.709;    88.446; 
1149;    -3.164;    26.708;    88.446; 
