[A]
   1;     3.985;    26.599;    88.446; 
   2;     3.974;    26.601;    88.446; 
   3;     3.965;    26.602;    88.446; 
   4;     3.957;    26.603;    88.446; 
   5;     3.949;    26.605;    88.446; 
   6;     3.937;    26.606;    88.446; 
   7;     3.925;    26.608;    88.446; 
   8;     3.914;    26.610;    88.446; 
   9;     3.903;    26.612;    88.446; 
  10;     3.895;    26.613;    88.446; 
  11;     3.886;    26.614;    88.446; 
  12;     3.878;    26.615;    88.446; 
  13;     3.864;    26.617;    88.446; 
  14;     3.856;    26.618;    88.446; 
  15;     3.844;    26.620;    88.446; 
  16;     3.832;    26.622;    88.446; 
  17;     3.824;    26.623;    88.446; 
  18;     3.817;    26.624;    88.446; 
  19;     3.701;    26.641;    88.446; 
  20;     3.687;    26.643;    88.446; 
  21;     3.677;    26.644;    88.446; 
  22;     3.665;    26.646;    88.446; 
  23;     3.659;    26.647;    88.446; 
  24;     3.651;    26.648;    88.446; 
  25;     3.642;    26.649;    88.446; 
  26;     3.632;    26.651;    88.446; 
  27;     3.614;    26.653;    88.446; 
  28;     3.604;    26.655;    88.446; 
  29;     3.598;    26.656;    88.446; 
  30;     3.593;    26.656;    88.446; 
  31;     3.576;    26.658;    88.446; 
  32;     3.558;    26.661;    88.446; 
  33;     3.549;    26.663;    88.446; 
  34;     3.541;    26.664;    88.446; 
  35;     3.531;    26.666;    88.446; 
  36;     3.519;    26.667;    88.446; 
  37;     3.514;    26.668;    88.446; 
  38;     3.508;    26.669;    88.446; 
  39;     3.502;    26.669;    88.446; 
  40;     3.493;    26.670;    88.446; 
  41;     3.487;    26.670;    88.446; 
  42;     3.481;    26.671;    88.446; 
  43;     3.478;    26.671;    88.446; 
  44;     3.471;    26.671;    88.446; 
  45;     3.468;    26.671;    88.446; 
  46;     3.464;    26.670;    88.446; 
  47;     3.460;    26.670;    88.446; 
  48;     3.457;    26.669;    88.446; 
  49;     3.449;    26.668;    88.446; 
  50;     3.445;    26.668;    88.446; 
  51;     3.443;    26.667;    88.446; 
  52;     3.440;    26.666;    88.446; 
  53;     3.433;    26.665;    88.446; 
  54;     3.431;    26.664;    88.446; 
  55;     3.428;    26.663;    88.446; 
  56;     3.424;    26.662;    88.446; 
  57;     3.413;    26.658;    88.446; 
  58;     3.399;    26.653;    88.446; 
  59;     3.389;    26.650;    88.446; 
  60;     3.388;    26.650;    88.446; 
  61;     3.384;    26.648;    88.446; 
  62;     3.382;    26.647;    88.446; 
  63;     3.379;    26.646;    88.446; 
  64;     3.376;    26.644;    88.446; 
  65;     3.372;    26.642;    88.446; 
  66;     3.371;    26.640;    88.446; 
  67;     3.364;    26.637;    88.446; 
  68;     3.360;    26.634;    88.446; 
  69;     3.358;    26.632;    88.446; 
  70;     3.353;    26.629;    88.446; 
  71;     3.351;    26.627;    88.446; 
  72;     3.347;    26.624;    88.446; 
  73;     3.344;    26.621;    88.446; 
  74;     3.339;    26.616;    88.446; 
  75;     3.338;    26.615;    88.446; 
  76;     3.337;    26.613;    88.446; 
  77;     3.335;    26.611;    88.446; 
  78;     3.331;    26.606;    88.446; 
  79;     3.326;    26.600;    88.446; 
  80;     3.317;    26.590;    88.446; 
  81;     3.313;    26.585;    88.446; 
  82;     3.306;    26.576;    88.446; 
  83;     3.305;    26.574;    88.446; 
  84;     3.302;    26.570;    88.446; 
  85;     3.300;    26.567;    88.446; 
  86;     3.296;    26.561;    88.446; 
  87;     3.291;    26.553;    88.446; 
  88;     3.285;    26.543;    88.446; 
  89;     3.281;    26.536;    88.446; 
  90;     3.276;    26.528;    88.446; 
  91;     3.270;    26.518;    88.446; 
  92;     3.267;    26.512;    88.446; 
  93;     3.259;    26.499;    88.446; 
  94;     3.256;    26.495;    88.446; 
  95;     3.255;    26.492;    88.446; 
  96;     3.247;    26.478;    88.446; 
  97;     3.240;    26.466;    88.446; 
  98;     3.232;    26.452;    88.446; 
  99;     3.223;    26.439;    88.446; 
 100;     3.216;    26.429;    88.446; 
 101;     3.212;    26.422;    88.446; 
 102;     3.207;    26.414;    88.446; 
 103;     3.201;    26.405;    88.446; 
 104;     3.197;    26.398;    88.446; 
 105;     3.194;    26.393;    88.446; 
 106;     3.192;    26.389;    88.446; 
 107;     3.187;    26.380;    88.446; 
 108;     3.185;    26.375;    88.446; 
 109;     3.178;    26.363;    88.446; 
 110;     3.173;    26.354;    88.446; 
 111;     3.165;    26.340;    88.446; 
 112;     3.161;    26.332;    88.446; 
 113;     3.154;    26.321;    88.446; 
 114;     3.149;    26.312;    88.446; 
 115;     3.147;    26.308;    88.446; 
 116;     3.139;    26.293;    88.446; 
 117;     3.134;    26.285;    88.446; 
 118;     3.130;    26.278;    88.446; 
 119;     3.123;    26.265;    88.446; 
 120;     3.117;    26.256;    88.446; 
 121;     3.112;    26.247;    88.446; 
 122;     3.108;    26.239;    88.446; 
 123;     3.102;    26.228;    88.446; 
 124;     3.097;    26.221;    88.446; 
 125;     3.091;    26.209;    88.446; 
 126;     3.084;    26.198;    88.446; 
 127;     3.080;    26.191;    88.446; 
 128;     3.076;    26.184;    88.446; 
 129;     3.070;    26.173;    88.446; 
 130;     3.066;    26.165;    88.446; 
 131;     3.060;    26.156;    88.446; 
 132;     3.057;    26.149;    88.446; 
 133;     3.053;    26.142;    88.446; 
 134;     3.049;    26.135;    88.446; 
 135;     3.044;    26.125;    88.446; 
 136;     3.035;    26.110;    88.446; 
 137;     3.031;    26.102;    88.446; 
 138;     3.024;    26.090;    88.446; 
 139;     3.021;    26.084;    88.446; 
 140;     3.016;    26.075;    88.446; 
 141;     3.010;    26.065;    88.446; 
 142;     3.003;    26.052;    88.446; 
 143;     3.001;    26.048;    88.446; 
 144;     2.996;    26.039;    88.446; 
 145;     2.991;    26.029;    88.446; 
 146;     2.985;    26.018;    88.446; 
 147;     2.981;    26.011;    88.446; 
 148;     2.977;    26.003;    88.446; 
 149;     2.973;    25.996;    88.446; 
 150;     2.969;    25.987;    88.446; 
 151;     2.962;    25.974;    88.446; 
 152;     2.957;    25.965;    88.446; 
 153;     2.953;    25.957;    88.446; 
 154;     2.950;    25.952;    88.446; 
 155;     2.944;    25.940;    88.446; 
 156;     2.941;    25.933;    88.446; 
 157;     2.937;    25.925;    88.446; 
 158;     2.933;    25.917;    88.446; 
 159;     2.922;    25.896;    88.446; 
 160;     2.914;    25.883;    88.446; 
 161;     2.908;    25.873;    88.446; 
 162;     2.903;    25.865;    88.446; 
 163;     2.901;    25.861;    88.446; 
 164;     2.900;    25.858;    88.446; 
 165;     2.895;    25.850;    88.446; 
 166;     2.892;    25.842;    88.446; 
 167;     2.888;    25.834;    88.446; 
 168;     2.883;    25.824;    88.446; 
 169;     2.879;    25.816;    88.446; 
 170;     2.873;    25.804;    88.446; 
 171;     2.868;    25.794;    88.446; 
 172;     2.862;    25.783;    88.446; 
 173;     2.857;    25.774;    88.446; 
 174;     2.852;    25.764;    88.446; 
 175;     2.848;    25.756;    88.446; 
 176;     2.843;    25.745;    88.446; 
 177;     2.838;    25.737;    88.446; 
 178;     2.833;    25.727;    88.446; 
 179;     2.831;    25.721;    88.446; 
 180;     2.826;    25.713;    88.446; 
 181;     2.822;    25.704;    88.446; 
 182;     2.820;    25.698;    88.446; 
 183;     2.818;    25.693;    88.446; 
 184;     2.812;    25.680;    88.446; 
 185;     2.802;    25.660;    88.446; 
 186;     2.794;    25.646;    88.446; 
 187;     2.788;    25.633;    88.446; 
 188;     2.786;    25.629;    88.446; 
 189;     2.781;    25.620;    88.446; 
 190;     2.780;    25.618;    88.446; 
 191;     2.777;    25.610;    88.446; 
 192;     2.771;    25.599;    88.446; 
 193;     2.767;    25.589;    88.446; 
 194;     2.763;    25.581;    88.446; 
 195;     2.760;    25.575;    88.446; 
 196;     2.755;    25.563;    88.446; 
 197;     2.748;    25.549;    88.446; 
 198;     2.744;    25.541;    88.446; 
 199;     2.739;    25.530;    88.446; 
 200;     2.734;    25.519;    88.446; 
 201;     2.731;    25.513;    88.446; 
 202;     2.726;    25.503;    88.446; 
 203;     2.723;    25.496;    88.446; 
 204;     2.720;    25.490;    88.446; 
 205;     2.717;    25.481;    88.446; 
 206;     2.709;    25.466;    88.446; 
 207;     2.705;    25.457;    88.446; 
 208;     2.700;    25.445;    88.446; 
 209;     2.696;    25.437;    88.446; 
 210;     2.695;    25.433;    88.446; 
 211;     2.692;    25.426;    88.446; 
 212;     2.686;    25.413;    88.446; 
 213;     2.681;    25.401;    88.446; 
 214;     2.676;    25.390;    88.446; 
 215;     2.672;    25.381;    88.446; 
 216;     2.668;    25.372;    88.446; 
 217;     2.664;    25.364;    88.446; 
 218;     2.658;    25.351;    88.446; 
 219;     2.655;    25.344;    88.446; 
 220;     2.651;    25.335;    88.446; 
 221;     2.646;    25.324;    88.446; 
 222;     2.642;    25.316;    88.446; 
 223;     2.639;    25.308;    88.446; 
 224;     2.635;    25.299;    88.446; 
 225;     2.632;    25.291;    88.446; 
 226;     2.628;    25.281;    88.446; 
 227;     2.625;    25.273;    88.446; 
 228;     2.622;    25.266;    88.446; 
 229;     2.620;    25.261;    88.446; 
 230;     2.617;    25.254;    88.446; 
 231;     2.616;    25.250;    88.446; 
 232;     2.609;    25.231;    88.446; 
 233;     2.600;    25.210;    88.446; 
 234;     2.593;    25.193;    88.446; 
 235;     2.590;    25.186;    88.446; 
 236;     2.587;    25.179;    88.446; 
 237;     2.585;    25.175;    88.446; 
 238;     2.583;    25.169;    88.446; 
 239;     2.578;    25.158;    88.446; 
 240;     2.576;    25.152;    88.446; 
 241;     2.571;    25.140;    88.446; 
 242;     2.567;    25.129;    88.446; 
 243;     2.565;    25.123;    88.446; 
 244;     2.562;    25.114;    88.446; 
 245;     2.558;    25.105;    88.446; 
 246;     2.555;    25.096;    88.446; 
 247;     2.551;    25.086;    88.446; 
 248;     2.545;    25.070;    88.446; 
 249;     2.540;    25.058;    88.446; 
 250;     2.537;    25.050;    88.446; 
 251;     2.534;    25.043;    88.446; 
 252;     2.532;    25.036;    88.446; 
 253;     2.529;    25.030;    88.446; 
 254;     2.526;    25.019;    88.446; 
 255;     2.523;    25.012;    88.446; 
 256;     2.519;    24.999;    88.446; 
 257;     2.514;    24.986;    88.446; 
 258;     2.509;    24.974;    88.446; 
 259;     2.506;    24.964;    88.446; 
 260;     2.502;    24.956;    88.446; 
 261;     2.500;    24.948;    88.446; 
 262;     2.496;    24.938;    88.446; 
 263;     2.493;    24.929;    88.446; 
 264;     2.489;    24.919;    88.446; 
 265;     2.486;    24.910;    88.446; 
 266;     2.481;    24.897;    88.446; 
 267;     2.478;    24.889;    88.446; 
 268;     2.476;    24.882;    88.446; 
 269;     2.472;    24.871;    88.446; 
 270;     2.469;    24.863;    88.446; 
 271;     2.466;    24.853;    88.446; 
 272;     2.463;    24.844;    88.446; 
 273;     2.460;    24.835;    88.446; 
 274;     2.457;    24.826;    88.446; 
 275;     2.454;    24.817;    88.446; 
 276;     2.452;    24.810;    88.446; 
 277;     2.450;    24.804;    88.446; 
 278;     2.448;    24.796;    88.446; 
 279;     2.442;    24.776;    88.446; 
 280;     2.435;    24.758;    88.446; 
 281;     2.429;    24.742;    88.446; 
 282;     2.415;    24.712;    88.446; 
 283;     2.403;    24.691;    88.446; 
 284;     2.395;    24.678;    88.446; 
 285;     2.385;    24.662;    88.446; 
 286;     2.369;    24.640;    88.446; 
 287;     2.324;    24.595;    88.446; 
 288;     2.212;    24.541;    88.446; 
 289;     2.193;    24.537;    88.446; 
 290;     2.120;    24.532;    88.446; 
 291;     2.080;    24.537;    88.446; 
 292;     2.076;    24.538;    88.446; 
 293;     2.070;    24.538;    88.446; 
 294;     2.064;    24.539;    88.446; 
 295;     2.056;    24.540;    88.446; 
 296;     2.048;    24.540;    88.446; 
 297;     2.042;    24.541;    88.446; 
 298;     2.037;    24.541;    88.446; 
 299;     2.033;    24.541;    88.446; 
 300;     2.031;    24.540;    88.446; 
 301;     2.019;    24.540;    88.446; 
 302;     1.981;    24.542;    88.446; 
 303;     1.957;    24.545;    88.446; 
 304;     1.951;    24.546;    88.446; 
 305;     1.945;    24.546;    88.446; 
 306;     1.944;    24.546;    88.446; 
 307;     1.927;    24.548;    88.446; 
 308;     1.904;    24.551;    88.446; 
 309;     1.885;    24.554;    88.446; 
 310;     1.879;    24.555;    88.446; 
 311;     1.874;    24.555;    88.446; 
 312;     1.869;    24.556;    88.446; 
 313;     1.863;    24.556;    88.446; 
 314;     1.855;    24.557;    88.446; 
 315;     1.847;    24.557;    88.446; 
 316;     1.837;    24.558;    88.446; 
 317;     1.827;    24.558;    88.446; 
 318;     1.817;    24.559;    88.446; 
 319;     1.806;    24.560;    88.446; 
 320;     1.797;    24.560;    88.446; 
 321;     1.786;    24.561;    88.446; 
 322;     1.757;    24.564;    88.446; 
 323;     1.707;    24.576;    88.446; 
 324;     1.651;    24.601;    88.446; 
 325;     1.566;    24.679;    88.446; 
 326;     1.536;    24.731;    88.446; 
 327;     1.523;    24.765;    88.446; 
 328;     1.514;    24.799;    88.446; 
 329;     1.509;    24.829;    88.446; 
 330;     1.508;    24.833;    88.446; 
 331;     1.507;    24.837;    88.446; 
 332;     1.506;    24.839;    88.446; 
 333;     1.504;    24.847;    88.446; 
 334;     1.504;    24.850;    88.446; 
 335;     1.501;    24.860;    88.446; 
 336;     1.494;    24.891;    88.446; 
 337;     1.490;    24.930;    88.446; 
 338;     1.489;    24.937;    88.446; 
 339;     1.488;    24.944;    88.446; 
 340;     1.488;    24.948;    88.446; 
 341;     1.487;    24.953;    88.446; 
 342;     1.486;    24.959;    88.446; 
 343;     1.485;    24.964;    88.446; 
 344;     1.483;    24.977;    88.446; 
 345;     1.482;    24.981;    88.446; 
 346;     1.480;    24.988;    88.446; 
 347;     1.479;    24.993;    88.446; 
 348;     1.475;    25.012;    88.446; 
 349;     1.473;    25.020;    88.446; 
 350;     1.470;    25.038;    88.446; 
 351;     1.468;    25.043;    88.446; 
 352;     1.466;    25.057;    88.446; 
 353;     1.462;    25.077;    88.446; 
 354;     1.461;    25.088;    88.446; 
 355;     1.459;    25.099;    88.446; 
 356;     1.458;    25.106;    88.446; 
 357;     1.456;    25.120;    88.446; 
 358;     1.455;    25.126;    88.446; 
 359;     1.453;    25.139;    88.446; 
 360;     1.452;    25.146;    88.446; 
 361;     1.451;    25.152;    88.446; 
 362;     1.450;    25.156;    88.446; 
 363;     1.448;    25.162;    88.446; 
 364;     1.445;    25.175;    88.446; 
 365;     1.444;    25.181;    88.446; 
 366;     1.442;    25.191;    88.446; 
 367;     1.440;    25.196;    88.446; 
 368;     1.436;    25.215;    88.446; 
 369;     1.433;    25.231;    88.446; 
 370;     1.430;    25.243;    88.446; 
 371;     1.429;    25.253;    88.446; 
 372;     1.426;    25.265;    88.446; 
 373;     1.425;    25.273;    88.446; 
 374;     1.423;    25.280;    88.446; 
 375;     1.421;    25.292;    88.446; 
 376;     1.420;    25.297;    88.446; 
 377;     1.418;    25.307;    88.446; 
 378;     1.416;    25.315;    88.446; 
 379;     1.414;    25.324;    88.446; 
 380;     1.411;    25.337;    88.446; 
 381;     1.409;    25.345;    88.446; 
 382;     1.407;    25.354;    88.446; 
 383;     1.404;    25.364;    88.446; 
 384;     1.402;    25.373;    88.446; 
 385;     1.400;    25.382;    88.446; 
 386;     1.397;    25.393;    88.446; 
 387;     1.395;    25.402;    88.446; 
 388;     1.393;    25.408;    88.446; 
 389;     1.391;    25.418;    88.446; 
 390;     1.386;    25.436;    88.446; 
 391;     1.384;    25.445;    88.446; 
 392;     1.382;    25.454;    88.446; 
 393;     1.380;    25.464;    88.446; 
 394;     1.378;    25.471;    88.446; 
 395;     1.373;    25.492;    88.446; 
 396;     1.371;    25.499;    88.446; 
 397;     1.370;    25.504;    88.446; 
 398;     1.369;    25.510;    88.446; 
 399;     1.366;    25.518;    88.446; 
 400;     1.365;    25.522;    88.446; 
 401;     1.361;    25.536;    88.446; 
 402;     1.358;    25.549;    88.446; 
 403;     1.355;    25.559;    88.446; 
 404;     1.351;    25.573;    88.446; 
 405;     1.348;    25.585;    88.446; 
 406;     1.345;    25.598;    88.446; 
 407;     1.343;    25.607;    88.446; 
 408;     1.342;    25.612;    88.446; 
 409;     1.339;    25.624;    88.446; 
 410;     1.336;    25.633;    88.446; 
 411;     1.333;    25.644;    88.446; 
 412;     1.331;    25.652;    88.446; 
 413;     1.328;    25.664;    88.446; 
 414;     1.327;    25.667;    88.446; 
 415;     1.323;    25.678;    88.446; 
 416;     1.319;    25.693;    88.446; 
 417;     1.316;    25.704;    88.446; 
 418;     1.314;    25.713;    88.446; 
 419;     1.311;    25.722;    88.446; 
 420;     1.308;    25.734;    88.446; 
 421;     1.307;    25.739;    88.446; 
 422;     1.303;    25.753;    88.446; 
 423;     1.301;    25.761;    88.446; 
 424;     1.299;    25.765;    88.446; 
 425;     1.295;    25.781;    88.446; 
 426;     1.292;    25.790;    88.446; 
 427;     1.289;    25.801;    88.446; 
 428;     1.287;    25.808;    88.446; 
 429;     1.285;    25.812;    88.446; 
 430;     1.281;    25.823;    88.446; 
 431;     1.276;    25.841;    88.446; 
 432;     1.271;    25.860;    88.446; 
 433;     1.269;    25.865;    88.446; 
 434;     1.267;    25.874;    88.446; 
 435;     1.264;    25.884;    88.446; 
 436;     1.260;    25.900;    88.446; 
 437;     1.259;    25.901;    88.446; 
 438;     1.256;    25.912;    88.446; 
 439;     1.254;    25.920;    88.446; 
 440;     1.251;    25.928;    88.446; 
 441;     1.249;    25.936;    88.446; 
 442;     1.246;    25.943;    88.446; 
 443;     1.243;    25.954;    88.446; 
 444;     1.238;    25.967;    88.446; 
 445;     1.234;    25.980;    88.446; 
 446;     1.230;    25.994;    88.446; 
 447;     1.228;    26.000;    88.446; 
 448;     1.225;    26.009;    88.446; 
 449;     1.223;    26.017;    88.446; 
 450;     1.220;    26.027;    88.446; 
 451;     1.217;    26.036;    88.446; 
 452;     1.213;    26.048;    88.446; 
 453;     1.209;    26.060;    88.446; 
 454;     1.207;    26.067;    88.446; 
 455;     1.203;    26.080;    88.446; 
 456;     1.202;    26.084;    88.446; 
 457;     1.198;    26.093;    88.446; 
 458;     1.195;    26.103;    88.446; 
 459;     1.191;    26.115;    88.446; 
 460;     1.188;    26.123;    88.446; 
 461;     1.184;    26.135;    88.446; 
 462;     1.181;    26.143;    88.446; 
 463;     1.178;    26.153;    88.446; 
 464;     1.175;    26.163;    88.446; 
 465;     1.172;    26.169;    88.446; 
 466;     1.169;    26.179;    88.446; 
 467;     1.163;    26.197;    88.446; 
 468;     1.161;    26.204;    88.446; 
 469;     1.156;    26.217;    88.446; 
 470;     1.153;    26.227;    88.446; 
 471;     1.150;    26.236;    88.446; 
 472;     1.147;    26.246;    88.446; 
 473;     1.144;    26.253;    88.446; 
 474;     1.142;    26.260;    88.446; 
 475;     1.138;    26.272;    88.446; 
 476;     1.137;    26.273;    88.446; 
 477;     1.132;    26.287;    88.446; 
 478;     1.127;    26.302;    88.446; 
 479;     1.123;    26.314;    88.446; 
 480;     1.119;    26.325;    88.446; 
 481;     1.118;    26.329;    88.446; 
 482;     1.113;    26.342;    88.446; 
 483;     1.110;    26.351;    88.446; 
 484;     1.106;    26.361;    88.446; 
 485;     1.103;    26.370;    88.446; 
 486;     1.098;    26.383;    88.446; 
 487;     1.095;    26.394;    88.446; 
 488;     1.092;    26.402;    88.446; 
 489;     1.088;    26.412;    88.446; 
 490;     1.085;    26.423;    88.446; 
 491;     1.083;    26.429;    88.446; 
 492;     1.080;    26.436;    88.446; 
 493;     1.076;    26.445;    88.446; 
 494;     1.073;    26.453;    88.446; 
 495;     1.068;    26.466;    88.446; 
 496;     1.062;    26.481;    88.446; 
 497;     1.055;    26.504;    88.446; 
 498;     1.053;    26.512;    88.446; 
 499;     1.052;    26.514;    88.446; 
 500;     1.050;    26.520;    88.446; 
 501;     1.048;    26.523;    88.446; 
 502;     1.044;    26.532;    88.446; 
 503;     1.038;    26.547;    88.446; 
 504;     1.034;    26.557;    88.446; 
 505;     1.029;    26.569;    88.446; 
 506;     1.027;    26.576;    88.446; 
 507;     1.021;    26.591;    88.446; 
 508;     1.018;    26.597;    88.446; 
 509;     1.014;    26.609;    88.446; 
 510;     1.009;    26.621;    88.446; 
 511;     1.006;    26.630;    88.446; 
 512;     1.002;    26.639;    88.446; 
 513;      .999;    26.648;    88.446; 
 514;      .996;    26.656;    88.446; 
 515;      .992;    26.667;    88.446; 
 516;      .988;    26.676;    88.446; 
 517;      .985;    26.684;    88.446; 
 518;      .981;    26.693;    88.446; 
 519;      .977;    26.702;    88.446; 
 520;      .972;    26.714;    88.446; 
 521;      .968;    26.726;    88.446; 
 522;      .964;    26.735;    88.446; 
 523;      .961;    26.741;    88.446; 
 524;      .957;    26.751;    88.446; 
 525;      .955;    26.756;    88.446; 
 526;      .951;    26.764;    88.446; 
 527;      .947;    26.773;    88.446; 
 528;      .944;    26.779;    88.446; 
 529;      .943;    26.781;    88.446; 
 530;      .941;    26.785;    88.446; 
 531;      .936;    26.793;    88.446; 
 532;      .933;    26.797;    88.446; 
 533;      .930;    26.803;    88.446; 
 534;      .927;    26.806;    88.446; 
 535;      .925;    26.809;    88.446; 
 536;      .922;    26.813;    88.446; 
 537;      .919;    26.816;    88.446; 
 538;      .917;    26.819;    88.446; 
 539;      .915;    26.821;    88.446; 
 540;      .912;    26.824;    88.446; 
 541;      .907;    26.829;    88.446; 
 542;      .904;    26.831;    88.446; 
 543;      .901;    26.834;    88.446; 
 544;      .895;    26.839;    88.446; 
 545;      .893;    26.841;    88.446; 
 546;      .888;    26.844;    88.446; 
 547;      .882;    26.848;    88.446; 
 548;      .880;    26.850;    88.446; 
 549;      .872;    26.855;    88.446; 
 550;      .866;    26.859;    88.446; 
 551;      .863;    26.861;    88.446; 
 552;      .860;    26.862;    88.446; 
 553;      .854;    26.865;    88.446; 
 554;      .854;    26.865;    88.446; 
 555;      .850;    26.867;    88.446; 
 556;      .844;    26.869;    88.446; 
 557;      .838;    26.872;    88.446; 
 558;      .833;    26.874;    88.446; 
 559;      .831;    26.874;    88.446; 
 560;      .824;    26.876;    88.446; 
 561;      .820;    26.877;    88.446; 
 562;      .816;    26.878;    88.446; 
 563;      .809;    26.880;    88.446; 
 564;      .808;    26.880;    88.446; 
 565;      .800;    26.882;    88.446; 
 566;      .795;    26.883;    88.446; 
 567;      .789;    26.884;    88.446; 
 568;      .783;    26.885;    88.446; 
 569;      .778;    26.885;    88.446; 
 570;      .770;    26.886;    88.446; 
 571;      .765;    26.886;    88.446; 
 572;      .759;    26.887;    88.446; 
 573;      .752;    26.887;    88.446; 
 574;      .747;    26.887;    88.446; 
 575;      .740;    26.887;    88.446; 
 576;      .730;    26.887;    88.446; 
 577;      .719;    26.888;    88.446; 
 578;      .705;    26.888;    88.446; 
 579;      .695;    26.888;    88.446; 
 580;      .685;    26.889;    88.446; 
 581;      .675;    26.889;    88.446; 
 582;      .664;    26.889;    88.446; 
 583;      .655;    26.889;    88.446; 
 584;      .643;    26.890;    88.446; 
 585;      .633;    26.890;    88.446; 
 586;      .623;    26.890;    88.446; 
 587;      .615;    26.890;    88.446; 
 588;      .604;    26.890;    88.446; 
 589;      .591;    26.891;    88.446; 
 590;      .582;    26.891;    88.446; 
 591;      .573;    26.891;    88.446; 
 592;      .564;    26.891;    88.446; 
 593;      .554;    26.891;    88.446; 
 594;      .539;    26.891;    88.446; 
 595;      .521;    26.892;    88.446; 
 596;      .509;    26.893;    88.446; 
 597;      .503;    26.893;    88.446; 
 598;      .491;    26.894;    88.446; 
 599;      .483;    26.894;    88.446; 
 600;      .478;    26.894;    88.446; 
 601;      .469;    26.894;    88.446; 
 602;      .462;    26.894;    88.446; 
 603;      .449;    26.894;    88.446; 
 604;      .435;    26.894;    88.446; 
 605;      .425;    26.894;    88.446; 
 606;      .416;    26.894;    88.446; 
 607;      .405;    26.894;    88.446; 
 608;      .395;    26.894;    88.446; 
 609;      .382;    26.894;    88.446; 
 610;      .368;    26.895;    88.446; 
 611;      .350;    26.896;    88.446; 
 612;      .340;    26.896;    88.446; 
 613;      .332;    26.897;    88.446; 
 614;      .325;    26.897;    88.446; 
 615;      .316;    26.897;    88.446; 
 616;      .311;    26.897;    88.446; 
 617;      .302;    26.897;    88.446; 
 618;      .295;    26.897;    88.446; 
 619;      .286;    26.897;    88.446; 
 620;      .276;    26.896;    88.446; 
 621;      .264;    26.896;    88.446; 
 622;      .252;    26.896;    88.446; 
 623;      .245;    26.896;    88.446; 
 624;      .236;    26.895;    88.446; 
 625;      .230;    26.895;    88.446; 
 626;      .225;    26.895;    88.446; 
 627;      .220;    26.894;    88.446; 
 628;      .215;    26.893;    88.446; 
 629;      .210;    26.893;    88.446; 
 630;      .204;    26.892;    88.446; 
 631;      .200;    26.891;    88.446; 
 632;      .195;    26.890;    88.446; 
 633;      .193;    26.889;    88.446; 
 634;      .189;    26.888;    88.446; 
 635;      .179;    26.885;    88.446; 
 636;      .175;    26.884;    88.446; 
 637;      .170;    26.882;    88.446; 
 638;      .164;    26.880;    88.446; 
 639;      .160;    26.878;    88.446; 
 640;      .157;    26.877;    88.446; 
 641;      .152;    26.874;    88.446; 
 642;      .149;    26.873;    88.446; 
 643;      .146;    26.871;    88.446; 
 644;      .140;    26.868;    88.446; 
 645;      .138;    26.867;    88.446; 
 646;      .133;    26.863;    88.446; 
 647;      .127;    26.860;    88.446; 
 648;      .124;    26.858;    88.446; 
 649;      .119;    26.854;    88.446; 
 650;      .115;    26.851;    88.446; 
 651;      .112;    26.849;    88.446; 
 652;      .110;    26.847;    88.446; 
 653;      .107;    26.844;    88.446; 
 654;      .102;    26.840;    88.446; 
 655;      .098;    26.836;    88.446; 
 656;      .097;    26.835;    88.446; 
 657;      .094;    26.831;    88.446; 
 658;      .088;    26.825;    88.446; 
 659;      .084;    26.820;    88.446; 
 660;      .081;    26.817;    88.446; 
 661;      .079;    26.814;    88.446; 
 662;      .076;    26.810;    88.446; 
 663;      .073;    26.806;    88.446; 
 664;      .070;    26.801;    88.446; 
 665;      .069;    26.799;    88.446; 
 666;      .066;    26.794;    88.446; 
 667;      .065;    26.793;    88.446; 
 668;      .061;    26.785;    88.446; 
 669;      .057;    26.778;    88.446; 
 670;      .056;    26.775;    88.446; 
 671;      .052;    26.767;    88.446; 
 672;      .050;    26.762;    88.446; 
 673;      .046;    26.752;    88.446; 
 674;      .042;    26.743;    88.446; 
 675;      .037;    26.731;    88.446; 
 676;      .032;    26.720;    88.446; 
 677;      .028;    26.710;    88.446; 
 678;      .020;    26.694;    88.446; 
 679;      .017;    26.686;    88.446; 
 680;      .014;    26.680;    88.446; 
 681;      .009;    26.669;    88.446; 
 682;      .008;    26.666;    88.446; 
 683;      .002;    26.652;    88.446; 
 684;     0.000;    26.648;    88.446; 
 685;     -.007;    26.632;    88.446; 
 686;     -.010;    26.623;    88.446; 
 687;     -.014;    26.615;    88.446; 
 688;     -.020;    26.601;    88.446; 
 689;     -.023;    26.595;    88.446; 
 690;     -.027;    26.586;    88.446; 
 691;     -.032;    26.575;    88.446; 
 692;     -.035;    26.565;    88.446; 
 693;     -.039;    26.558;    88.446; 
 694;     -.044;    26.546;    88.446; 
 695;     -.047;    26.538;    88.446; 
 696;     -.052;    26.528;    88.446; 
 697;     -.057;    26.516;    88.446; 
 698;     -.058;    26.511;    88.446; 
 699;     -.062;    26.502;    88.446; 
 700;     -.064;    26.496;    88.446; 
 701;     -.069;    26.485;    88.446; 
 702;     -.076;    26.469;    88.446; 
 703;     -.085;    26.450;    88.446; 
 704;     -.088;    26.443;    88.446; 
 705;     -.089;    26.439;    88.446; 
 706;     -.094;    26.429;    88.446; 
 707;     -.096;    26.423;    88.446; 
 708;     -.101;    26.412;    88.446; 
 709;     -.105;    26.402;    88.446; 
 710;     -.108;    26.395;    88.446; 
 711;     -.111;    26.388;    88.446; 
 712;     -.114;    26.380;    88.446; 
 713;     -.117;    26.373;    88.446; 
 714;     -.122;    26.360;    88.446; 
 715;     -.126;    26.349;    88.446; 
 716;     -.131;    26.337;    88.446; 
 717;     -.136;    26.325;    88.446; 
 718;     -.139;    26.319;    88.446; 
 719;     -.144;    26.305;    88.446; 
 720;     -.146;    26.300;    88.446; 
 721;     -.152;    26.287;    88.446; 
 722;     -.155;    26.279;    88.446; 
 723;     -.158;    26.271;    88.446; 
 724;     -.162;    26.261;    88.446; 
 725;     -.166;    26.252;    88.446; 
 726;     -.169;    26.243;    88.446; 
 727;     -.174;    26.230;    88.446; 
 728;     -.178;    26.221;    88.446; 
 729;     -.181;    26.212;    88.446; 
 730;     -.185;    26.202;    88.446; 
 731;     -.189;    26.192;    88.446; 
 732;     -.192;    26.183;    88.446; 
 733;     -.197;    26.172;    88.446; 
 734;     -.200;    26.164;    88.446; 
 735;     -.203;    26.155;    88.446; 
 736;     -.208;    26.143;    88.446; 
 737;     -.211;    26.134;    88.446; 
 738;     -.215;    26.125;    88.446; 
 739;     -.219;    26.115;    88.446; 
 740;     -.221;    26.109;    88.446; 
 741;     -.226;    26.095;    88.446; 
 742;     -.230;    26.084;    88.446; 
 743;     -.230;    26.084;    88.446; 
 744;     -.235;    26.070;    88.446; 
 745;     -.238;    26.061;    88.446; 
 746;     -.244;    26.045;    88.446; 
 747;     -.248;    26.034;    88.446; 
 748;     -.251;    26.027;    88.446; 
 749;     -.254;    26.018;    88.446; 
 750;     -.258;    26.008;    88.446; 
 751;     -.262;    25.997;    88.446; 
 752;     -.264;    25.989;    88.446; 
 753;     -.268;    25.980;    88.446; 
 754;     -.271;    25.972;    88.446; 
 755;     -.273;    25.964;    88.446; 
 756;     -.277;    25.952;    88.446; 
 757;     -.283;    25.937;    88.446; 
 758;     -.288;    25.922;    88.446; 
 759;     -.291;    25.914;    88.446; 
 760;     -.292;    25.911;    88.446; 
 761;     -.297;    25.898;    88.446; 
 762;     -.301;    25.886;    88.446; 
 763;     -.305;    25.876;    88.446; 
 764;     -.305;    25.875;    88.446; 
 765;     -.306;    25.871;    88.446; 
 766;     -.307;    25.866;    88.446; 
 767;     -.311;    25.852;    88.446; 
 768;     -.320;    25.826;    88.446; 
 769;     -.325;    25.813;    88.446; 
 770;     -.331;    25.799;    88.446; 
 771;     -.333;    25.793;    88.446; 
 772;     -.335;    25.786;    88.446; 
 773;     -.338;    25.779;    88.446; 
 774;     -.340;    25.770;    88.446; 
 775;     -.346;    25.756;    88.446; 
 776;     -.347;    25.750;    88.446; 
 777;     -.351;    25.738;    88.446; 
 778;     -.354;    25.730;    88.446; 
 779;     -.358;    25.720;    88.446; 
 780;     -.361;    25.710;    88.446; 
 781;     -.363;    25.702;    88.446; 
 782;     -.366;    25.693;    88.446; 
 783;     -.369;    25.686;    88.446; 
 784;     -.370;    25.682;    88.446; 
 785;     -.374;    25.666;    88.446; 
 786;     -.379;    25.653;    88.446; 
 787;     -.383;    25.639;    88.446; 
 788;     -.384;    25.637;    88.446; 
 789;     -.386;    25.628;    88.446; 
 790;     -.389;    25.619;    88.446; 
 791;     -.394;    25.604;    88.446; 
 792;     -.399;    25.588;    88.446; 
 793;     -.403;    25.576;    88.446; 
 794;     -.406;    25.569;    88.446; 
 795;     -.408;    25.561;    88.446; 
 796;     -.412;    25.551;    88.446; 
 797;     -.413;    25.545;    88.446; 
 798;     -.418;    25.532;    88.446; 
 799;     -.421;    25.523;    88.446; 
 800;     -.422;    25.518;    88.446; 
 801;     -.425;    25.508;    88.446; 
 802;     -.428;    25.497;    88.446; 
 803;     -.430;    25.491;    88.446; 
 804;     -.434;    25.478;    88.446; 
 805;     -.436;    25.469;    88.446; 
 806;     -.439;    25.461;    88.446; 
 807;     -.441;    25.453;    88.446; 
 808;     -.441;    25.449;    88.446; 
 809;     -.444;    25.437;    88.446; 
 810;     -.448;    25.425;    88.446; 
 811;     -.454;    25.404;    88.446; 
 812;     -.459;    25.388;    88.446; 
 813;     -.460;    25.382;    88.446; 
 814;     -.463;    25.373;    88.446; 
 815;     -.466;    25.363;    88.446; 
 816;     -.468;    25.356;    88.446; 
 817;     -.470;    25.349;    88.446; 
 818;     -.472;    25.342;    88.446; 
 819;     -.475;    25.331;    88.446; 
 820;     -.477;    25.322;    88.446; 
 821;     -.482;    25.307;    88.446; 
 822;     -.485;    25.296;    88.446; 
 823;     -.486;    25.290;    88.446; 
 824;     -.489;    25.278;    88.446; 
 825;     -.493;    25.266;    88.446; 
 826;     -.495;    25.259;    88.446; 
 827;     -.497;    25.249;    88.446; 
 828;     -.499;    25.244;    88.446; 
 829;     -.500;    25.236;    88.446; 
 830;     -.503;    25.225;    88.446; 
 831;     -.506;    25.213;    88.446; 
 832;     -.508;    25.203;    88.446; 
 833;     -.510;    25.197;    88.446; 
 834;     -.511;    25.189;    88.446; 
 835;     -.513;    25.180;    88.446; 
 836;     -.518;    25.161;    88.446; 
 837;     -.523;    25.142;    88.446; 
 838;     -.526;    25.131;    88.446; 
 839;     -.529;    25.123;    88.446; 
 840;     -.532;    25.112;    88.446; 
 841;     -.532;    25.112;    88.446; 
 842;     -.533;    25.104;    88.446; 
 843;     -.535;    25.096;    88.446; 
 844;     -.537;    25.089;    88.446; 
 845;     -.539;    25.077;    88.446; 
 846;     -.542;    25.063;    88.446; 
 847;     -.545;    25.053;    88.446; 
 848;     -.547;    25.044;    88.446; 
 849;     -.548;    25.038;    88.446; 
 850;     -.550;    25.029;    88.446; 
 851;     -.551;    25.022;    88.446; 
 852;     -.553;    25.011;    88.446; 
 853;     -.554;    25.004;    88.446; 
 854;     -.556;    24.994;    88.446; 
 855;     -.558;    24.982;    88.446; 
 856;     -.562;    24.960;    88.446; 
 857;     -.567;    24.943;    88.446; 
 858;     -.569;    24.933;    88.446; 
 859;     -.572;    24.921;    88.446; 
 860;     -.574;    24.914;    88.446; 
 861;     -.574;    24.911;    88.446; 
 862;     -.576;    24.904;    88.446; 
 863;     -.578;    24.892;    88.446; 
 864;     -.583;    24.872;    88.446; 
 865;     -.590;    24.850;    88.446; 
 866;     -.594;    24.836;    88.446; 
 867;     -.599;    24.823;    88.446; 
 868;     -.603;    24.811;    88.446; 
 869;     -.609;    24.796;    88.446; 
 870;     -.630;    24.753;    88.446; 
 871;     -.713;    24.665;    88.446; 
 872;     -.760;    24.639;    88.446; 
 873;     -.823;    24.620;    88.446; 
 874;     -.860;    24.614;    88.446; 
 875;     -.871;    24.613;    88.446; 
 876;     -.878;    24.613;    88.446; 
 877;     -.900;    24.611;    88.446; 
 878;     -.931;    24.610;    88.446; 
 879;     -.942;    24.611;    88.446; 
 880;     -.945;    24.610;    88.446; 
 881;     -.951;    24.610;    88.446; 
 882;     -.959;    24.610;    88.446; 
 883;     -.970;    24.609;    88.446; 
 884;     -.980;    24.609;    88.446; 
 885;     -.993;    24.608;    88.446; 
 886;    -1.004;    24.608;    88.446; 
 887;    -1.013;    24.607;    88.446; 
 888;    -1.026;    24.607;    88.446; 
 889;    -1.035;    24.607;    88.446; 
 890;    -1.045;    24.606;    88.446; 
 891;    -1.055;    24.606;    88.446; 
 892;    -1.067;    24.605;    88.446; 
 893;    -1.079;    24.605;    88.446; 
 894;    -1.089;    24.605;    88.446; 
 895;    -1.097;    24.604;    88.446; 
 896;    -1.105;    24.604;    88.446; 
 897;    -1.113;    24.603;    88.446; 
 898;    -1.124;    24.602;    88.446; 
 899;    -1.142;    24.602;    88.446; 
 900;    -1.153;    24.601;    88.446; 
 901;    -1.161;    24.601;    88.446; 
 902;    -1.166;    24.601;    88.446; 
 903;    -1.169;    24.600;    88.446; 
 904;    -1.176;    24.599;    88.446; 
 905;    -1.213;    24.598;    88.446; 
 906;    -1.246;    24.599;    88.446; 
 907;    -1.257;    24.600;    88.446; 
 908;    -1.306;    24.609;    88.446; 
 909;    -1.419;    24.671;    88.446; 
 910;    -1.469;    24.733;    88.446; 
 911;    -1.477;    24.744;    88.446; 
 912;    -1.495;    24.780;    88.446; 
 913;    -1.505;    24.805;    88.446; 
 914;    -1.511;    24.823;    88.446; 
 915;    -1.515;    24.833;    88.446; 
 916;    -1.517;    24.839;    88.446; 
 917;    -1.521;    24.848;    88.446; 
 918;    -1.525;    24.859;    88.446; 
 919;    -1.528;    24.868;    88.446; 
 920;    -1.532;    24.879;    88.446; 
 921;    -1.538;    24.898;    88.446; 
 922;    -1.540;    24.904;    88.446; 
 923;    -1.542;    24.910;    88.446; 
 924;    -1.546;    24.919;    88.446; 
 925;    -1.549;    24.929;    88.446; 
 926;    -1.552;    24.936;    88.446; 
 927;    -1.560;    24.962;    88.446; 
 928;    -1.568;    24.993;    88.446; 
 929;    -1.570;    25.005;    88.446; 
 930;    -1.572;    25.010;    88.446; 
 931;    -1.573;    25.014;    88.446; 
 932;    -1.573;    25.016;    88.446; 
 933;    -1.576;    25.026;    88.446; 
 934;    -1.580;    25.039;    88.446; 
 935;    -1.584;    25.054;    88.446; 
 936;    -1.587;    25.064;    88.446; 
 937;    -1.588;    25.068;    88.446; 
 938;    -1.589;    25.070;    88.446; 
 939;    -1.590;    25.073;    88.446; 
 940;    -1.595;    25.087;    88.446; 
 941;    -1.597;    25.095;    88.446; 
 942;    -1.602;    25.107;    88.446; 
 943;    -1.604;    25.115;    88.446; 
 944;    -1.610;    25.134;    88.446; 
 945;    -1.615;    25.149;    88.446; 
 946;    -1.616;    25.152;    88.446; 
 947;    -1.617;    25.154;    88.446; 
 948;    -1.618;    25.159;    88.446; 
 949;    -1.622;    25.168;    88.446; 
 950;    -1.626;    25.180;    88.446; 
 951;    -1.630;    25.191;    88.446; 
 952;    -1.634;    25.203;    88.446; 
 953;    -1.636;    25.209;    88.446; 
 954;    -1.640;    25.219;    88.446; 
 955;    -1.644;    25.230;    88.446; 
 956;    -1.652;    25.257;    88.446; 
 957;    -1.654;    25.263;    88.446; 
 958;    -1.656;    25.270;    88.446; 
 959;    -1.657;    25.271;    88.446; 
 960;    -1.659;    25.276;    88.446; 
 961;    -1.661;    25.281;    88.446; 
 962;    -1.661;    25.280;    88.446; 
 963;    -1.668;    25.298;    88.446; 
 964;    -1.677;    25.322;    88.446; 
 965;    -1.681;    25.334;    88.446; 
 966;    -1.682;    25.337;    88.446; 
 967;    -1.683;    25.338;    88.446; 
 968;    -1.686;    25.345;    88.446; 
 969;    -1.690;    25.355;    88.446; 
 970;    -1.695;    25.368;    88.446; 
 971;    -1.703;    25.390;    88.446; 
 972;    -1.707;    25.405;    88.446; 
 973;    -1.710;    25.413;    88.446; 
 974;    -1.713;    25.421;    88.446; 
 975;    -1.714;    25.424;    88.446; 
 976;    -1.718;    25.434;    88.446; 
 977;    -1.720;    25.441;    88.446; 
 978;    -1.722;    25.446;    88.446; 
 979;    -1.727;    25.458;    88.446; 
 980;    -1.731;    25.467;    88.446; 
 981;    -1.736;    25.479;    88.446; 
 982;    -1.740;    25.490;    88.446; 
 983;    -1.744;    25.500;    88.446; 
 984;    -1.747;    25.509;    88.446; 
 985;    -1.751;    25.519;    88.446; 
 986;    -1.753;    25.524;    88.446; 
 987;    -1.756;    25.532;    88.446; 
 988;    -1.760;    25.539;    88.446; 
 989;    -1.766;    25.553;    88.446; 
 990;    -1.770;    25.566;    88.446; 
 991;    -1.775;    25.577;    88.446; 
 992;    -1.779;    25.587;    88.446; 
 993;    -1.782;    25.595;    88.446; 
 994;    -1.785;    25.603;    88.446; 
 995;    -1.789;    25.613;    88.446; 
 996;    -1.791;    25.617;    88.446; 
 997;    -1.795;    25.625;    88.446; 
 998;    -1.802;    25.641;    88.446; 
 999;    -1.807;    25.655;    88.446; 
1000;    -1.810;    25.662;    88.446; 
1001;    -1.812;    25.667;    88.446; 
1002;    -1.817;    25.678;    88.446; 
1003;    -1.821;    25.687;    88.446; 
1004;    -1.825;    25.696;    88.446; 
1005;    -1.831;    25.710;    88.446; 
1006;    -1.833;    25.715;    88.446; 
1007;    -1.836;    25.721;    88.446; 
1008;    -1.841;    25.734;    88.446; 
1009;    -1.847;    25.746;    88.446; 
1010;    -1.852;    25.757;    88.446; 
1011;    -1.854;    25.763;    88.446; 
1012;    -1.858;    25.771;    88.446; 
1013;    -1.861;    25.779;    88.446; 
1014;    -1.865;    25.786;    88.446; 
1015;    -1.872;    25.802;    88.446; 
1016;    -1.876;    25.812;    88.446; 
1017;    -1.880;    25.820;    88.446; 
1018;    -1.883;    25.827;    88.446; 
1019;    -1.888;    25.837;    88.446; 
1020;    -1.890;    25.842;    88.446; 
1021;    -1.895;    25.851;    88.446; 
1022;    -1.901;    25.866;    88.446; 
1023;    -1.907;    25.878;    88.446; 
1024;    -1.913;    25.894;    88.446; 
1025;    -1.915;    25.898;    88.446; 
1026;    -1.918;    25.905;    88.446; 
1027;    -1.921;    25.911;    88.446; 
1028;    -1.926;    25.922;    88.446; 
1029;    -1.930;    25.931;    88.446; 
1030;    -1.935;    25.942;    88.446; 
1031;    -1.939;    25.949;    88.446; 
1032;    -1.944;    25.962;    88.446; 
1033;    -1.948;    25.969;    88.446; 
1034;    -1.952;    25.977;    88.446; 
1035;    -1.956;    25.986;    88.446; 
1036;    -1.962;    25.998;    88.446; 
1037;    -1.966;    26.007;    88.446; 
1038;    -1.971;    26.017;    88.446; 
1039;    -1.974;    26.025;    88.446; 
1040;    -1.979;    26.034;    88.446; 
1041;    -1.983;    26.042;    88.446; 
1042;    -1.987;    26.051;    88.446; 
1043;    -1.991;    26.060;    88.446; 
1044;    -1.997;    26.073;    88.446; 
1045;    -2.001;    26.080;    88.446; 
1046;    -2.005;    26.088;    88.446; 
1047;    -2.009;    26.097;    88.446; 
1048;    -2.016;    26.110;    88.446; 
1049;    -2.020;    26.118;    88.446; 
1050;    -2.024;    26.127;    88.446; 
1051;    -2.030;    26.139;    88.446; 
1052;    -2.034;    26.147;    88.446; 
1053;    -2.039;    26.158;    88.446; 
1054;    -2.043;    26.165;    88.446; 
1055;    -2.045;    26.170;    88.446; 
1056;    -2.049;    26.176;    88.446; 
1057;    -2.054;    26.185;    88.446; 
1058;    -2.062;    26.202;    88.446; 
1059;    -2.069;    26.217;    88.446; 
1060;    -2.073;    26.224;    88.446; 
1061;    -2.078;    26.236;    88.446; 
1062;    -2.083;    26.246;    88.446; 
1063;    -2.087;    26.254;    88.446; 
1064;    -2.091;    26.263;    88.446; 
1065;    -2.094;    26.269;    88.446; 
1066;    -2.098;    26.277;    88.446; 
1067;    -2.102;    26.283;    88.446; 
1068;    -2.107;    26.294;    88.446; 
1069;    -2.113;    26.305;    88.446; 
1070;    -2.117;    26.312;    88.446; 
1071;    -2.122;    26.321;    88.446; 
1072;    -2.128;    26.333;    88.446; 
1073;    -2.132;    26.342;    88.446; 
1074;    -2.138;    26.354;    88.446; 
1075;    -2.140;    26.358;    88.446; 
1076;    -2.146;    26.368;    88.446; 
1077;    -2.150;    26.376;    88.446; 
1078;    -2.157;    26.390;    88.446; 
1079;    -2.163;    26.401;    88.446; 
1080;    -2.165;    26.406;    88.446; 
1081;    -2.170;    26.415;    88.446; 
1082;    -2.175;    26.423;    88.446; 
1083;    -2.180;    26.434;    88.446; 
1084;    -2.186;    26.444;    88.446; 
1085;    -2.189;    26.451;    88.446; 
1086;    -2.194;    26.459;    88.446; 
1087;    -2.200;    26.471;    88.446; 
1088;    -2.204;    26.479;    88.446; 
1089;    -2.211;    26.492;    88.446; 
1090;    -2.216;    26.501;    88.446; 
1091;    -2.222;    26.513;    88.446; 
1092;    -2.227;    26.523;    88.446; 
1093;    -2.231;    26.531;    88.446; 
1094;    -2.235;    26.537;    88.446; 
1095;    -2.239;    26.545;    88.446; 
1096;    -2.240;    26.547;    88.446; 
1097;    -2.244;    26.554;    88.446; 
1098;    -2.249;    26.563;    88.446; 
1099;    -2.257;    26.577;    88.446; 
1100;    -2.269;    26.599;    88.446; 
1101;    -2.271;    26.603;    88.446; 
1102;    -2.277;    26.616;    88.446; 
1103;    -2.280;    26.621;    88.446; 
1104;    -2.285;    26.630;    88.446; 
1105;    -2.289;    26.637;    88.446; 
1106;    -2.294;    26.646;    88.446; 
1107;    -2.297;    26.652;    88.446; 
1108;    -2.301;    26.659;    88.446; 
1109;    -2.306;    26.667;    88.446; 
1110;    -2.310;    26.673;    88.446; 
1111;    -2.314;    26.680;    88.446; 
1112;    -2.320;    26.689;    88.446; 
1113;    -2.323;    26.693;    88.446; 
1114;    -2.326;    26.699;    88.446; 
1115;    -2.330;    26.704;    88.446; 
1116;    -2.334;    26.709;    88.446; 
1117;    -2.336;    26.712;    88.446; 
1118;    -2.340;    26.717;    88.446; 
1119;    -2.342;    26.719;    88.446; 
1120;    -2.343;    26.721;    88.446; 
1121;    -2.346;    26.724;    88.446; 
1122;    -2.352;    26.730;    88.446; 
1123;    -2.355;    26.732;    88.446; 
1124;    -2.358;    26.735;    88.446; 
1125;    -2.361;    26.737;    88.446; 
1126;    -2.367;    26.742;    88.446; 
1127;    -2.369;    26.744;    88.446; 
1128;    -2.375;    26.749;    88.446; 
1129;    -2.381;    26.752;    88.446; 
1130;    -2.386;    26.756;    88.446; 
1131;    -2.387;    26.756;    88.446; 
1132;    -2.391;    26.759;    88.446; 
1133;    -2.395;    26.761;    88.446; 
1134;    -2.400;    26.764;    88.446; 
1135;    -2.402;    26.765;    88.446; 
1136;    -2.408;    26.768;    88.446; 
1137;    -2.414;    26.770;    88.446; 
1138;    -2.417;    26.772;    88.446; 
1139;    -2.421;    26.773;    88.446; 
1140;    -2.426;    26.775;    88.446; 
1141;    -2.429;    26.776;    88.446; 
1142;    -2.435;    26.777;    88.446; 
1143;    -2.438;    26.778;    88.446; 
1144;    -2.443;    26.779;    88.446; 
1145;    -2.448;    26.780;    88.446; 
1146;    -2.452;    26.781;    88.446; 
1147;    -2.457;    26.781;    88.446; 
1148;    -2.465;    26.782;    88.446; 
1149;    -2.473;    26.784;    88.446; 
1150;    -2.479;    26.784;    88.446; 
1151;    -2.486;    26.785;    88.446; 
1152;    -2.490;    26.785;    88.446; 
1153;    -2.492;    26.785;    88.446; 
1154;    -2.495;    26.785;    88.446; 
1155;    -2.500;    26.784;    88.446; 
1156;    -2.505;    26.784;    88.446; 
1157;    -2.512;    26.784;    88.446; 
1158;    -2.520;    26.783;    88.446; 
1159;    -2.529;    26.782;    88.446; 
1160;    -2.538;    26.781;    88.446; 
1161;    -2.547;    26.781;    88.446; 
1162;    -2.558;    26.780;    88.446; 
1163;    -2.571;    26.778;    88.446; 
1164;    -2.580;    26.778;    88.446; 
1165;    -2.588;    26.777;    88.446; 
1166;    -2.597;    26.776;    88.446; 
1167;    -2.607;    26.774;    88.446; 
1168;    -2.619;    26.773;    88.446; 
1169;    -2.633;    26.772;    88.446; 
1170;    -2.644;    26.771;    88.446; 
1171;    -2.655;    26.770;    88.446; 
