[A]
   1;     3.238;    26.870;    88.446; 
   2;     3.228;    26.871;    88.446; 
   3;     3.217;    26.872;    88.446; 
   4;     3.206;    26.874;    88.446; 
   5;     3.194;    26.875;    88.446; 
   6;     3.183;    26.876;    88.446; 
   7;     3.171;    26.878;    88.446; 
   8;     3.165;    26.879;    88.446; 
   9;     3.150;    26.881;    88.446; 
  10;     3.134;    26.883;    88.446; 
  11;     3.125;    26.884;    88.446; 
  12;     3.117;    26.885;    88.446; 
  13;     3.109;    26.886;    88.446; 
  14;     3.093;    26.889;    88.446; 
  15;     3.083;    26.890;    88.446; 
  16;     3.076;    26.891;    88.446; 
  17;     3.065;    26.892;    88.446; 
  18;     3.059;    26.893;    88.446; 
  19;     3.053;    26.894;    88.446; 
  20;     3.047;    26.894;    88.446; 
  21;     3.042;    26.894;    88.446; 
  22;     3.030;    26.895;    88.446; 
  23;     3.023;    26.895;    88.446; 
  24;     3.016;    26.895;    88.446; 
  25;     3.013;    26.895;    88.446; 
  26;     3.011;    26.895;    88.446; 
  27;     3.008;    26.895;    88.446; 
  28;     3.003;    26.894;    88.446; 
  29;     2.998;    26.894;    88.446; 
  30;     2.987;    26.892;    88.446; 
  31;     2.983;    26.892;    88.446; 
  32;     2.978;    26.891;    88.446; 
  33;     2.972;    26.890;    88.446; 
  34;     2.966;    26.889;    88.446; 
  35;     2.964;    26.888;    88.446; 
  36;     2.961;    26.887;    88.446; 
  37;     2.956;    26.885;    88.446; 
  38;     2.953;    26.884;    88.446; 
  39;     2.947;    26.883;    88.446; 
  40;     2.942;    26.881;    88.446; 
  41;     2.937;    26.879;    88.446; 
  42;     2.931;    26.876;    88.446; 
  43;     2.925;    26.874;    88.446; 
  44;     2.918;    26.871;    88.446; 
  45;     2.913;    26.868;    88.446; 
  46;     2.912;    26.867;    88.446; 
  47;     2.907;    26.865;    88.446; 
  48;     2.903;    26.862;    88.446; 
  49;     2.899;    26.860;    88.446; 
  50;     2.899;    26.859;    88.446; 
  51;     2.894;    26.856;    88.446; 
  52;     2.891;    26.854;    88.446; 
  53;     2.888;    26.851;    88.446; 
  54;     2.883;    26.847;    88.446; 
  55;     2.881;    26.844;    88.446; 
  56;     2.878;    26.842;    88.446; 
  57;     2.875;    26.839;    88.446; 
  58;     2.872;    26.835;    88.446; 
  59;     2.871;    26.834;    88.446; 
  60;     2.866;    26.828;    88.446; 
  61;     2.863;    26.825;    88.446; 
  62;     2.857;    26.818;    88.446; 
  63;     2.853;    26.812;    88.446; 
  64;     2.850;    26.808;    88.446; 
  65;     2.843;    26.798;    88.446; 
  66;     2.840;    26.794;    88.446; 
  67;     2.837;    26.789;    88.446; 
  68;     2.835;    26.786;    88.446; 
  69;     2.832;    26.782;    88.446; 
  70;     2.829;    26.776;    88.446; 
  71;     2.820;    26.761;    88.446; 
  72;     2.813;    26.749;    88.446; 
  73;     2.808;    26.741;    88.446; 
  74;     2.806;    26.738;    88.446; 
  75;     2.800;    26.727;    88.446; 
  76;     2.798;    26.724;    88.446; 
  77;     2.792;    26.713;    88.446; 
  78;     2.782;    26.697;    88.446; 
  79;     2.776;    26.686;    88.446; 
  80;     2.771;    26.678;    88.446; 
  81;     2.765;    26.668;    88.446; 
  82;     2.763;    26.664;    88.446; 
  83;     2.757;    26.654;    88.446; 
  84;     2.753;    26.647;    88.446; 
  85;     2.749;    26.640;    88.446; 
  86;     2.745;    26.633;    88.446; 
  87;     2.740;    26.623;    88.446; 
  88;     2.733;    26.611;    88.446; 
  89;     2.729;    26.603;    88.446; 
  90;     2.722;    26.592;    88.446; 
  91;     2.718;    26.584;    88.446; 
  92;     2.714;    26.577;    88.446; 
  93;     2.709;    26.568;    88.446; 
  94;     2.705;    26.560;    88.446; 
  95;     2.697;    26.545;    88.446; 
  96;     2.691;    26.535;    88.446; 
  97;     2.686;    26.527;    88.446; 
  98;     2.684;    26.522;    88.446; 
  99;     2.678;    26.512;    88.446; 
 100;     2.675;    26.505;    88.446; 
 101;     2.667;    26.492;    88.446; 
 102;     2.660;    26.479;    88.446; 
 103;     2.654;    26.469;    88.446; 
 104;     2.650;    26.462;    88.446; 
 105;     2.645;    26.453;    88.446; 
 106;     2.643;    26.449;    88.446; 
 107;     2.635;    26.435;    88.446; 
 108;     2.632;    26.430;    88.446; 
 109;     2.628;    26.422;    88.446; 
 110;     2.619;    26.406;    88.446; 
 111;     2.614;    26.398;    88.446; 
 112;     2.610;    26.391;    88.446; 
 113;     2.606;    26.383;    88.446; 
 114;     2.600;    26.372;    88.446; 
 115;     2.597;    26.366;    88.446; 
 116;     2.593;    26.358;    88.446; 
 117;     2.588;    26.348;    88.446; 
 118;     2.583;    26.339;    88.446; 
 119;     2.579;    26.330;    88.446; 
 120;     2.576;    26.326;    88.446; 
 121;     2.572;    26.316;    88.446; 
 122;     2.563;    26.299;    88.446; 
 123;     2.557;    26.288;    88.446; 
 124;     2.551;    26.278;    88.446; 
 125;     2.546;    26.269;    88.446; 
 126;     2.542;    26.261;    88.446; 
 127;     2.539;    26.256;    88.446; 
 128;     2.533;    26.244;    88.446; 
 129;     2.528;    26.234;    88.446; 
 130;     2.521;    26.222;    88.446; 
 131;     2.516;    26.212;    88.446; 
 132;     2.515;    26.210;    88.446; 
 133;     2.510;    26.199;    88.446; 
 134;     2.504;    26.188;    88.446; 
 135;     2.499;    26.178;    88.446; 
 136;     2.493;    26.166;    88.446; 
 137;     2.488;    26.157;    88.446; 
 138;     2.486;    26.153;    88.446; 
 139;     2.482;    26.146;    88.446; 
 140;     2.477;    26.135;    88.446; 
 141;     2.472;    26.125;    88.446; 
 142;     2.469;    26.119;    88.446; 
 143;     2.464;    26.108;    88.446; 
 144;     2.457;    26.096;    88.446; 
 145;     2.451;    26.083;    88.446; 
 146;     2.443;    26.069;    88.446; 
 147;     2.439;    26.061;    88.446; 
 148;     2.434;    26.052;    88.446; 
 149;     2.431;    26.045;    88.446; 
 150;     2.426;    26.036;    88.446; 
 151;     2.423;    26.029;    88.446; 
 152;     2.420;    26.024;    88.446; 
 153;     2.418;    26.019;    88.446; 
 154;     2.413;    26.009;    88.446; 
 155;     2.408;    25.997;    88.446; 
 156;     2.401;    25.984;    88.446; 
 157;     2.397;    25.974;    88.446; 
 158;     2.392;    25.964;    88.446; 
 159;     2.388;    25.956;    88.446; 
 160;     2.383;    25.947;    88.446; 
 161;     2.378;    25.936;    88.446; 
 162;     2.375;    25.930;    88.446; 
 163;     2.369;    25.916;    88.446; 
 164;     2.364;    25.907;    88.446; 
 165;     2.360;    25.899;    88.446; 
 166;     2.354;    25.886;    88.446; 
 167;     2.351;    25.880;    88.446; 
 168;     2.346;    25.870;    88.446; 
 169;     2.343;    25.863;    88.446; 
 170;     2.339;    25.854;    88.446; 
 171;     2.336;    25.847;    88.446; 
 172;     2.331;    25.836;    88.446; 
 173;     2.326;    25.824;    88.446; 
 174;     2.318;    25.809;    88.446; 
 175;     2.316;    25.804;    88.446; 
 176;     2.313;    25.796;    88.446; 
 177;     2.308;    25.785;    88.446; 
 178;     2.305;    25.779;    88.446; 
 179;     2.301;    25.769;    88.446; 
 180;     2.296;    25.759;    88.446; 
 181;     2.292;    25.749;    88.446; 
 182;     2.287;    25.737;    88.446; 
 183;     2.283;    25.727;    88.446; 
 184;     2.278;    25.717;    88.446; 
 185;     2.276;    25.711;    88.446; 
 186;     2.270;    25.698;    88.446; 
 187;     2.268;    25.694;    88.446; 
 188;     2.264;    25.683;    88.446; 
 189;     2.257;    25.668;    88.446; 
 190;     2.252;    25.656;    88.446; 
 191;     2.248;    25.647;    88.446; 
 192;     2.245;    25.640;    88.446; 
 193;     2.241;    25.631;    88.446; 
 194;     2.237;    25.621;    88.446; 
 195;     2.232;    25.611;    88.446; 
 196;     2.227;    25.600;    88.446; 
 197;     2.224;    25.593;    88.446; 
 198;     2.222;    25.587;    88.446; 
 199;     2.216;    25.573;    88.446; 
 200;     2.213;    25.566;    88.446; 
 201;     2.209;    25.555;    88.446; 
 202;     2.206;    25.547;    88.446; 
 203;     2.201;    25.536;    88.446; 
 204;     2.196;    25.523;    88.446; 
 205;     2.189;    25.509;    88.446; 
 206;     2.188;    25.505;    88.446; 
 207;     2.184;    25.495;    88.446; 
 208;     2.180;    25.486;    88.446; 
 209;     2.178;    25.480;    88.446; 
 210;     2.173;    25.468;    88.446; 
 211;     2.170;    25.460;    88.446; 
 212;     2.167;    25.453;    88.446; 
 213;     2.163;    25.442;    88.446; 
 214;     2.159;    25.432;    88.446; 
 215;     2.154;    25.420;    88.446; 
 216;     2.149;    25.409;    88.446; 
 217;     2.146;    25.399;    88.446; 
 218;     2.143;    25.393;    88.446; 
 219;     2.142;    25.390;    88.446; 
 220;     2.140;    25.383;    88.446; 
 221;     2.135;    25.369;    88.446; 
 222;     2.132;    25.361;    88.446; 
 223;     2.124;    25.341;    88.446; 
 224;     2.119;    25.328;    88.446; 
 225;     2.117;    25.324;    88.446; 
 226;     2.114;    25.315;    88.446; 
 227;     2.112;    25.310;    88.446; 
 228;     2.111;    25.306;    88.446; 
 229;     2.108;    25.297;    88.446; 
 230;     2.100;    25.277;    88.446; 
 231;     2.095;    25.264;    88.446; 
 232;     2.091;    25.253;    88.446; 
 233;     2.089;    25.248;    88.446; 
 234;     2.088;    25.244;    88.446; 
 235;     2.084;    25.234;    88.446; 
 236;     2.084;    25.231;    88.446; 
 237;     2.081;    25.224;    88.446; 
 238;     2.073;    25.199;    88.446; 
 239;     2.064;    25.177;    88.446; 
 240;     2.064;    25.178;    88.446; 
 241;     2.061;    25.169;    88.446; 
 242;     2.062;    25.170;    88.446; 
 243;     2.061;    25.167;    88.446; 
 244;     2.059;    25.161;    88.446; 
 245;     2.060;    25.161;    88.446; 
 246;     2.054;    25.140;    88.446; 
 247;     2.048;    25.119;    88.446; 
 248;     2.042;    25.102;    88.446; 
 249;     2.039;    25.093;    88.446; 
 250;     2.033;    25.080;    88.446; 
 251;     2.031;    25.072;    88.446; 
 252;     2.028;    25.064;    88.446; 
 253;     2.024;    25.054;    88.446; 
 254;     2.020;    25.043;    88.446; 
 255;     2.018;    25.035;    88.446; 
 256;     2.014;    25.025;    88.446; 
 257;     2.011;    25.016;    88.446; 
 258;     2.008;    25.008;    88.446; 
 259;     2.005;    24.998;    88.446; 
 260;     2.000;    24.984;    88.446; 
 261;     1.995;    24.971;    88.446; 
 262;     1.990;    24.959;    88.446; 
 263;     1.985;    24.946;    88.446; 
 264;     1.981;    24.937;    88.446; 
 265;     1.974;    24.920;    88.446; 
 266;     1.960;    24.893;    88.446; 
 267;     1.947;    24.871;    88.446; 
 268;     1.928;    24.845;    88.446; 
 269;     1.861;    24.783;    88.446; 
 270;     1.744;    24.742;    88.446; 
 271;     1.699;    24.740;    88.446; 
 272;     1.680;    24.740;    88.446; 
 273;     1.669;    24.741;    88.446; 
 274;     1.658;    24.741;    88.446; 
 275;     1.652;    24.741;    88.446; 
 276;     1.646;    24.741;    88.446; 
 277;     1.636;    24.741;    88.446; 
 278;     1.596;    24.744;    88.446; 
 279;     1.577;    24.747;    88.446; 
 280;     1.574;    24.747;    88.446; 
 281;     1.571;    24.747;    88.446; 
 282;     1.568;    24.748;    88.446; 
 283;     1.563;    24.748;    88.446; 
 284;     1.551;    24.748;    88.446; 
 285;     1.535;    24.749;    88.446; 
 286;     1.524;    24.750;    88.446; 
 287;     1.520;    24.750;    88.446; 
 288;     1.514;    24.750;    88.446; 
 289;     1.504;    24.750;    88.446; 
 290;     1.492;    24.751;    88.446; 
 291;     1.469;    24.752;    88.446; 
 292;     1.441;    24.756;    88.446; 
 293;     1.434;    24.757;    88.446; 
 294;     1.429;    24.757;    88.446; 
 295;     1.424;    24.758;    88.446; 
 296;     1.417;    24.758;    88.446; 
 297;     1.407;    24.759;    88.446; 
 298;     1.398;    24.760;    88.446; 
 299;     1.390;    24.760;    88.446; 
 300;     1.379;    24.761;    88.446; 
 301;     1.362;    24.762;    88.446; 
 302;     1.344;    24.764;    88.446; 
 303;     1.337;    24.765;    88.446; 
 304;     1.323;    24.767;    88.446; 
 305;     1.310;    24.768;    88.446; 
 306;     1.268;    24.777;    88.446; 
 307;     1.164;    24.834;    88.446; 
 308;     1.083;    24.963;    88.446; 
 309;     1.079;    24.980;    88.446; 
 310;     1.077;    24.986;    88.446; 
 311;     1.074;    24.995;    88.446; 
 312;     1.073;    24.998;    88.446; 
 313;     1.069;    25.011;    88.446; 
 314;     1.061;    25.043;    88.446; 
 315;     1.058;    25.059;    88.446; 
 316;     1.056;    25.072;    88.446; 
 317;     1.054;    25.081;    88.446; 
 318;     1.053;    25.089;    88.446; 
 319;     1.050;    25.109;    88.446; 
 320;     1.049;    25.114;    88.446; 
 321;     1.047;    25.122;    88.446; 
 322;     1.045;    25.131;    88.446; 
 323;     1.044;    25.140;    88.446; 
 324;     1.041;    25.152;    88.446; 
 325;     1.039;    25.164;    88.446; 
 326;     1.036;    25.181;    88.446; 
 327;     1.035;    25.188;    88.446; 
 328;     1.033;    25.200;    88.446; 
 329;     1.031;    25.212;    88.446; 
 330;     1.029;    25.222;    88.446; 
 331;     1.028;    25.228;    88.446; 
 332;     1.027;    25.236;    88.446; 
 333;     1.025;    25.242;    88.446; 
 334;     1.023;    25.252;    88.446; 
 335;     1.021;    25.261;    88.446; 
 336;     1.018;    25.275;    88.446; 
 337;     1.016;    25.282;    88.446; 
 338;     1.014;    25.294;    88.446; 
 339;     1.011;    25.312;    88.446; 
 340;     1.009;    25.322;    88.446; 
 341;     1.008;    25.322;    88.446; 
 342;     1.007;    25.327;    88.446; 
 343;     1.004;    25.338;    88.446; 
 344;     1.001;    25.353;    88.446; 
 345;      .997;    25.375;    88.446; 
 346;      .996;    25.381;    88.446; 
 347;      .994;    25.389;    88.446; 
 348;      .992;    25.398;    88.446; 
 349;      .990;    25.407;    88.446; 
 350;      .988;    25.417;    88.446; 
 351;      .984;    25.439;    88.446; 
 352;      .982;    25.448;    88.446; 
 353;      .981;    25.454;    88.446; 
 354;      .979;    25.461;    88.446; 
 355;      .978;    25.468;    88.446; 
 356;      .976;    25.474;    88.446; 
 357;      .974;    25.483;    88.446; 
 358;      .970;    25.498;    88.446; 
 359;      .968;    25.508;    88.446; 
 360;      .965;    25.519;    88.446; 
 361;      .964;    25.527;    88.446; 
 362;      .961;    25.538;    88.446; 
 363;      .959;    25.545;    88.446; 
 364;      .957;    25.555;    88.446; 
 365;      .955;    25.562;    88.446; 
 366;      .952;    25.573;    88.446; 
 367;      .951;    25.575;    88.446; 
 368;      .948;    25.586;    88.446; 
 369;      .947;    25.589;    88.446; 
 370;      .941;    25.606;    88.446; 
 371;      .936;    25.629;    88.446; 
 372;      .931;    25.649;    88.446; 
 373;      .930;    25.654;    88.446; 
 374;      .928;    25.663;    88.446; 
 375;      .927;    25.668;    88.446; 
 376;      .925;    25.676;    88.446; 
 377;      .922;    25.684;    88.446; 
 378;      .919;    25.698;    88.446; 
 379;      .915;    25.714;    88.446; 
 380;      .912;    25.724;    88.446; 
 381;      .910;    25.732;    88.446; 
 382;      .909;    25.738;    88.446; 
 383;      .907;    25.743;    88.446; 
 384;      .905;    25.751;    88.446; 
 385;      .903;    25.755;    88.446; 
 386;      .899;    25.767;    88.446; 
 387;      .894;    25.786;    88.446; 
 388;      .890;    25.801;    88.446; 
 389;      .888;    25.810;    88.446; 
 390;      .886;    25.817;    88.446; 
 391;      .883;    25.826;    88.446; 
 392;      .881;    25.834;    88.446; 
 393;      .879;    25.838;    88.446; 
 394;      .874;    25.859;    88.446; 
 395;      .870;    25.872;    88.446; 
 396;      .867;    25.886;    88.446; 
 397;      .866;    25.888;    88.446; 
 398;      .864;    25.897;    88.446; 
 399;      .862;    25.901;    88.446; 
 400;      .858;    25.914;    88.446; 
 401;      .855;    25.927;    88.446; 
 402;      .852;    25.934;    88.446; 
 403;      .850;    25.941;    88.446; 
 404;      .849;    25.946;    88.446; 
 405;      .847;    25.949;    88.446; 
 406;      .841;    25.968;    88.446; 
 407;      .835;    25.987;    88.446; 
 408;      .832;    26.000;    88.446; 
 409;      .828;    26.012;    88.446; 
 410;      .827;    26.016;    88.446; 
 411;      .826;    26.021;    88.446; 
 412;      .824;    26.024;    88.446; 
 413;      .822;    26.030;    88.446; 
 414;      .816;    26.048;    88.446; 
 415;      .810;    26.069;    88.446; 
 416;      .806;    26.081;    88.446; 
 417;      .804;    26.090;    88.446; 
 418;      .802;    26.094;    88.446; 
 419;      .799;    26.104;    88.446; 
 420;      .797;    26.111;    88.446; 
 421;      .794;    26.119;    88.446; 
 422;      .789;    26.135;    88.446; 
 423;      .787;    26.140;    88.446; 
 424;      .783;    26.152;    88.446; 
 425;      .780;    26.160;    88.446; 
 426;      .778;    26.167;    88.446; 
 427;      .775;    26.177;    88.446; 
 428;      .770;    26.189;    88.446; 
 429;      .766;    26.201;    88.446; 
 430;      .763;    26.211;    88.446; 
 431;      .760;    26.220;    88.446; 
 432;      .757;    26.228;    88.446; 
 433;      .755;    26.234;    88.446; 
 434;      .752;    26.242;    88.446; 
 435;      .749;    26.251;    88.446; 
 436;      .742;    26.269;    88.446; 
 437;      .737;    26.285;    88.446; 
 438;      .733;    26.299;    88.446; 
 439;      .730;    26.309;    88.446; 
 440;      .728;    26.316;    88.446; 
 441;      .725;    26.322;    88.446; 
 442;      .724;    26.325;    88.446; 
 443;      .719;    26.338;    88.446; 
 444;      .715;    26.349;    88.446; 
 445;      .713;    26.356;    88.446; 
 446;      .709;    26.366;    88.446; 
 447;      .705;    26.377;    88.446; 
 448;      .701;    26.389;    88.446; 
 449;      .696;    26.403;    88.446; 
 450;      .693;    26.413;    88.446; 
 451;      .691;    26.417;    88.446; 
 452;      .687;    26.428;    88.446; 
 453;      .684;    26.437;    88.446; 
 454;      .681;    26.447;    88.446; 
 455;      .677;    26.456;    88.446; 
 456;      .674;    26.465;    88.446; 
 457;      .672;    26.471;    88.446; 
 458;      .668;    26.481;    88.446; 
 459;      .665;    26.488;    88.446; 
 460;      .662;    26.496;    88.446; 
 461;      .657;    26.511;    88.446; 
 462;      .652;    26.522;    88.446; 
 463;      .649;    26.530;    88.446; 
 464;      .646;    26.539;    88.446; 
 465;      .641;    26.553;    88.446; 
 466;      .637;    26.565;    88.446; 
 467;      .633;    26.574;    88.446; 
 468;      .629;    26.585;    88.446; 
 469;      .626;    26.594;    88.446; 
 470;      .624;    26.600;    88.446; 
 471;      .619;    26.612;    88.446; 
 472;      .616;    26.620;    88.446; 
 473;      .613;    26.629;    88.446; 
 474;      .610;    26.638;    88.446; 
 475;      .607;    26.645;    88.446; 
 476;      .602;    26.656;    88.446; 
 477;      .597;    26.669;    88.446; 
 478;      .593;    26.680;    88.446; 
 479;      .590;    26.689;    88.446; 
 480;      .587;    26.697;    88.446; 
 481;      .584;    26.704;    88.446; 
 482;      .579;    26.716;    88.446; 
 483;      .576;    26.723;    88.446; 
 484;      .572;    26.733;    88.446; 
 485;      .568;    26.744;    88.446; 
 486;      .563;    26.755;    88.446; 
 487;      .559;    26.766;    88.446; 
 488;      .556;    26.773;    88.446; 
 489;      .551;    26.787;    88.446; 
 490;      .548;    26.794;    88.446; 
 491;      .544;    26.804;    88.446; 
 492;      .541;    26.813;    88.446; 
 493;      .537;    26.822;    88.446; 
 494;      .534;    26.828;    88.446; 
 495;      .530;    26.839;    88.446; 
 496;      .526;    26.849;    88.446; 
 497;      .521;    26.860;    88.446; 
 498;      .517;    26.870;    88.446; 
 499;      .515;    26.876;    88.446; 
 500;      .510;    26.886;    88.446; 
 501;      .507;    26.892;    88.446; 
 502;      .504;    26.899;    88.446; 
 503;      .501;    26.905;    88.446; 
 504;      .497;    26.914;    88.446; 
 505;      .491;    26.926;    88.446; 
 506;      .488;    26.933;    88.446; 
 507;      .484;    26.941;    88.446; 
 508;      .482;    26.944;    88.446; 
 509;      .477;    26.955;    88.446; 
 510;      .470;    26.968;    88.446; 
 511;      .467;    26.973;    88.446; 
 512;      .466;    26.975;    88.446; 
 513;      .463;    26.980;    88.446; 
 514;      .462;    26.982;    88.446; 
 515;      .460;    26.985;    88.446; 
 516;      .458;    26.987;    88.446; 
 517;      .455;    26.992;    88.446; 
 518;      .453;    26.993;    88.446; 
 519;      .449;    26.998;    88.446; 
 520;      .445;    27.002;    88.446; 
 521;      .440;    27.008;    88.446; 
 522;      .433;    27.016;    88.446; 
 523;      .425;    27.024;    88.446; 
 524;      .422;    27.028;    88.446; 
 525;      .420;    27.029;    88.446; 
 526;      .415;    27.034;    88.446; 
 527;      .416;    27.033;    88.446; 
 528;      .414;    27.034;    88.446; 
 529;      .409;    27.038;    88.446; 
 530;      .407;    27.040;    88.446; 
 531;      .403;    27.042;    88.446; 
 532;      .398;    27.045;    88.446; 
 533;      .399;    27.044;    88.446; 
 534;      .390;    27.049;    88.446; 
 535;      .388;    27.050;    88.446; 
 536;      .382;    27.053;    88.446; 
 537;      .380;    27.053;    88.446; 
 538;      .374;    27.056;    88.446; 
 539;      .370;    27.057;    88.446; 
 540;      .367;    27.058;    88.446; 
 541;      .362;    27.060;    88.446; 
 542;      .359;    27.061;    88.446; 
 543;      .352;    27.063;    88.446; 
 544;      .347;    27.064;    88.446; 
 545;      .341;    27.065;    88.446; 
 546;      .340;    27.065;    88.446; 
 547;      .334;    27.066;    88.446; 
 548;      .331;    27.067;    88.446; 
 549;      .328;    27.067;    88.446; 
 550;      .321;    27.068;    88.446; 
 551;      .314;    27.068;    88.446; 
 552;      .307;    27.069;    88.446; 
 553;      .298;    27.069;    88.446; 
 554;      .292;    27.069;    88.446; 
 555;      .286;    27.069;    88.446; 
 556;      .281;    27.069;    88.446; 
 557;      .275;    27.069;    88.446; 
 558;      .262;    27.069;    88.446; 
 559;      .247;    27.069;    88.446; 
 560;      .235;    27.069;    88.446; 
 561;      .222;    27.070;    88.446; 
 562;      .216;    27.070;    88.446; 
 563;      .199;    27.070;    88.446; 
 564;      .187;    27.071;    88.446; 
 565;      .172;    27.071;    88.446; 
 566;      .162;    27.072;    88.446; 
 567;      .157;    27.072;    88.446; 
 568;      .153;    27.072;    88.446; 
 569;      .145;    27.072;    88.446; 
 570;      .133;    27.072;    88.446; 
 571;      .123;    27.072;    88.446; 
 572;      .110;    27.072;    88.446; 
 573;      .100;    27.072;    88.446; 
 574;      .090;    27.072;    88.446; 
 575;      .078;    27.072;    88.446; 
 576;      .068;    27.072;    88.446; 
 577;      .057;    27.072;    88.446; 
 578;      .049;    27.072;    88.446; 
 579;      .043;    27.072;    88.446; 
 580;      .032;    27.072;    88.446; 
 581;      .014;    27.072;    88.446; 
 582;      .002;    27.073;    88.446; 
 583;     -.008;    27.073;    88.446; 
 584;     -.017;    27.073;    88.446; 
 585;     -.028;    27.073;    88.446; 
 586;     -.040;    27.073;    88.446; 
 587;     -.050;    27.074;    88.446; 
 588;     -.057;    27.074;    88.446; 
 589;     -.068;    27.074;    88.446; 
 590;     -.077;    27.073;    88.446; 
 591;     -.089;    27.074;    88.446; 
 592;     -.100;    27.074;    88.446; 
 593;     -.113;    27.074;    88.446; 
 594;     -.125;    27.074;    88.446; 
 595;     -.135;    27.074;    88.446; 
 596;     -.149;    27.074;    88.446; 
 597;     -.160;    27.075;    88.446; 
 598;     -.169;    27.075;    88.446; 
 599;     -.181;    27.075;    88.446; 
 600;     -.188;    27.075;    88.446; 
 601;     -.197;    27.075;    88.446; 
 602;     -.205;    27.075;    88.446; 
 603;     -.210;    27.075;    88.446; 
 604;     -.220;    27.075;    88.446; 
 605;     -.226;    27.075;    88.446; 
 606;     -.233;    27.074;    88.446; 
 607;     -.238;    27.074;    88.446; 
 608;     -.240;    27.073;    88.446; 
 609;     -.246;    27.073;    88.446; 
 610;     -.250;    27.072;    88.446; 
 611;     -.253;    27.071;    88.446; 
 612;     -.256;    27.070;    88.446; 
 613;     -.262;    27.069;    88.446; 
 614;     -.266;    27.068;    88.446; 
 615;     -.272;    27.066;    88.446; 
 616;     -.276;    27.064;    88.446; 
 617;     -.277;    27.064;    88.446; 
 618;     -.284;    27.061;    88.446; 
 619;     -.291;    27.059;    88.446; 
 620;     -.299;    27.056;    88.446; 
 621;     -.310;    27.051;    88.446; 
 622;     -.318;    27.048;    88.446; 
 623;     -.321;    27.047;    88.446; 
 624;     -.322;    27.046;    88.446; 
 625;     -.325;    27.044;    88.446; 
 626;     -.326;    27.043;    88.446; 
 627;     -.326;    27.043;    88.446; 
 628;     -.338;    27.036;    88.446; 
 629;     -.341;    27.034;    88.446; 
 630;     -.349;    27.028;    88.446; 
 631;     -.354;    27.025;    88.446; 
 632;     -.362;    27.019;    88.446; 
 633;     -.367;    27.016;    88.446; 
 634;     -.368;    27.015;    88.446; 
 635;     -.369;    27.014;    88.446; 
 636;     -.369;    27.014;    88.446; 
 637;     -.369;    27.013;    88.446; 
 638;     -.370;    27.011;    88.446; 
 639;     -.372;    27.009;    88.446; 
 640;     -.375;    27.005;    88.446; 
 641;     -.376;    27.004;    88.446; 
 642;     -.380;    26.998;    88.446; 
 643;     -.380;    26.997;    88.446; 
 644;     -.384;    26.990;    88.446; 
 645;     -.389;    26.982;    88.446; 
 646;     -.397;    26.969;    88.446; 
 647;     -.401;    26.962;    88.446; 
 648;     -.407;    26.953;    88.446; 
 649;     -.415;    26.940;    88.446; 
 650;     -.413;    26.943;    88.446; 
 651;     -.417;    26.934;    88.446; 
 652;     -.420;    26.929;    88.446; 
 653;     -.423;    26.922;    88.446; 
 654;     -.427;    26.914;    88.446; 
 655;     -.429;    26.910;    88.446; 
 656;     -.430;    26.905;    88.446; 
 657;     -.433;    26.898;    88.446; 
 658;     -.437;    26.889;    88.446; 
 659;     -.446;    26.867;    88.446; 
 660;     -.453;    26.851;    88.446; 
 661;     -.457;    26.843;    88.446; 
 662;     -.458;    26.839;    88.446; 
 663;     -.462;    26.831;    88.446; 
 664;     -.464;    26.825;    88.446; 
 665;     -.469;    26.814;    88.446; 
 666;     -.474;    26.801;    88.446; 
 667;     -.477;    26.795;    88.446; 
 668;     -.481;    26.785;    88.446; 
 669;     -.486;    26.774;    88.446; 
 670;     -.488;    26.768;    88.446; 
 671;     -.491;    26.760;    88.446; 
 672;     -.501;    26.737;    88.446; 
 673;     -.504;    26.730;    88.446; 
 674;     -.506;    26.724;    88.446; 
 675;     -.510;    26.715;    88.446; 
 676;     -.511;    26.713;    88.446; 
 677;     -.515;    26.702;    88.446; 
 678;     -.522;    26.685;    88.446; 
 679;     -.526;    26.675;    88.446; 
 680;     -.529;    26.668;    88.446; 
 681;     -.535;    26.654;    88.446; 
 682;     -.538;    26.647;    88.446; 
 683;     -.542;    26.637;    88.446; 
 684;     -.545;    26.630;    88.446; 
 685;     -.549;    26.619;    88.446; 
 686;     -.552;    26.613;    88.446; 
 687;     -.555;    26.604;    88.446; 
 688;     -.558;    26.596;    88.446; 
 689;     -.562;    26.587;    88.446; 
 690;     -.565;    26.576;    88.446; 
 691;     -.571;    26.563;    88.446; 
 692;     -.574;    26.553;    88.446; 
 693;     -.578;    26.545;    88.446; 
 694;     -.583;    26.532;    88.446; 
 695;     -.586;    26.524;    88.446; 
 696;     -.591;    26.510;    88.446; 
 697;     -.596;    26.498;    88.446; 
 698;     -.598;    26.493;    88.446; 
 699;     -.601;    26.485;    88.446; 
 700;     -.605;    26.475;    88.446; 
 701;     -.609;    26.464;    88.446; 
 702;     -.612;    26.457;    88.446; 
 703;     -.615;    26.448;    88.446; 
 704;     -.619;    26.438;    88.446; 
 705;     -.623;    26.426;    88.446; 
 706;     -.627;    26.417;    88.446; 
 707;     -.631;    26.407;    88.446; 
 708;     -.635;    26.396;    88.446; 
 709;     -.639;    26.385;    88.446; 
 710;     -.643;    26.373;    88.446; 
 711;     -.646;    26.366;    88.446; 
 712;     -.649;    26.357;    88.446; 
 713;     -.653;    26.348;    88.446; 
 714;     -.655;    26.340;    88.446; 
 715;     -.660;    26.327;    88.446; 
 716;     -.663;    26.319;    88.446; 
 717;     -.667;    26.308;    88.446; 
 718;     -.670;    26.298;    88.446; 
 719;     -.673;    26.290;    88.446; 
 720;     -.676;    26.280;    88.446; 
 721;     -.681;    26.267;    88.446; 
 722;     -.685;    26.257;    88.446; 
 723;     -.691;    26.242;    88.446; 
 724;     -.695;    26.231;    88.446; 
 725;     -.698;    26.224;    88.446; 
 726;     -.700;    26.217;    88.446; 
 727;     -.702;    26.210;    88.446; 
 728;     -.705;    26.202;    88.446; 
 729;     -.707;    26.195;    88.446; 
 730;     -.711;    26.184;    88.446; 
 731;     -.715;    26.173;    88.446; 
 732;     -.720;    26.158;    88.446; 
 733;     -.723;    26.148;    88.446; 
 734;     -.726;    26.139;    88.446; 
 735;     -.731;    26.125;    88.446; 
 736;     -.734;    26.119;    88.446; 
 737;     -.737;    26.108;    88.446; 
 738;     -.739;    26.103;    88.446; 
 739;     -.744;    26.090;    88.446; 
 740;     -.745;    26.084;    88.446; 
 741;     -.748;    26.075;    88.446; 
 742;     -.751;    26.067;    88.446; 
 743;     -.755;    26.053;    88.446; 
 744;     -.758;    26.044;    88.446; 
 745;     -.762;    26.031;    88.446; 
 746;     -.767;    26.017;    88.446; 
 747;     -.771;    26.007;    88.446; 
 748;     -.773;    25.999;    88.446; 
 749;     -.778;    25.987;    88.446; 
 750;     -.779;    25.984;    88.446; 
 751;     -.780;    25.978;    88.446; 
 752;     -.785;    25.963;    88.446; 
 753;     -.790;    25.948;    88.446; 
 754;     -.795;    25.935;    88.446; 
 755;     -.799;    25.924;    88.446; 
 756;     -.800;    25.919;    88.446; 
 757;     -.802;    25.913;    88.446; 
 758;     -.805;    25.904;    88.446; 
 759;     -.808;    25.895;    88.446; 
 760;     -.810;    25.888;    88.446; 
 761;     -.814;    25.875;    88.446; 
 762;     -.817;    25.866;    88.446; 
 763;     -.820;    25.855;    88.446; 
 764;     -.824;    25.844;    88.446; 
 765;     -.826;    25.836;    88.446; 
 766;     -.829;    25.826;    88.446; 
 767;     -.831;    25.818;    88.446; 
 768;     -.835;    25.807;    88.446; 
 769;     -.837;    25.798;    88.446; 
 770;     -.839;    25.792;    88.446; 
 771;     -.844;    25.774;    88.446; 
 772;     -.848;    25.763;    88.446; 
 773;     -.851;    25.752;    88.446; 
 774;     -.854;    25.741;    88.446; 
 775;     -.857;    25.734;    88.446; 
 776;     -.859;    25.725;    88.446; 
 777;     -.863;    25.714;    88.446; 
 778;     -.866;    25.704;    88.446; 
 779;     -.868;    25.696;    88.446; 
 780;     -.870;    25.688;    88.446; 
 781;     -.871;    25.682;    88.446; 
 782;     -.875;    25.667;    88.446; 
 783;     -.880;    25.650;    88.446; 
 784;     -.884;    25.638;    88.446; 
 785;     -.886;    25.632;    88.446; 
 786;     -.888;    25.623;    88.446; 
 787;     -.892;    25.611;    88.446; 
 788;     -.893;    25.606;    88.446; 
 789;     -.896;    25.596;    88.446; 
 790;     -.898;    25.588;    88.446; 
 791;     -.900;    25.578;    88.446; 
 792;     -.903;    25.568;    88.446; 
 793;     -.907;    25.555;    88.446; 
 794;     -.908;    25.548;    88.446; 
 795;     -.912;    25.536;    88.446; 
 796;     -.914;    25.526;    88.446; 
 797;     -.916;    25.518;    88.446; 
 798;     -.919;    25.508;    88.446; 
 799;     -.923;    25.493;    88.446; 
 800;     -.925;    25.484;    88.446; 
 801;     -.928;    25.472;    88.446; 
 802;     -.930;    25.465;    88.446; 
 803;     -.932;    25.458;    88.446; 
 804;     -.934;    25.450;    88.446; 
 805;     -.936;    25.440;    88.446; 
 806;     -.939;    25.429;    88.446; 
 807;     -.941;    25.420;    88.446; 
 808;     -.942;    25.413;    88.446; 
 809;     -.944;    25.404;    88.446; 
 810;     -.946;    25.396;    88.446; 
 811;     -.948;    25.387;    88.446; 
 812;     -.951;    25.372;    88.446; 
 813;     -.955;    25.355;    88.446; 
 814;     -.957;    25.345;    88.446; 
 815;     -.960;    25.333;    88.446; 
 816;     -.961;    25.327;    88.446; 
 817;     -.964;    25.314;    88.446; 
 818;     -.968;    25.300;    88.446; 
 819;     -.970;    25.294;    88.446; 
 820;     -.972;    25.285;    88.446; 
 821;     -.974;    25.275;    88.446; 
 822;     -.976;    25.266;    88.446; 
 823;     -.978;    25.254;    88.446; 
 824;     -.980;    25.246;    88.446; 
 825;     -.983;    25.235;    88.446; 
 826;     -.985;    25.224;    88.446; 
 827;     -.986;    25.219;    88.446; 
 828;     -.988;    25.211;    88.446; 
 829;     -.988;    25.210;    88.446; 
 830;     -.988;    25.205;    88.446; 
 831;     -.988;    25.201;    88.446; 
 832;     -.990;    25.187;    88.446; 
 833;     -.994;    25.160;    88.446; 
 834;    -1.001;    25.131;    88.446; 
 835;    -1.003;    25.124;    88.446; 
 836;    -1.004;    25.119;    88.446; 
 837;    -1.005;    25.113;    88.446; 
 838;    -1.006;    25.110;    88.446; 
 839;    -1.007;    25.103;    88.446; 
 840;    -1.010;    25.085;    88.446; 
 841;    -1.015;    25.064;    88.446; 
 842;    -1.019;    25.048;    88.446; 
 843;    -1.024;    25.033;    88.446; 
 844;    -1.025;    25.028;    88.446; 
 845;    -1.027;    25.020;    88.446; 
 846;    -1.031;    25.007;    88.446; 
 847;    -1.032;    25.000;    88.446; 
 848;    -1.039;    24.979;    88.446; 
 849;    -1.054;    24.941;    88.446; 
 850;    -1.064;    24.920;    88.446; 
 851;    -1.079;    24.894;    88.446; 
 852;    -1.164;    24.811;    88.446; 
 853;    -1.256;    24.775;    88.446; 
 854;    -1.282;    24.770;    88.446; 
 855;    -1.309;    24.767;    88.446; 
 856;    -1.323;    24.766;    88.446; 
 857;    -1.349;    24.765;    88.446; 
 858;    -1.363;    24.765;    88.446; 
 859;    -1.372;    24.765;    88.446; 
 860;    -1.377;    24.765;    88.446; 
 861;    -1.382;    24.765;    88.446; 
 862;    -1.390;    24.764;    88.446; 
 863;    -1.399;    24.764;    88.446; 
 864;    -1.409;    24.763;    88.446; 
 865;    -1.421;    24.763;    88.446; 
 866;    -1.427;    24.762;    88.446; 
 867;    -1.438;    24.761;    88.446; 
 868;    -1.450;    24.760;    88.446; 
 869;    -1.461;    24.760;    88.446; 
 870;    -1.474;    24.759;    88.446; 
 871;    -1.488;    24.758;    88.446; 
 872;    -1.494;    24.758;    88.446; 
 873;    -1.500;    24.758;    88.446; 
 874;    -1.505;    24.757;    88.446; 
 875;    -1.515;    24.756;    88.446; 
 876;    -1.538;    24.755;    88.446; 
 877;    -1.569;    24.755;    88.446; 
 878;    -1.579;    24.755;    88.446; 
 879;    -1.582;    24.755;    88.446; 
 880;    -1.590;    24.755;    88.446; 
 881;    -1.596;    24.755;    88.446; 
 882;    -1.605;    24.755;    88.446; 
 883;    -1.612;    24.755;    88.446; 
 884;    -1.616;    24.754;    88.446; 
 885;    -1.625;    24.754;    88.446; 
 886;    -1.645;    24.753;    88.446; 
 887;    -1.662;    24.752;    88.446; 
 888;    -1.683;    24.753;    88.446; 
 889;    -1.749;    24.764;    88.446; 
 890;    -1.846;    24.814;    88.446; 
 891;    -1.914;    24.895;    88.446; 
 892;    -1.929;    24.926;    88.446; 
 893;    -1.937;    24.945;    88.446; 
 894;    -1.942;    24.957;    88.446; 
 895;    -1.945;    24.964;    88.446; 
 896;    -1.950;    24.977;    88.446; 
 897;    -1.959;    25.006;    88.446; 
 898;    -1.963;    25.021;    88.446; 
 899;    -1.966;    25.030;    88.446; 
 900;    -1.968;    25.037;    88.446; 
 901;    -1.970;    25.042;    88.446; 
 902;    -1.973;    25.053;    88.446; 
 903;    -1.976;    25.063;    88.446; 
 904;    -1.981;    25.080;    88.446; 
 905;    -1.985;    25.094;    88.446; 
 906;    -1.987;    25.102;    88.446; 
 907;    -1.990;    25.111;    88.446; 
 908;    -1.992;    25.119;    88.446; 
 909;    -1.995;    25.127;    88.446; 
 910;    -1.997;    25.135;    88.446; 
 911;    -2.000;    25.145;    88.446; 
 912;    -2.003;    25.153;    88.446; 
 913;    -2.006;    25.161;    88.446; 
 914;    -2.011;    25.178;    88.446; 
 915;    -2.013;    25.185;    88.446; 
 916;    -2.017;    25.199;    88.446; 
 917;    -2.019;    25.204;    88.446; 
 918;    -2.022;    25.212;    88.446; 
 919;    -2.025;    25.220;    88.446; 
 920;    -2.028;    25.230;    88.446; 
 921;    -2.032;    25.243;    88.446; 
 922;    -2.035;    25.250;    88.446; 
 923;    -2.039;    25.262;    88.446; 
 924;    -2.042;    25.271;    88.446; 
 925;    -2.044;    25.278;    88.446; 
 926;    -2.047;    25.286;    88.446; 
 927;    -2.052;    25.299;    88.446; 
 928;    -2.056;    25.310;    88.446; 
 929;    -2.060;    25.324;    88.446; 
 930;    -2.062;    25.329;    88.446; 
 931;    -2.066;    25.340;    88.446; 
 932;    -2.068;    25.346;    88.446; 
 933;    -2.073;    25.358;    88.446; 
 934;    -2.077;    25.370;    88.446; 
 935;    -2.080;    25.379;    88.446; 
 936;    -2.084;    25.389;    88.446; 
 937;    -2.088;    25.401;    88.446; 
 938;    -2.092;    25.412;    88.446; 
 939;    -2.095;    25.421;    88.446; 
 940;    -2.099;    25.431;    88.446; 
 941;    -2.102;    25.442;    88.446; 
 942;    -2.105;    25.448;    88.446; 
 943;    -2.107;    25.456;    88.446; 
 944;    -2.110;    25.462;    88.446; 
 945;    -2.114;    25.472;    88.446; 
 946;    -2.119;    25.485;    88.446; 
 947;    -2.123;    25.494;    88.446; 
 948;    -2.127;    25.507;    88.446; 
 949;    -2.130;    25.516;    88.446; 
 950;    -2.133;    25.523;    88.446; 
 951;    -2.138;    25.537;    88.446; 
 952;    -2.141;    25.545;    88.446; 
 953;    -2.145;    25.555;    88.446; 
 954;    -2.149;    25.564;    88.446; 
 955;    -2.152;    25.573;    88.446; 
 956;    -2.155;    25.580;    88.446; 
 957;    -2.159;    25.590;    88.446; 
 958;    -2.164;    25.603;    88.446; 
 959;    -2.167;    25.611;    88.446; 
 960;    -2.170;    25.620;    88.446; 
 961;    -2.174;    25.629;    88.446; 
 962;    -2.177;    25.637;    88.446; 
 963;    -2.181;    25.644;    88.446; 
 964;    -2.185;    25.655;    88.446; 
 965;    -2.190;    25.669;    88.446; 
 966;    -2.195;    25.679;    88.446; 
 967;    -2.198;    25.689;    88.446; 
 968;    -2.201;    25.695;    88.446; 
 969;    -2.204;    25.701;    88.446; 
 970;    -2.207;    25.710;    88.446; 
 971;    -2.210;    25.716;    88.446; 
 972;    -2.216;    25.728;    88.446; 
 973;    -2.223;    25.745;    88.446; 
 974;    -2.226;    25.755;    88.446; 
 975;    -2.231;    25.766;    88.446; 
 976;    -2.233;    25.772;    88.446; 
 977;    -2.237;    25.780;    88.446; 
 978;    -2.242;    25.792;    88.446; 
 979;    -2.245;    25.800;    88.446; 
 980;    -2.249;    25.809;    88.446; 
 981;    -2.250;    25.811;    88.446; 
 982;    -2.252;    25.815;    88.446; 
 983;    -2.255;    25.821;    88.446; 
 984;    -2.264;    25.840;    88.446; 
 985;    -2.270;    25.853;    88.446; 
 986;    -2.278;    25.871;    88.446; 
 987;    -2.282;    25.883;    88.446; 
 988;    -2.286;    25.893;    88.446; 
 989;    -2.289;    25.900;    88.446; 
 990;    -2.292;    25.905;    88.446; 
 991;    -2.293;    25.908;    88.446; 
 992;    -2.295;    25.913;    88.446; 
 993;    -2.303;    25.930;    88.446; 
 994;    -2.307;    25.937;    88.446; 
 995;    -2.312;    25.947;    88.446; 
 996;    -2.317;    25.960;    88.446; 
 997;    -2.321;    25.969;    88.446; 
 998;    -2.325;    25.976;    88.446; 
 999;    -2.330;    25.987;    88.446; 
1000;    -2.335;    25.999;    88.446; 
1001;    -2.339;    26.007;    88.446; 
1002;    -2.344;    26.018;    88.446; 
1003;    -2.347;    26.026;    88.446; 
1004;    -2.352;    26.036;    88.446; 
1005;    -2.356;    26.046;    88.446; 
1006;    -2.361;    26.056;    88.446; 
1007;    -2.364;    26.063;    88.446; 
1008;    -2.368;    26.070;    88.446; 
1009;    -2.371;    26.076;    88.446; 
1010;    -2.374;    26.083;    88.446; 
1011;    -2.379;    26.093;    88.446; 
1012;    -2.387;    26.108;    88.446; 
1013;    -2.393;    26.120;    88.446; 
1014;    -2.398;    26.132;    88.446; 
1015;    -2.403;    26.144;    88.446; 
1016;    -2.406;    26.150;    88.446; 
1017;    -2.410;    26.159;    88.446; 
1018;    -2.413;    26.165;    88.446; 
1019;    -2.419;    26.176;    88.446; 
1020;    -2.424;    26.187;    88.446; 
1021;    -2.427;    26.194;    88.446; 
1022;    -2.431;    26.201;    88.446; 
1023;    -2.435;    26.211;    88.446; 
1024;    -2.438;    26.216;    88.446; 
1025;    -2.443;    26.225;    88.446; 
1026;    -2.448;    26.235;    88.446; 
1027;    -2.454;    26.246;    88.446; 
1028;    -2.462;    26.262;    88.446; 
1029;    -2.465;    26.269;    88.446; 
1030;    -2.468;    26.275;    88.446; 
1031;    -2.472;    26.282;    88.446; 
1032;    -2.477;    26.291;    88.446; 
1033;    -2.485;    26.307;    88.446; 
1034;    -2.492;    26.322;    88.446; 
1035;    -2.495;    26.329;    88.446; 
1036;    -2.500;    26.340;    88.446; 
1037;    -2.503;    26.344;    88.446; 
1038;    -2.507;    26.352;    88.446; 
1039;    -2.509;    26.357;    88.446; 
1040;    -2.515;    26.367;    88.446; 
1041;    -2.521;    26.380;    88.446; 
1042;    -2.531;    26.400;    88.446; 
1043;    -2.534;    26.407;    88.446; 
1044;    -2.538;    26.416;    88.446; 
1045;    -2.540;    26.419;    88.446; 
1046;    -2.545;    26.428;    88.446; 
1047;    -2.548;    26.435;    88.446; 
1048;    -2.554;    26.446;    88.446; 
1049;    -2.557;    26.452;    88.446; 
1050;    -2.563;    26.462;    88.446; 
1051;    -2.567;    26.472;    88.446; 
1052;    -2.572;    26.480;    88.446; 
1053;    -2.577;    26.490;    88.446; 
1054;    -2.580;    26.496;    88.446; 
1055;    -2.586;    26.506;    88.446; 
1056;    -2.589;    26.512;    88.446; 
1057;    -2.595;    26.522;    88.446; 
1058;    -2.599;    26.529;    88.446; 
1059;    -2.604;    26.539;    88.446; 
1060;    -2.612;    26.555;    88.446; 
1061;    -2.619;    26.568;    88.446; 
1062;    -2.624;    26.577;    88.446; 
1063;    -2.628;    26.585;    88.446; 
1064;    -2.632;    26.592;    88.446; 
1065;    -2.636;    26.599;    88.446; 
1066;    -2.640;    26.607;    88.446; 
1067;    -2.644;    26.614;    88.446; 
1068;    -2.650;    26.625;    88.446; 
1069;    -2.655;    26.634;    88.446; 
1070;    -2.664;    26.651;    88.446; 
1071;    -2.669;    26.661;    88.446; 
1072;    -2.673;    26.669;    88.446; 
1073;    -2.677;    26.676;    88.446; 
1074;    -2.681;    26.683;    88.446; 
1075;    -2.685;    26.690;    88.446; 
1076;    -2.690;    26.700;    88.446; 
1077;    -2.694;    26.706;    88.446; 
1078;    -2.700;    26.717;    88.446; 
1079;    -2.705;    26.726;    88.446; 
1080;    -2.712;    26.739;    88.446; 
1081;    -2.717;    26.748;    88.446; 
1082;    -2.722;    26.757;    88.446; 
1083;    -2.727;    26.767;    88.446; 
1084;    -2.732;    26.776;    88.446; 
1085;    -2.737;    26.784;    88.446; 
1086;    -2.743;    26.795;    88.446; 
1087;    -2.745;    26.798;    88.446; 
1088;    -2.749;    26.805;    88.446; 
1089;    -2.754;    26.815;    88.446; 
1090;    -2.759;    26.821;    88.446; 
1091;    -2.763;    26.829;    88.446; 
1092;    -2.766;    26.832;    88.446; 
1093;    -2.769;    26.837;    88.446; 
1094;    -2.770;    26.838;    88.446; 
1095;    -2.774;    26.843;    88.446; 
1096;    -2.775;    26.844;    88.446; 
1097;    -2.776;    26.845;    88.446; 
1098;    -2.780;    26.849;    88.446; 
1099;    -2.781;    26.850;    88.446; 
1100;    -2.783;    26.851;    88.446; 
1101;    -2.791;    26.859;    88.446; 
1102;    -2.790;    26.857;    88.446; 
1103;    -2.795;    26.861;    88.446; 
1104;    -2.797;    26.863;    88.446; 
1105;    -2.805;    26.868;    88.446; 
1106;    -2.813;    26.874;    88.446; 
1107;    -2.818;    26.878;    88.446; 
1108;    -2.822;    26.881;    88.446; 
1109;    -2.827;    26.884;    88.446; 
1110;    -2.830;    26.885;    88.446; 
1111;    -2.832;    26.887;    88.446; 
1112;    -2.839;    26.890;    88.446; 
1113;    -2.841;    26.891;    88.446; 
1114;    -2.848;    26.894;    88.446; 
1115;    -2.853;    26.897;    88.446; 
1116;    -2.859;    26.899;    88.446; 
1117;    -2.866;    26.902;    88.446; 
1118;    -2.869;    26.903;    88.446; 
1119;    -2.872;    26.903;    88.446; 
1120;    -2.875;    26.904;    88.446; 
1121;    -2.878;    26.905;    88.446; 
1122;    -2.882;    26.906;    88.446; 
1123;    -2.888;    26.907;    88.446; 
1124;    -2.893;    26.908;    88.446; 
1125;    -2.914;    26.913;    88.446; 
1126;    -2.947;    26.923;    88.446; 
1127;    -2.954;    26.925;    88.446; 
1128;    -2.956;    26.926;    88.446; 
1129;    -2.961;    26.927;    88.446; 
1130;    -2.964;    26.928;    88.446; 
1131;    -2.965;    26.928;    88.446; 
1132;    -2.967;    26.928;    88.446; 
1133;    -2.971;    26.928;    88.446; 
1134;    -2.970;    26.928;    88.446; 
1135;    -2.974;    26.928;    88.446; 
1136;    -2.975;    26.928;    88.446; 
1137;    -2.977;    26.927;    88.446; 
1138;    -2.980;    26.927;    88.446; 
1139;    -2.982;    26.927;    88.446; 
1140;    -2.985;    26.926;    88.446; 
1141;    -2.987;    26.926;    88.446; 
1142;    -2.987;    26.925;    88.446; 
1143;    -2.986;    26.925;    88.446; 
1144;    -2.991;    26.924;    88.446; 
1145;    -2.996;    26.922;    88.446; 
1146;    -3.030;    26.914;    88.446; 
1147;    -3.059;    26.909;    88.446; 
1148;    -3.076;    26.907;    88.446; 
1149;    -3.082;    26.906;    88.446; 
1150;    -3.088;    26.906;    88.446; 
1151;    -3.095;    26.905;    88.446; 
1152;    -3.113;    26.902;    88.446; 
1153;    -3.124;    26.901;    88.446; 
1154;    -3.133;    26.900;    88.446; 
1155;    -3.144;    26.898;    88.446; 
1156;    -3.162;    26.897;    88.446; 
1157;    -3.177;    26.896;    88.446; 
1158;    -3.183;    26.895;    88.446; 
