[A]
   1;     3.805;    26.790;    88.446; 
   2;     3.795;    26.792;    88.446; 
   3;     3.787;    26.794;    88.446; 
   4;     3.781;    26.795;    88.446; 
   5;     3.771;    26.797;    88.446; 
   6;     3.763;    26.798;    88.446; 
   7;     3.755;    26.799;    88.446; 
   8;     3.752;    26.800;    88.446; 
   9;     3.739;    26.801;    88.446; 
  10;     3.729;    26.803;    88.446; 
  11;     3.717;    26.805;    88.446; 
  12;     3.711;    26.805;    88.446; 
  13;     3.705;    26.806;    88.446; 
  14;     3.694;    26.807;    88.446; 
  15;     3.674;    26.810;    88.446; 
  16;     3.657;    26.813;    88.446; 
  17;     3.649;    26.814;    88.446; 
  18;     3.639;    26.815;    88.446; 
  19;     3.629;    26.817;    88.446; 
  20;     3.619;    26.819;    88.446; 
  21;     3.610;    26.820;    88.446; 
  22;     3.602;    26.821;    88.446; 
  23;     3.593;    26.822;    88.446; 
  24;     3.584;    26.823;    88.446; 
  25;     3.573;    26.825;    88.446; 
  26;     3.564;    26.826;    88.446; 
  27;     3.552;    26.827;    88.446; 
  28;     3.539;    26.829;    88.446; 
  29;     3.527;    26.831;    88.446; 
  30;     3.516;    26.832;    88.446; 
  31;     3.500;    26.835;    88.446; 
  32;     3.494;    26.836;    88.446; 
  33;     3.485;    26.837;    88.446; 
  34;     3.476;    26.838;    88.446; 
  35;     3.465;    26.840;    88.446; 
  36;     3.452;    26.842;    88.446; 
  37;     3.442;    26.843;    88.446; 
  38;     3.433;    26.845;    88.446; 
  39;     3.424;    26.846;    88.446; 
  40;     3.415;    26.847;    88.446; 
  41;     3.401;    26.849;    88.446; 
  42;     3.391;    26.850;    88.446; 
  43;     3.378;    26.852;    88.446; 
  44;     3.371;    26.853;    88.446; 
  45;     3.363;    26.854;    88.446; 
  46;     3.353;    26.855;    88.446; 
  47;     3.346;    26.856;    88.446; 
  48;     3.334;    26.858;    88.446; 
  49;     3.317;    26.860;    88.446; 
  50;     3.301;    26.863;    88.446; 
  51;     3.292;    26.864;    88.446; 
  52;     3.283;    26.866;    88.446; 
  53;     3.276;    26.867;    88.446; 
  54;     3.268;    26.868;    88.446; 
  55;     3.263;    26.868;    88.446; 
  56;     3.258;    26.868;    88.446; 
  57;     3.257;    26.868;    88.446; 
  58;     3.254;    26.868;    88.446; 
  59;     3.249;    26.868;    88.446; 
  60;     3.238;    26.868;    88.446; 
  61;     3.227;    26.868;    88.446; 
  62;     3.215;    26.868;    88.446; 
  63;     3.209;    26.868;    88.446; 
  64;     3.208;    26.868;    88.446; 
  65;     3.203;    26.867;    88.446; 
  66;     3.201;    26.867;    88.446; 
  67;     3.196;    26.866;    88.446; 
  68;     3.192;    26.865;    88.446; 
  69;     3.188;    26.864;    88.446; 
  70;     3.183;    26.863;    88.446; 
  71;     3.179;    26.862;    88.446; 
  72;     3.174;    26.861;    88.446; 
  73;     3.171;    26.860;    88.446; 
  74;     3.167;    26.858;    88.446; 
  75;     3.163;    26.857;    88.446; 
  76;     3.159;    26.855;    88.446; 
  77;     3.155;    26.853;    88.446; 
  78;     3.152;    26.852;    88.446; 
  79;     3.148;    26.850;    88.446; 
  80;     3.142;    26.847;    88.446; 
  81;     3.142;    26.846;    88.446; 
  82;     3.139;    26.844;    88.446; 
  83;     3.135;    26.842;    88.446; 
  84;     3.134;    26.841;    88.446; 
  85;     3.133;    26.840;    88.446; 
  86;     3.127;    26.835;    88.446; 
  87;     3.125;    26.833;    88.446; 
  88;     3.122;    26.831;    88.446; 
  89;     3.116;    26.825;    88.446; 
  90;     3.105;    26.815;    88.446; 
  91;     3.096;    26.808;    88.446; 
  92;     3.094;    26.806;    88.446; 
  93;     3.090;    26.802;    88.446; 
  94;     3.086;    26.798;    88.446; 
  95;     3.081;    26.792;    88.446; 
  96;     3.078;    26.790;    88.446; 
  97;     3.073;    26.784;    88.446; 
  98;     3.072;    26.782;    88.446; 
  99;     3.072;    26.782;    88.446; 
 100;     3.066;    26.774;    88.446; 
 101;     3.064;    26.771;    88.446; 
 102;     3.058;    26.763;    88.446; 
 103;     3.054;    26.756;    88.446; 
 104;     3.050;    26.750;    88.446; 
 105;     3.047;    26.745;    88.446; 
 106;     3.040;    26.735;    88.446; 
 107;     3.036;    26.729;    88.446; 
 108;     3.032;    26.721;    88.446; 
 109;     3.028;    26.715;    88.446; 
 110;     3.027;    26.711;    88.446; 
 111;     3.021;    26.701;    88.446; 
 112;     3.013;    26.688;    88.446; 
 113;     3.009;    26.680;    88.446; 
 114;     2.998;    26.662;    88.446; 
 115;     2.993;    26.653;    88.446; 
 116;     2.990;    26.648;    88.446; 
 117;     2.986;    26.642;    88.446; 
 118;     2.979;    26.631;    88.446; 
 119;     2.975;    26.624;    88.446; 
 120;     2.969;    26.613;    88.446; 
 121;     2.965;    26.606;    88.446; 
 122;     2.959;    26.597;    88.446; 
 123;     2.954;    26.587;    88.446; 
 124;     2.948;    26.576;    88.446; 
 125;     2.943;    26.568;    88.446; 
 126;     2.936;    26.557;    88.446; 
 127;     2.933;    26.552;    88.446; 
 128;     2.927;    26.541;    88.446; 
 129;     2.923;    26.534;    88.446; 
 130;     2.916;    26.522;    88.446; 
 131;     2.912;    26.515;    88.446; 
 132;     2.905;    26.502;    88.446; 
 133;     2.899;    26.493;    88.446; 
 134;     2.895;    26.485;    88.446; 
 135;     2.890;    26.476;    88.446; 
 136;     2.885;    26.468;    88.446; 
 137;     2.879;    26.456;    88.446; 
 138;     2.874;    26.447;    88.446; 
 139;     2.867;    26.437;    88.446; 
 140;     2.864;    26.430;    88.446; 
 141;     2.859;    26.422;    88.446; 
 142;     2.852;    26.409;    88.446; 
 143;     2.850;    26.405;    88.446; 
 144;     2.843;    26.393;    88.446; 
 145;     2.837;    26.383;    88.446; 
 146;     2.833;    26.375;    88.446; 
 147;     2.830;    26.370;    88.446; 
 148;     2.824;    26.359;    88.446; 
 149;     2.821;    26.353;    88.446; 
 150;     2.815;    26.342;    88.446; 
 151;     2.812;    26.336;    88.446; 
 152;     2.807;    26.327;    88.446; 
 153;     2.804;    26.321;    88.446; 
 154;     2.802;    26.316;    88.446; 
 155;     2.794;    26.300;    88.446; 
 156;     2.788;    26.288;    88.446; 
 157;     2.779;    26.272;    88.446; 
 158;     2.771;    26.259;    88.446; 
 159;     2.768;    26.252;    88.446; 
 160;     2.762;    26.243;    88.446; 
 161;     2.760;    26.238;    88.446; 
 162;     2.754;    26.229;    88.446; 
 163;     2.751;    26.223;    88.446; 
 164;     2.747;    26.215;    88.446; 
 165;     2.741;    26.205;    88.446; 
 166;     2.739;    26.199;    88.446; 
 167;     2.733;    26.189;    88.446; 
 168;     2.730;    26.183;    88.446; 
 169;     2.728;    26.177;    88.446; 
 170;     2.719;    26.160;    88.446; 
 171;     2.711;    26.146;    88.446; 
 172;     2.703;    26.132;    88.446; 
 173;     2.700;    26.126;    88.446; 
 174;     2.696;    26.118;    88.446; 
 175;     2.693;    26.113;    88.446; 
 176;     2.689;    26.104;    88.446; 
 177;     2.684;    26.096;    88.446; 
 178;     2.680;    26.087;    88.446; 
 179;     2.675;    26.076;    88.446; 
 180;     2.671;    26.070;    88.446; 
 181;     2.668;    26.063;    88.446; 
 182;     2.663;    26.052;    88.446; 
 183;     2.659;    26.045;    88.446; 
 184;     2.652;    26.030;    88.446; 
 185;     2.647;    26.020;    88.446; 
 186;     2.644;    26.013;    88.446; 
 187;     2.637;    26.001;    88.446; 
 188;     2.632;    25.991;    88.446; 
 189;     2.629;    25.985;    88.446; 
 190;     2.627;    25.979;    88.446; 
 191;     2.622;    25.969;    88.446; 
 192;     2.615;    25.954;    88.446; 
 193;     2.608;    25.942;    88.446; 
 194;     2.603;    25.932;    88.446; 
 195;     2.601;    25.927;    88.446; 
 196;     2.596;    25.917;    88.446; 
 197;     2.593;    25.911;    88.446; 
 198;     2.589;    25.902;    88.446; 
 199;     2.584;    25.892;    88.446; 
 200;     2.582;    25.887;    88.446; 
 201;     2.578;    25.879;    88.446; 
 202;     2.572;    25.864;    88.446; 
 203;     2.565;    25.852;    88.446; 
 204;     2.560;    25.840;    88.446; 
 205;     2.558;    25.837;    88.446; 
 206;     2.554;    25.829;    88.446; 
 207;     2.552;    25.822;    88.446; 
 208;     2.547;    25.812;    88.446; 
 209;     2.541;    25.799;    88.446; 
 210;     2.536;    25.788;    88.446; 
 211;     2.531;    25.778;    88.446; 
 212;     2.529;    25.773;    88.446; 
 213;     2.524;    25.762;    88.446; 
 214;     2.519;    25.751;    88.446; 
 215;     2.513;    25.738;    88.446; 
 216;     2.507;    25.726;    88.446; 
 217;     2.504;    25.719;    88.446; 
 218;     2.499;    25.710;    88.446; 
 219;     2.496;    25.704;    88.446; 
 220;     2.491;    25.693;    88.446; 
 221;     2.488;    25.686;    88.446; 
 222;     2.483;    25.675;    88.446; 
 223;     2.480;    25.667;    88.446; 
 224;     2.476;    25.659;    88.446; 
 225;     2.474;    25.654;    88.446; 
 226;     2.470;    25.644;    88.446; 
 227;     2.467;    25.637;    88.446; 
 228;     2.464;    25.629;    88.446; 
 229;     2.459;    25.615;    88.446; 
 230;     2.447;    25.590;    88.446; 
 231;     2.439;    25.576;    88.446; 
 232;     2.437;    25.571;    88.446; 
 233;     2.435;    25.567;    88.446; 
 234;     2.433;    25.562;    88.446; 
 235;     2.430;    25.553;    88.446; 
 236;     2.425;    25.543;    88.446; 
 237;     2.425;    25.541;    88.446; 
 238;     2.418;    25.526;    88.446; 
 239;     2.415;    25.519;    88.446; 
 240;     2.410;    25.506;    88.446; 
 241;     2.406;    25.496;    88.446; 
 242;     2.403;    25.488;    88.446; 
 243;     2.400;    25.482;    88.446; 
 244;     2.394;    25.468;    88.446; 
 245;     2.390;    25.457;    88.446; 
 246;     2.386;    25.448;    88.446; 
 247;     2.382;    25.437;    88.446; 
 248;     2.377;    25.426;    88.446; 
 249;     2.375;    25.420;    88.446; 
 250;     2.371;    25.412;    88.446; 
 251;     2.369;    25.405;    88.446; 
 252;     2.364;    25.392;    88.446; 
 253;     2.359;    25.380;    88.446; 
 254;     2.355;    25.371;    88.446; 
 255;     2.353;    25.364;    88.446; 
 256;     2.348;    25.352;    88.446; 
 257;     2.346;    25.347;    88.446; 
 258;     2.341;    25.335;    88.446; 
 259;     2.337;    25.323;    88.446; 
 260;     2.334;    25.315;    88.446; 
 261;     2.331;    25.308;    88.446; 
 262;     2.329;    25.302;    88.446; 
 263;     2.325;    25.290;    88.446; 
 264;     2.321;    25.281;    88.446; 
 265;     2.319;    25.273;    88.446; 
 266;     2.315;    25.262;    88.446; 
 267;     2.313;    25.256;    88.446; 
 268;     2.309;    25.245;    88.446; 
 269;     2.304;    25.231;    88.446; 
 270;     2.298;    25.215;    88.446; 
 271;     2.290;    25.196;    88.446; 
 272;     2.287;    25.189;    88.446; 
 273;     2.287;    25.188;    88.446; 
 274;     2.284;    25.180;    88.446; 
 275;     2.279;    25.167;    88.446; 
 276;     2.276;    25.158;    88.446; 
 277;     2.270;    25.143;    88.446; 
 278;     2.269;    25.138;    88.446; 
 279;     2.267;    25.133;    88.446; 
 280;     2.264;    25.125;    88.446; 
 281;     2.261;    25.116;    88.446; 
 282;     2.258;    25.106;    88.446; 
 283;     2.256;    25.098;    88.446; 
 284;     2.251;    25.084;    88.446; 
 285;     2.245;    25.068;    88.446; 
 286;     2.241;    25.057;    88.446; 
 287;     2.241;    25.055;    88.446; 
 288;     2.240;    25.053;    88.446; 
 289;     2.240;    25.051;    88.446; 
 290;     2.239;    25.046;    88.446; 
 291;     2.233;    25.026;    88.446; 
 292;     2.225;    24.999;    88.446; 
 293;     2.223;    24.993;    88.446; 
 294;     2.221;    24.989;    88.446; 
 295;     2.216;    24.973;    88.446; 
 296;     2.208;    24.953;    88.446; 
 297;     2.202;    24.937;    88.446; 
 298;     2.191;    24.915;    88.446; 
 299;     2.183;    24.901;    88.446; 
 300;     2.177;    24.889;    88.446; 
 301;     2.173;    24.882;    88.446; 
 302;     2.170;    24.876;    88.446; 
 303;     2.167;    24.870;    88.446; 
 304;     2.153;    24.846;    88.446; 
 305;     2.022;    24.738;    88.446; 
 306;     1.954;    24.722;    88.446; 
 307;     1.900;    24.720;    88.446; 
 308;     1.879;    24.721;    88.446; 
 309;     1.866;    24.723;    88.446; 
 310;     1.851;    24.724;    88.446; 
 311;     1.839;    24.726;    88.446; 
 312;     1.833;    24.726;    88.446; 
 313;     1.831;    24.726;    88.446; 
 314;     1.827;    24.726;    88.446; 
 315;     1.825;    24.726;    88.446; 
 316;     1.808;    24.726;    88.446; 
 317;     1.782;    24.728;    88.446; 
 318;     1.762;    24.731;    88.446; 
 319;     1.747;    24.733;    88.446; 
 320;     1.742;    24.734;    88.446; 
 321;     1.736;    24.734;    88.446; 
 322;     1.728;    24.735;    88.446; 
 323;     1.721;    24.735;    88.446; 
 324;     1.715;    24.736;    88.446; 
 325;     1.709;    24.736;    88.446; 
 326;     1.700;    24.736;    88.446; 
 327;     1.687;    24.737;    88.446; 
 328;     1.673;    24.738;    88.446; 
 329;     1.654;    24.740;    88.446; 
 330;     1.643;    24.741;    88.446; 
 331;     1.633;    24.742;    88.446; 
 332;     1.622;    24.743;    88.446; 
 333;     1.613;    24.744;    88.446; 
 334;     1.604;    24.745;    88.446; 
 335;     1.596;    24.746;    88.446; 
 336;     1.586;    24.746;    88.446; 
 337;     1.574;    24.747;    88.446; 
 338;     1.563;    24.748;    88.446; 
 339;     1.548;    24.750;    88.446; 
 340;     1.534;    24.751;    88.446; 
 341;     1.506;    24.756;    88.446; 
 342;     1.420;    24.790;    88.446; 
 343;     1.349;    24.851;    88.446; 
 344;     1.297;    24.951;    88.446; 
 345;     1.289;    24.980;    88.446; 
 346;     1.286;    24.995;    88.446; 
 347;     1.285;    24.999;    88.446; 
 348;     1.285;    25.001;    88.446; 
 349;     1.283;    25.008;    88.446; 
 350;     1.278;    25.027;    88.446; 
 351;     1.274;    25.045;    88.446; 
 352;     1.273;    25.054;    88.446; 
 353;     1.269;    25.071;    88.446; 
 354;     1.268;    25.082;    88.446; 
 355;     1.264;    25.107;    88.446; 
 356;     1.263;    25.121;    88.446; 
 357;     1.262;    25.125;    88.446; 
 358;     1.262;    25.124;    88.446; 
 359;     1.261;    25.126;    88.446; 
 360;     1.261;    25.125;    88.446; 
 361;     1.258;    25.137;    88.446; 
 362;     1.252;    25.163;    88.446; 
 363;     1.248;    25.191;    88.446; 
 364;     1.247;    25.197;    88.446; 
 365;     1.246;    25.204;    88.446; 
 366;     1.244;    25.214;    88.446; 
 367;     1.243;    25.223;    88.446; 
 368;     1.241;    25.234;    88.446; 
 369;     1.240;    25.243;    88.446; 
 370;     1.238;    25.251;    88.446; 
 371;     1.237;    25.257;    88.446; 
 372;     1.235;    25.266;    88.446; 
 373;     1.234;    25.273;    88.446; 
 374;     1.232;    25.280;    88.446; 
 375;     1.230;    25.292;    88.446; 
 376;     1.226;    25.313;    88.446; 
 377;     1.223;    25.331;    88.446; 
 378;     1.222;    25.335;    88.446; 
 379;     1.221;    25.341;    88.446; 
 380;     1.221;    25.342;    88.446; 
 381;     1.219;    25.348;    88.446; 
 382;     1.216;    25.362;    88.446; 
 383;     1.211;    25.384;    88.446; 
 384;     1.210;    25.392;    88.446; 
 385;     1.207;    25.404;    88.446; 
 386;     1.206;    25.412;    88.446; 
 387;     1.205;    25.417;    88.446; 
 388;     1.202;    25.428;    88.446; 
 389;     1.200;    25.437;    88.446; 
 390;     1.198;    25.446;    88.446; 
 391;     1.195;    25.458;    88.446; 
 392;     1.192;    25.471;    88.446; 
 393;     1.190;    25.480;    88.446; 
 394;     1.188;    25.490;    88.446; 
 395;     1.185;    25.503;    88.446; 
 396;     1.184;    25.507;    88.446; 
 397;     1.182;    25.513;    88.446; 
 398;     1.179;    25.526;    88.446; 
 399;     1.176;    25.537;    88.446; 
 400;     1.172;    25.555;    88.446; 
 401;     1.171;    25.558;    88.446; 
 402;     1.169;    25.570;    88.446; 
 403;     1.166;    25.582;    88.446; 
 404;     1.162;    25.598;    88.446; 
 405;     1.161;    25.605;    88.446; 
 406;     1.159;    25.610;    88.446; 
 407;     1.157;    25.619;    88.446; 
 408;     1.155;    25.624;    88.446; 
 409;     1.154;    25.630;    88.446; 
 410;     1.151;    25.638;    88.446; 
 411;     1.146;    25.656;    88.446; 
 412;     1.141;    25.677;    88.446; 
 413;     1.139;    25.685;    88.446; 
 414;     1.137;    25.695;    88.446; 
 415;     1.136;    25.701;    88.446; 
 416;     1.133;    25.713;    88.446; 
 417;     1.130;    25.723;    88.446; 
 418;     1.128;    25.731;    88.446; 
 419;     1.126;    25.740;    88.446; 
 420;     1.124;    25.746;    88.446; 
 421;     1.122;    25.754;    88.446; 
 422;     1.119;    25.765;    88.446; 
 423;     1.116;    25.774;    88.446; 
 424;     1.113;    25.787;    88.446; 
 425;     1.110;    25.797;    88.446; 
 426;     1.108;    25.804;    88.446; 
 427;     1.105;    25.814;    88.446; 
 428;     1.101;    25.827;    88.446; 
 429;     1.098;    25.839;    88.446; 
 430;     1.095;    25.850;    88.446; 
 431;     1.093;    25.857;    88.446; 
 432;     1.091;    25.864;    88.446; 
 433;     1.089;    25.872;    88.446; 
 434;     1.086;    25.881;    88.446; 
 435;     1.083;    25.890;    88.446; 
 436;     1.081;    25.897;    88.446; 
 437;     1.076;    25.914;    88.446; 
 438;     1.072;    25.927;    88.446; 
 439;     1.069;    25.940;    88.446; 
 440;     1.068;    25.944;    88.446; 
 441;     1.065;    25.954;    88.446; 
 442;     1.062;    25.962;    88.446; 
 443;     1.059;    25.973;    88.446; 
 444;     1.056;    25.982;    88.446; 
 445;     1.053;    25.992;    88.446; 
 446;     1.050;    26.002;    88.446; 
 447;     1.047;    26.012;    88.446; 
 448;     1.045;    26.018;    88.446; 
 449;     1.042;    26.031;    88.446; 
 450;     1.038;    26.042;    88.446; 
 451;     1.035;    26.053;    88.446; 
 452;     1.032;    26.063;    88.446; 
 453;     1.028;    26.075;    88.446; 
 454;     1.025;    26.087;    88.446; 
 455;     1.024;    26.089;    88.446; 
 456;     1.021;    26.101;    88.446; 
 457;     1.018;    26.110;    88.446; 
 458;     1.015;    26.117;    88.446; 
 459;     1.011;    26.130;    88.446; 
 460;     1.008;    26.141;    88.446; 
 461;     1.005;    26.150;    88.446; 
 462;     1.002;    26.161;    88.446; 
 463;      .999;    26.170;    88.446; 
 464;      .995;    26.182;    88.446; 
 465;      .993;    26.188;    88.446; 
 466;      .991;    26.192;    88.446; 
 467;      .988;    26.201;    88.446; 
 468;      .985;    26.208;    88.446; 
 469;      .980;    26.224;    88.446; 
 470;      .979;    26.227;    88.446; 
 471;      .974;    26.239;    88.446; 
 472;      .968;    26.259;    88.446; 
 473;      .966;    26.262;    88.446; 
 474;      .961;    26.277;    88.446; 
 475;      .956;    26.295;    88.446; 
 476;      .952;    26.308;    88.446; 
 477;      .950;    26.314;    88.446; 
 478;      .948;    26.322;    88.446; 
 479;      .945;    26.331;    88.446; 
 480;      .942;    26.339;    88.446; 
 481;      .939;    26.347;    88.446; 
 482;      .936;    26.359;    88.446; 
 483;      .932;    26.368;    88.446; 
 484;      .930;    26.375;    88.446; 
 485;      .927;    26.382;    88.446; 
 486;      .924;    26.393;    88.446; 
 487;      .919;    26.406;    88.446; 
 488;      .916;    26.414;    88.446; 
 489;      .912;    26.427;    88.446; 
 490;      .908;    26.438;    88.446; 
 491;      .905;    26.447;    88.446; 
 492;      .900;    26.463;    88.446; 
 493;      .896;    26.473;    88.446; 
 494;      .895;    26.476;    88.446; 
 495;      .894;    26.479;    88.446; 
 496;      .891;    26.486;    88.446; 
 497;      .889;    26.491;    88.446; 
 498;      .884;    26.504;    88.446; 
 499;      .879;    26.516;    88.446; 
 500;      .874;    26.529;    88.446; 
 501;      .869;    26.541;    88.446; 
 502;      .862;    26.562;    88.446; 
 503;      .859;    26.575;    88.446; 
 504;      .857;    26.579;    88.446; 
 505;      .856;    26.582;    88.446; 
 506;      .853;    26.588;    88.446; 
 507;      .851;    26.595;    88.446; 
 508;      .846;    26.607;    88.446; 
 509;      .839;    26.626;    88.446; 
 510;      .835;    26.639;    88.446; 
 511;      .832;    26.647;    88.446; 
 512;      .830;    26.651;    88.446; 
 513;      .827;    26.659;    88.446; 
 514;      .823;    26.670;    88.446; 
 515;      .819;    26.682;    88.446; 
 516;      .814;    26.696;    88.446; 
 517;      .810;    26.706;    88.446; 
 518;      .808;    26.713;    88.446; 
 519;      .805;    26.722;    88.446; 
 520;      .802;    26.729;    88.446; 
 521;      .799;    26.737;    88.446; 
 522;      .794;    26.747;    88.446; 
 523;      .793;    26.751;    88.446; 
 524;      .788;    26.763;    88.446; 
 525;      .785;    26.771;    88.446; 
 526;      .780;    26.781;    88.446; 
 527;      .774;    26.796;    88.446; 
 528;      .768;    26.812;    88.446; 
 529;      .768;    26.813;    88.446; 
 530;      .764;    26.822;    88.446; 
 531;      .759;    26.834;    88.446; 
 532;      .754;    26.848;    88.446; 
 533;      .750;    26.859;    88.446; 
 534;      .747;    26.867;    88.446; 
 535;      .744;    26.872;    88.446; 
 536;      .740;    26.883;    88.446; 
 537;      .736;    26.892;    88.446; 
 538;      .732;    26.904;    88.446; 
 539;      .728;    26.913;    88.446; 
 540;      .725;    26.921;    88.446; 
 541;      .722;    26.927;    88.446; 
 542;      .719;    26.934;    88.446; 
 543;      .717;    26.940;    88.446; 
 544;      .715;    26.942;    88.446; 
 545;      .713;    26.946;    88.446; 
 546;      .710;    26.952;    88.446; 
 547;      .704;    26.962;    88.446; 
 548;      .704;    26.963;    88.446; 
 549;      .698;    26.972;    88.446; 
 550;      .698;    26.972;    88.446; 
 551;      .694;    26.978;    88.446; 
 552;      .692;    26.980;    88.446; 
 553;      .692;    26.980;    88.446; 
 554;      .688;    26.984;    88.446; 
 555;      .688;    26.984;    88.446; 
 556;      .679;    26.993;    88.446; 
 557;      .677;    26.996;    88.446; 
 558;      .669;    27.004;    88.446; 
 559;      .658;    27.016;    88.446; 
 560;      .654;    27.019;    88.446; 
 561;      .652;    27.021;    88.446; 
 562;      .649;    27.024;    88.446; 
 563;      .647;    27.025;    88.446; 
 564;      .643;    27.028;    88.446; 
 565;      .638;    27.032;    88.446; 
 566;      .632;    27.036;    88.446; 
 567;      .627;    27.040;    88.446; 
 568;      .625;    27.041;    88.446; 
 569;      .621;    27.043;    88.446; 
 570;      .617;    27.045;    88.446; 
 571;      .613;    27.047;    88.446; 
 572;      .609;    27.049;    88.446; 
 573;      .607;    27.050;    88.446; 
 574;      .603;    27.051;    88.446; 
 575;      .601;    27.052;    88.446; 
 576;      .596;    27.053;    88.446; 
 577;      .596;    27.053;    88.446; 
 578;      .590;    27.055;    88.446; 
 579;      .583;    27.057;    88.446; 
 580;      .576;    27.058;    88.446; 
 581;      .570;    27.060;    88.446; 
 582;      .562;    27.061;    88.446; 
 583;      .557;    27.062;    88.446; 
 584;      .553;    27.063;    88.446; 
 585;      .548;    27.063;    88.446; 
 586;      .546;    27.063;    88.446; 
 587;      .542;    27.064;    88.446; 
 588;      .537;    27.064;    88.446; 
 589;      .534;    27.064;    88.446; 
 590;      .528;    27.064;    88.446; 
 591;      .520;    27.064;    88.446; 
 592;      .503;    27.064;    88.446; 
 593;      .491;    27.064;    88.446; 
 594;      .481;    27.064;    88.446; 
 595;      .468;    27.065;    88.446; 
 596;      .458;    27.065;    88.446; 
 597;      .450;    27.065;    88.446; 
 598;      .444;    27.065;    88.446; 
 599;      .433;    27.065;    88.446; 
 600;      .417;    27.065;    88.446; 
 601;      .403;    27.066;    88.446; 
 602;      .398;    27.066;    88.446; 
 603;      .389;    27.066;    88.446; 
 604;      .380;    27.066;    88.446; 
 605;      .368;    27.066;    88.446; 
 606;      .355;    27.066;    88.446; 
 607;      .344;    27.067;    88.446; 
 608;      .331;    27.067;    88.446; 
 609;      .320;    27.067;    88.446; 
 610;      .309;    27.067;    88.446; 
 611;      .301;    27.068;    88.446; 
 612;      .295;    27.068;    88.446; 
 613;      .290;    27.067;    88.446; 
 614;      .275;    27.067;    88.446; 
 615;      .255;    27.068;    88.446; 
 616;      .242;    27.068;    88.446; 
 617;      .236;    27.068;    88.446; 
 618;      .227;    27.068;    88.446; 
 619;      .218;    27.069;    88.446; 
 620;      .207;    27.069;    88.446; 
 621;      .192;    27.069;    88.446; 
 622;      .180;    27.069;    88.446; 
 623;      .169;    27.070;    88.446; 
 624;      .162;    27.070;    88.446; 
 625;      .152;    27.070;    88.446; 
 626;      .141;    27.070;    88.446; 
 627;      .130;    27.070;    88.446; 
 628;      .118;    27.071;    88.446; 
 629;      .109;    27.071;    88.446; 
 630;      .099;    27.071;    88.446; 
 631;      .087;    27.071;    88.446; 
 632;      .081;    27.071;    88.446; 
 633;      .076;    27.071;    88.446; 
 634;      .065;    27.071;    88.446; 
 635;      .048;    27.071;    88.446; 
 636;      .031;    27.071;    88.446; 
 637;      .022;    27.071;    88.446; 
 638;      .014;    27.071;    88.446; 
 639;      .010;    27.071;    88.446; 
 640;      .003;    27.071;    88.446; 
 641;     -.003;    27.071;    88.446; 
 642;     -.010;    27.070;    88.446; 
 643;     -.016;    27.070;    88.446; 
 644;     -.024;    27.069;    88.446; 
 645;     -.026;    27.069;    88.446; 
 646;     -.029;    27.068;    88.446; 
 647;     -.033;    27.067;    88.446; 
 648;     -.035;    27.067;    88.446; 
 649;     -.038;    27.066;    88.446; 
 650;     -.041;    27.065;    88.446; 
 651;     -.047;    27.063;    88.446; 
 652;     -.059;    27.060;    88.446; 
 653;     -.065;    27.058;    88.446; 
 654;     -.073;    27.055;    88.446; 
 655;     -.076;    27.054;    88.446; 
 656;     -.079;    27.053;    88.446; 
 657;     -.082;    27.051;    88.446; 
 658;     -.082;    27.051;    88.446; 
 659;     -.084;    27.050;    88.446; 
 660;     -.088;    27.047;    88.446; 
 661;     -.090;    27.046;    88.446; 
 662;     -.096;    27.042;    88.446; 
 663;     -.103;    27.038;    88.446; 
 664;     -.111;    27.033;    88.446; 
 665;     -.118;    27.028;    88.446; 
 666;     -.118;    27.028;    88.446; 
 667;     -.122;    27.025;    88.446; 
 668;     -.122;    27.025;    88.446; 
 669;     -.127;    27.020;    88.446; 
 670;     -.129;    27.019;    88.446; 
 671;     -.132;    27.015;    88.446; 
 672;     -.135;    27.012;    88.446; 
 673;     -.140;    27.008;    88.446; 
 674;     -.143;    27.003;    88.446; 
 675;     -.147;    26.999;    88.446; 
 676;     -.151;    26.994;    88.446; 
 677;     -.155;    26.988;    88.446; 
 678;     -.159;    26.983;    88.446; 
 679;     -.160;    26.982;    88.446; 
 680;     -.164;    26.976;    88.446; 
 681;     -.166;    26.972;    88.446; 
 682;     -.170;    26.966;    88.446; 
 683;     -.172;    26.962;    88.446; 
 684;     -.175;    26.957;    88.446; 
 685;     -.178;    26.950;    88.446; 
 686;     -.180;    26.946;    88.446; 
 687;     -.184;    26.939;    88.446; 
 688;     -.187;    26.931;    88.446; 
 689;     -.191;    26.921;    88.446; 
 690;     -.196;    26.912;    88.446; 
 691;     -.201;    26.899;    88.446; 
 692;     -.206;    26.890;    88.446; 
 693;     -.209;    26.883;    88.446; 
 694;     -.213;    26.873;    88.446; 
 695;     -.217;    26.864;    88.446; 
 696;     -.220;    26.856;    88.446; 
 697;     -.225;    26.845;    88.446; 
 698;     -.229;    26.834;    88.446; 
 699;     -.233;    26.826;    88.446; 
 700;     -.237;    26.816;    88.446; 
 701;     -.243;    26.802;    88.446; 
 702;     -.246;    26.794;    88.446; 
 703;     -.251;    26.783;    88.446; 
 704;     -.257;    26.770;    88.446; 
 705;     -.259;    26.766;    88.446; 
 706;     -.264;    26.754;    88.446; 
 707;     -.268;    26.745;    88.446; 
 708;     -.270;    26.740;    88.446; 
 709;     -.275;    26.727;    88.446; 
 710;     -.278;    26.720;    88.446; 
 711;     -.281;    26.712;    88.446; 
 712;     -.288;    26.697;    88.446; 
 713;     -.291;    26.688;    88.446; 
 714;     -.296;    26.677;    88.446; 
 715;     -.300;    26.667;    88.446; 
 716;     -.305;    26.656;    88.446; 
 717;     -.309;    26.646;    88.446; 
 718;     -.313;    26.638;    88.446; 
 719;     -.317;    26.628;    88.446; 
 720;     -.321;    26.619;    88.446; 
 721;     -.324;    26.612;    88.446; 
 722;     -.327;    26.603;    88.446; 
 723;     -.330;    26.595;    88.446; 
 724;     -.335;    26.584;    88.446; 
 725;     -.339;    26.574;    88.446; 
 726;     -.343;    26.564;    88.446; 
 727;     -.348;    26.551;    88.446; 
 728;     -.352;    26.541;    88.446; 
 729;     -.354;    26.536;    88.446; 
 730;     -.359;    26.523;    88.446; 
 731;     -.364;    26.512;    88.446; 
 732;     -.368;    26.502;    88.446; 
 733;     -.371;    26.494;    88.446; 
 734;     -.375;    26.485;    88.446; 
 735;     -.378;    26.476;    88.446; 
 736;     -.383;    26.464;    88.446; 
 737;     -.387;    26.455;    88.446; 
 738;     -.391;    26.444;    88.446; 
 739;     -.393;    26.437;    88.446; 
 740;     -.398;    26.426;    88.446; 
 741;     -.402;    26.415;    88.446; 
 742;     -.407;    26.403;    88.446; 
 743;     -.411;    26.393;    88.446; 
 744;     -.414;    26.387;    88.446; 
 745;     -.417;    26.378;    88.446; 
 746;     -.422;    26.366;    88.446; 
 747;     -.424;    26.359;    88.446; 
 748;     -.428;    26.348;    88.446; 
 749;     -.433;    26.336;    88.446; 
 750;     -.436;    26.327;    88.446; 
 751;     -.440;    26.318;    88.446; 
 752;     -.443;    26.309;    88.446; 
 753;     -.447;    26.298;    88.446; 
 754;     -.450;    26.291;    88.446; 
 755;     -.456;    26.277;    88.446; 
 756;     -.459;    26.269;    88.446; 
 757;     -.461;    26.261;    88.446; 
 758;     -.464;    26.253;    88.446; 
 759;     -.467;    26.246;    88.446; 
 760;     -.469;    26.239;    88.446; 
 761;     -.474;    26.224;    88.446; 
 762;     -.480;    26.208;    88.446; 
 763;     -.486;    26.192;    88.446; 
 764;     -.489;    26.185;    88.446; 
 765;     -.490;    26.182;    88.446; 
 766;     -.495;    26.170;    88.446; 
 767;     -.498;    26.162;    88.446; 
 768;     -.502;    26.150;    88.446; 
 769;     -.505;    26.141;    88.446; 
 770;     -.508;    26.131;    88.446; 
 771;     -.512;    26.121;    88.446; 
 772;     -.515;    26.112;    88.446; 
 773;     -.519;    26.102;    88.446; 
 774;     -.520;    26.097;    88.446; 
 775;     -.524;    26.085;    88.446; 
 776;     -.527;    26.077;    88.446; 
 777;     -.529;    26.070;    88.446; 
 778;     -.532;    26.059;    88.446; 
 779;     -.540;    26.038;    88.446; 
 780;     -.545;    26.025;    88.446; 
 781;     -.548;    26.016;    88.446; 
 782;     -.551;    26.007;    88.446; 
 783;     -.552;    26.006;    88.446; 
 784;     -.556;    25.993;    88.446; 
 785;     -.558;    25.987;    88.446; 
 786;     -.560;    25.982;    88.446; 
 787;     -.563;    25.972;    88.446; 
 788;     -.565;    25.966;    88.446; 
 789;     -.570;    25.949;    88.446; 
 790;     -.576;    25.932;    88.446; 
 791;     -.578;    25.926;    88.446; 
 792;     -.582;    25.915;    88.446; 
 793;     -.585;    25.906;    88.446; 
 794;     -.587;    25.898;    88.446; 
 795;     -.590;    25.889;    88.446; 
 796;     -.593;    25.880;    88.446; 
 797;     -.596;    25.871;    88.446; 
 798;     -.598;    25.863;    88.446; 
 799;     -.601;    25.853;    88.446; 
 800;     -.605;    25.841;    88.446; 
 801;     -.608;    25.831;    88.446; 
 802;     -.611;    25.820;    88.446; 
 803;     -.615;    25.809;    88.446; 
 804;     -.619;    25.795;    88.446; 
 805;     -.622;    25.786;    88.446; 
 806;     -.626;    25.775;    88.446; 
 807;     -.628;    25.768;    88.446; 
 808;     -.632;    25.756;    88.446; 
 809;     -.634;    25.749;    88.446; 
 810;     -.636;    25.741;    88.446; 
 811;     -.640;    25.730;    88.446; 
 812;     -.642;    25.721;    88.446; 
 813;     -.643;    25.718;    88.446; 
 814;     -.646;    25.706;    88.446; 
 815;     -.649;    25.695;    88.446; 
 816;     -.654;    25.680;    88.446; 
 817;     -.658;    25.665;    88.446; 
 818;     -.660;    25.659;    88.446; 
 819;     -.662;    25.651;    88.446; 
 820;     -.664;    25.646;    88.446; 
 821;     -.668;    25.630;    88.446; 
 822;     -.672;    25.618;    88.446; 
 823;     -.677;    25.603;    88.446; 
 824;     -.678;    25.597;    88.446; 
 825;     -.680;    25.590;    88.446; 
 826;     -.681;    25.587;    88.446; 
 827;     -.683;    25.581;    88.446; 
 828;     -.685;    25.570;    88.446; 
 829;     -.689;    25.554;    88.446; 
 830;     -.696;    25.532;    88.446; 
 831;     -.699;    25.522;    88.446; 
 832;     -.701;    25.516;    88.446; 
 833;     -.703;    25.510;    88.446; 
 834;     -.705;    25.501;    88.446; 
 835;     -.708;    25.491;    88.446; 
 836;     -.711;    25.478;    88.446; 
 837;     -.715;    25.466;    88.446; 
 838;     -.717;    25.458;    88.446; 
 839;     -.720;    25.448;    88.446; 
 840;     -.723;    25.439;    88.446; 
 841;     -.725;    25.431;    88.446; 
 842;     -.727;    25.422;    88.446; 
 843;     -.729;    25.412;    88.446; 
 844;     -.731;    25.407;    88.446; 
 845;     -.732;    25.400;    88.446; 
 846;     -.733;    25.393;    88.446; 
 847;     -.737;    25.377;    88.446; 
 848;     -.741;    25.361;    88.446; 
 849;     -.742;    25.358;    88.446; 
 850;     -.743;    25.350;    88.446; 
 851;     -.744;    25.344;    88.446; 
 852;     -.747;    25.332;    88.446; 
 853;     -.747;    25.330;    88.446; 
 854;     -.750;    25.312;    88.446; 
 855;     -.757;    25.286;    88.446; 
 856;     -.759;    25.276;    88.446; 
 857;     -.761;    25.269;    88.446; 
 858;     -.766;    25.249;    88.446; 
 859;     -.770;    25.238;    88.446; 
 860;     -.770;    25.235;    88.446; 
 861;     -.771;    25.231;    88.446; 
 862;     -.773;    25.223;    88.446; 
 863;     -.774;    25.218;    88.446; 
 864;     -.774;    25.216;    88.446; 
 865;     -.774;    25.212;    88.446; 
 866;     -.779;    25.184;    88.446; 
 867;     -.787;    25.156;    88.446; 
 868;     -.789;    25.149;    88.446; 
 869;     -.791;    25.140;    88.446; 
 870;     -.791;    25.137;    88.446; 
 871;     -.792;    25.133;    88.446; 
 872;     -.793;    25.129;    88.446; 
 873;     -.793;    25.123;    88.446; 
 874;     -.794;    25.120;    88.446; 
 875;     -.798;    25.092;    88.446; 
 876;     -.803;    25.070;    88.446; 
 877;     -.809;    25.049;    88.446; 
 878;     -.811;    25.044;    88.446; 
 879;     -.815;    25.028;    88.446; 
 880;     -.820;    25.014;    88.446; 
 881;     -.826;    24.997;    88.446; 
 882;     -.828;    24.990;    88.446; 
 883;     -.832;    24.977;    88.446; 
 884;     -.848;    24.942;    88.446; 
 885;     -.870;    24.904;    88.446; 
 886;     -.883;    24.887;    88.446; 
 887;     -.985;    24.805;    88.446; 
 888;    -1.079;    24.781;    88.446; 
 889;    -1.099;    24.780;    88.446; 
 890;    -1.113;    24.779;    88.446; 
 891;    -1.127;    24.779;    88.446; 
 892;    -1.128;    24.778;    88.446; 
 893;    -1.133;    24.778;    88.446; 
 894;    -1.148;    24.777;    88.446; 
 895;    -1.171;    24.776;    88.446; 
 896;    -1.182;    24.775;    88.446; 
 897;    -1.188;    24.775;    88.446; 
 898;    -1.197;    24.775;    88.446; 
 899;    -1.213;    24.774;    88.446; 
 900;    -1.227;    24.774;    88.446; 
 901;    -1.241;    24.774;    88.446; 
 902;    -1.247;    24.774;    88.446; 
 903;    -1.250;    24.773;    88.446; 
 904;    -1.255;    24.773;    88.446; 
 905;    -1.260;    24.772;    88.446; 
 906;    -1.269;    24.772;    88.446; 
 907;    -1.286;    24.770;    88.446; 
 908;    -1.304;    24.769;    88.446; 
 909;    -1.316;    24.769;    88.446; 
 910;    -1.328;    24.769;    88.446; 
 911;    -1.338;    24.768;    88.446; 
 912;    -1.348;    24.768;    88.446; 
 913;    -1.358;    24.768;    88.446; 
 914;    -1.364;    24.767;    88.446; 
 915;    -1.369;    24.767;    88.446; 
 916;    -1.375;    24.766;    88.446; 
 917;    -1.390;    24.765;    88.446; 
 918;    -1.404;    24.764;    88.446; 
 919;    -1.427;    24.764;    88.446; 
 920;    -1.440;    24.764;    88.446; 
 921;    -1.459;    24.764;    88.446; 
 922;    -1.480;    24.766;    88.446; 
 923;    -1.520;    24.772;    88.446; 
 924;    -1.598;    24.802;    88.446; 
 925;    -1.698;    24.902;    88.446; 
 926;    -1.713;    24.932;    88.446; 
 927;    -1.719;    24.944;    88.446; 
 928;    -1.720;    24.947;    88.446; 
 929;    -1.725;    24.957;    88.446; 
 930;    -1.738;    24.986;    88.446; 
 931;    -1.746;    25.010;    88.446; 
 932;    -1.751;    25.026;    88.446; 
 933;    -1.753;    25.034;    88.446; 
 934;    -1.756;    25.045;    88.446; 
 935;    -1.758;    25.052;    88.446; 
 936;    -1.762;    25.064;    88.446; 
 937;    -1.767;    25.081;    88.446; 
 938;    -1.771;    25.099;    88.446; 
 939;    -1.774;    25.109;    88.446; 
 940;    -1.774;    25.107;    88.446; 
 941;    -1.775;    25.113;    88.446; 
 942;    -1.777;    25.118;    88.446; 
 943;    -1.779;    25.123;    88.446; 
 944;    -1.781;    25.129;    88.446; 
 945;    -1.787;    25.145;    88.446; 
 946;    -1.794;    25.168;    88.446; 
 947;    -1.797;    25.177;    88.446; 
 948;    -1.798;    25.182;    88.446; 
 949;    -1.801;    25.191;    88.446; 
 950;    -1.803;    25.198;    88.446; 
 951;    -1.807;    25.207;    88.446; 
 952;    -1.810;    25.216;    88.446; 
 953;    -1.816;    25.237;    88.446; 
 954;    -1.822;    25.260;    88.446; 
 955;    -1.824;    25.267;    88.446; 
 956;    -1.827;    25.276;    88.446; 
 957;    -1.828;    25.278;    88.446; 
 958;    -1.830;    25.285;    88.446; 
 959;    -1.833;    25.293;    88.446; 
 960;    -1.835;    25.299;    88.446; 
 961;    -1.838;    25.308;    88.446; 
 962;    -1.842;    25.318;    88.446; 
 963;    -1.844;    25.324;    88.446; 
 964;    -1.846;    25.328;    88.446; 
 965;    -1.849;    25.336;    88.446; 
 966;    -1.853;    25.345;    88.446; 
 967;    -1.859;    25.360;    88.446; 
 968;    -1.863;    25.371;    88.446; 
 969;    -1.867;    25.380;    88.446; 
 970;    -1.871;    25.389;    88.446; 
 971;    -1.877;    25.407;    88.446; 
 972;    -1.880;    25.415;    88.446; 
 973;    -1.882;    25.420;    88.446; 
 974;    -1.893;    25.455;    88.446; 
 975;    -1.898;    25.474;    88.446; 
 976;    -1.899;    25.477;    88.446; 
 977;    -1.900;    25.480;    88.446; 
 978;    -1.901;    25.485;    88.446; 
 979;    -1.903;    25.490;    88.446; 
 980;    -1.905;    25.496;    88.446; 
 981;    -1.909;    25.505;    88.446; 
 982;    -1.912;    25.514;    88.446; 
 983;    -1.916;    25.523;    88.446; 
 984;    -1.920;    25.534;    88.446; 
 985;    -1.922;    25.541;    88.446; 
 986;    -1.926;    25.550;    88.446; 
 987;    -1.930;    25.559;    88.446; 
 988;    -1.934;    25.570;    88.446; 
 989;    -1.938;    25.580;    88.446; 
 990;    -1.942;    25.590;    88.446; 
 991;    -1.947;    25.602;    88.446; 
 992;    -1.950;    25.611;    88.446; 
 993;    -1.954;    25.620;    88.446; 
 994;    -1.959;    25.632;    88.446; 
 995;    -1.963;    25.642;    88.446; 
 996;    -1.966;    25.651;    88.446; 
 997;    -1.970;    25.661;    88.446; 
 998;    -1.974;    25.670;    88.446; 
 999;    -1.976;    25.675;    88.446; 
1000;    -1.981;    25.688;    88.446; 
1001;    -1.987;    25.703;    88.446; 
1002;    -1.992;    25.715;    88.446; 
1003;    -1.994;    25.721;    88.446; 
1004;    -1.996;    25.726;    88.446; 
1005;    -1.998;    25.730;    88.446; 
1006;    -2.006;    25.750;    88.446; 
1007;    -2.012;    25.765;    88.446; 
1008;    -2.017;    25.780;    88.446; 
1009;    -2.020;    25.786;    88.446; 
1010;    -2.021;    25.789;    88.446; 
1011;    -2.024;    25.796;    88.446; 
1012;    -2.028;    25.805;    88.446; 
1013;    -2.031;    25.811;    88.446; 
1014;    -2.033;    25.815;    88.446; 
1015;    -2.037;    25.824;    88.446; 
1016;    -2.046;    25.845;    88.446; 
1017;    -2.051;    25.857;    88.446; 
1018;    -2.056;    25.870;    88.446; 
1019;    -2.059;    25.877;    88.446; 
1020;    -2.063;    25.887;    88.446; 
1021;    -2.067;    25.896;    88.446; 
1022;    -2.069;    25.902;    88.446; 
1023;    -2.073;    25.909;    88.446; 
1024;    -2.074;    25.911;    88.446; 
1025;    -2.076;    25.915;    88.446; 
1026;    -2.084;    25.931;    88.446; 
1027;    -2.091;    25.948;    88.446; 
1028;    -2.097;    25.961;    88.446; 
1029;    -2.102;    25.973;    88.446; 
1030;    -2.105;    25.979;    88.446; 
1031;    -2.107;    25.985;    88.446; 
1032;    -2.111;    25.993;    88.446; 
1033;    -2.113;    25.998;    88.446; 
1034;    -2.121;    26.015;    88.446; 
1035;    -2.126;    26.027;    88.446; 
1036;    -2.128;    26.032;    88.446; 
1037;    -2.131;    26.038;    88.446; 
1038;    -2.135;    26.045;    88.446; 
1039;    -2.141;    26.058;    88.446; 
1040;    -2.146;    26.068;    88.446; 
1041;    -2.150;    26.079;    88.446; 
1042;    -2.154;    26.086;    88.446; 
1043;    -2.158;    26.094;    88.446; 
1044;    -2.165;    26.109;    88.446; 
1045;    -2.171;    26.123;    88.446; 
1046;    -2.177;    26.138;    88.446; 
1047;    -2.180;    26.146;    88.446; 
1048;    -2.183;    26.153;    88.446; 
1049;    -2.188;    26.165;    88.446; 
1050;    -2.190;    26.169;    88.446; 
1051;    -2.193;    26.176;    88.446; 
1052;    -2.197;    26.184;    88.446; 
1053;    -2.198;    26.185;    88.446; 
1054;    -2.200;    26.189;    88.446; 
1055;    -2.199;    26.187;    88.446; 
1056;    -2.202;    26.192;    88.446; 
1057;    -2.208;    26.201;    88.446; 
1058;    -2.230;    26.243;    88.446; 
1059;    -2.239;    26.266;    88.446; 
1060;    -2.241;    26.271;    88.446; 
1061;    -2.243;    26.277;    88.446; 
1062;    -2.246;    26.283;    88.446; 
1063;    -2.248;    26.287;    88.446; 
1064;    -2.252;    26.296;    88.446; 
1065;    -2.259;    26.311;    88.446; 
1066;    -2.264;    26.321;    88.446; 
1067;    -2.266;    26.325;    88.446; 
1068;    -2.269;    26.332;    88.446; 
1069;    -2.273;    26.340;    88.446; 
1070;    -2.276;    26.347;    88.446; 
1071;    -2.278;    26.351;    88.446; 
1072;    -2.285;    26.364;    88.446; 
1073;    -2.290;    26.374;    88.446; 
1074;    -2.296;    26.386;    88.446; 
1075;    -2.300;    26.394;    88.446; 
1076;    -2.304;    26.402;    88.446; 
1077;    -2.305;    26.403;    88.446; 
1078;    -2.310;    26.413;    88.446; 
1079;    -2.315;    26.420;    88.446; 
1080;    -2.323;    26.436;    88.446; 
1081;    -2.330;    26.451;    88.446; 
1082;    -2.334;    26.459;    88.446; 
1083;    -2.340;    26.471;    88.446; 
1084;    -2.346;    26.483;    88.446; 
1085;    -2.348;    26.488;    88.446; 
1086;    -2.351;    26.493;    88.446; 
1087;    -2.355;    26.501;    88.446; 
1088;    -2.359;    26.507;    88.446; 
1089;    -2.363;    26.515;    88.446; 
1090;    -2.371;    26.530;    88.446; 
1091;    -2.379;    26.545;    88.446; 
1092;    -2.384;    26.555;    88.446; 
1093;    -2.388;    26.564;    88.446; 
1094;    -2.390;    26.567;    88.446; 
1095;    -2.398;    26.582;    88.446; 
1096;    -2.401;    26.588;    88.446; 
1097;    -2.405;    26.596;    88.446; 
1098;    -2.411;    26.608;    88.446; 
1099;    -2.417;    26.619;    88.446; 
1100;    -2.422;    26.629;    88.446; 
1101;    -2.427;    26.638;    88.446; 
1102;    -2.431;    26.645;    88.446; 
1103;    -2.438;    26.659;    88.446; 
1104;    -2.444;    26.672;    88.446; 
1105;    -2.447;    26.678;    88.446; 
1106;    -2.450;    26.683;    88.446; 
1107;    -2.453;    26.689;    88.446; 
1108;    -2.459;    26.700;    88.446; 
1109;    -2.463;    26.708;    88.446; 
1110;    -2.469;    26.719;    88.446; 
1111;    -2.474;    26.728;    88.446; 
1112;    -2.479;    26.736;    88.446; 
1113;    -2.482;    26.741;    88.446; 
1114;    -2.489;    26.754;    88.446; 
1115;    -2.494;    26.764;    88.446; 
1116;    -2.501;    26.777;    88.446; 
1117;    -2.504;    26.783;    88.446; 
1118;    -2.509;    26.791;    88.446; 
1119;    -2.514;    26.801;    88.446; 
1120;    -2.518;    26.807;    88.446; 
1121;    -2.521;    26.813;    88.446; 
1122;    -2.528;    26.825;    88.446; 
1123;    -2.533;    26.833;    88.446; 
1124;    -2.540;    26.845;    88.446; 
1125;    -2.542;    26.850;    88.446; 
1126;    -2.545;    26.853;    88.446; 
1127;    -2.548;    26.858;    88.446; 
1128;    -2.550;    26.861;    88.446; 
1129;    -2.552;    26.863;    88.446; 
1130;    -2.555;    26.867;    88.446; 
1131;    -2.559;    26.872;    88.446; 
1132;    -2.558;    26.870;    88.446; 
1133;    -2.561;    26.873;    88.446; 
1134;    -2.565;    26.877;    88.446; 
1135;    -2.567;    26.879;    88.446; 
1136;    -2.572;    26.883;    88.446; 
1137;    -2.579;    26.889;    88.446; 
1138;    -2.589;    26.898;    88.446; 
1139;    -2.598;    26.907;    88.446; 
1140;    -2.603;    26.911;    88.446; 
1141;    -2.604;    26.912;    88.446; 
1142;    -2.603;    26.910;    88.446; 
1143;    -2.607;    26.913;    88.446; 
1144;    -2.606;    26.912;    88.446; 
1145;    -2.607;    26.912;    88.446; 
1146;    -2.608;    26.913;    88.446; 
1147;    -2.612;    26.914;    88.446; 
1148;    -2.622;    26.919;    88.446; 
1149;    -2.636;    26.926;    88.446; 
1150;    -2.647;    26.931;    88.446; 
1151;    -2.653;    26.934;    88.446; 
1152;    -2.654;    26.934;    88.446; 
1153;    -2.659;    26.936;    88.446; 
1154;    -2.660;    26.936;    88.446; 
1155;    -2.664;    26.937;    88.446; 
1156;    -2.665;    26.937;    88.446; 
1157;    -2.669;    26.938;    88.446; 
1158;    -2.671;    26.939;    88.446; 
1159;    -2.674;    26.939;    88.446; 
1160;    -2.680;    26.940;    88.446; 
1161;    -2.684;    26.941;    88.446; 
1162;    -2.690;    26.941;    88.446; 
1163;    -2.695;    26.942;    88.446; 
1164;    -2.702;    26.942;    88.446; 
1165;    -2.705;    26.942;    88.446; 
1166;    -2.709;    26.942;    88.446; 
1167;    -2.716;    26.942;    88.446; 
1168;    -2.720;    26.942;    88.446; 
1169;    -2.727;    26.942;    88.446; 
1170;    -2.735;    26.941;    88.446; 
1171;    -2.743;    26.941;    88.446; 
1172;    -2.749;    26.940;    88.446; 
1173;    -2.757;    26.940;    88.446; 
1174;    -2.767;    26.939;    88.446; 
1175;    -2.776;    26.938;    88.446; 
1176;    -2.787;    26.937;    88.446; 
1177;    -2.794;    26.936;    88.446; 
1178;    -2.803;    26.935;    88.446; 
1179;    -2.812;    26.934;    88.446; 
1180;    -2.824;    26.933;    88.446; 
1181;    -2.835;    26.931;    88.446; 
1182;    -2.846;    26.930;    88.446; 
1183;    -2.856;    26.929;    88.446; 
1184;    -2.864;    26.928;    88.446; 
1185;    -2.879;    26.927;    88.446; 
1186;    -2.888;    26.926;    88.446; 
1187;    -2.896;    26.925;    88.446; 
1188;    -2.905;    26.923;    88.446; 
1189;    -2.915;    26.922;    88.446; 
1190;    -2.932;    26.920;    88.446; 
1191;    -2.948;    26.919;    88.446; 
1192;    -2.956;    26.918;    88.446; 
1193;    -2.965;    26.918;    88.446; 
1194;    -2.974;    26.917;    88.446; 
1195;    -2.987;    26.916;    88.446; 
1196;    -2.996;    26.915;    88.446; 
1197;    -3.007;    26.914;    88.446; 
1198;    -3.017;    26.913;    88.446; 
1199;    -3.027;    26.912;    88.446; 
1200;    -3.038;    26.911;    88.446; 
1201;    -3.047;    26.910;    88.446; 
1202;    -3.058;    26.909;    88.446; 
