[A]
   1;     3.170;    26.868;    88.446; 
   2;     3.161;    26.869;    88.446; 
   3;     3.149;    26.871;    88.446; 
   4;     3.136;    26.872;    88.446; 
   5;     3.129;    26.873;    88.446; 
   6;     3.117;    26.875;    88.446; 
   7;     3.105;    26.877;    88.446; 
   8;     3.095;    26.878;    88.446; 
   9;     3.084;    26.880;    88.446; 
  10;     3.078;    26.880;    88.446; 
  11;     3.067;    26.882;    88.446; 
  12;     3.061;    26.882;    88.446; 
  13;     3.052;    26.883;    88.446; 
  14;     3.049;    26.884;    88.446; 
  15;     3.043;    26.884;    88.446; 
  16;     3.039;    26.884;    88.446; 
  17;     3.032;    26.884;    88.446; 
  18;     3.027;    26.884;    88.446; 
  19;     3.023;    26.884;    88.446; 
  20;     3.017;    26.883;    88.446; 
  21;     3.011;    26.883;    88.446; 
  22;     3.006;    26.882;    88.446; 
  23;     3.004;    26.882;    88.446; 
  24;     2.996;    26.881;    88.446; 
  25;     2.990;    26.880;    88.446; 
  26;     2.987;    26.879;    88.446; 
  27;     2.981;    26.878;    88.446; 
  28;     2.977;    26.877;    88.446; 
  29;     2.974;    26.876;    88.446; 
  30;     2.967;    26.874;    88.446; 
  31;     2.965;    26.873;    88.446; 
  32;     2.959;    26.871;    88.446; 
  33;     2.956;    26.870;    88.446; 
  34;     2.951;    26.868;    88.446; 
  35;     2.946;    26.866;    88.446; 
  36;     2.941;    26.863;    88.446; 
  37;     2.937;    26.862;    88.446; 
  38;     2.932;    26.859;    88.446; 
  39;     2.930;    26.858;    88.446; 
  40;     2.925;    26.855;    88.446; 
  41;     2.921;    26.852;    88.446; 
  42;     2.917;    26.850;    88.446; 
  43;     2.912;    26.846;    88.446; 
  44;     2.908;    26.843;    88.446; 
  45;     2.907;    26.842;    88.446; 
  46;     2.905;    26.840;    88.446; 
  47;     2.899;    26.835;    88.446; 
  48;     2.899;    26.835;    88.446; 
  49;     2.897;    26.833;    88.446; 
  50;     2.895;    26.831;    88.446; 
  51;     2.887;    26.822;    88.446; 
  52;     2.883;    26.818;    88.446; 
  53;     2.879;    26.813;    88.446; 
  54;     2.871;    26.804;    88.446; 
  55;     2.866;    26.798;    88.446; 
  56;     2.862;    26.794;    88.446; 
  57;     2.860;    26.792;    88.446; 
  58;     2.860;    26.791;    88.446; 
  59;     2.859;    26.789;    88.446; 
  60;     2.856;    26.784;    88.446; 
  61;     2.851;    26.777;    88.446; 
  62;     2.848;    26.770;    88.446; 
  63;     2.838;    26.755;    88.446; 
  64;     2.832;    26.745;    88.446; 
  65;     2.827;    26.738;    88.446; 
  66;     2.822;    26.729;    88.446; 
  67;     2.816;    26.720;    88.446; 
  68;     2.813;    26.714;    88.446; 
  69;     2.808;    26.705;    88.446; 
  70;     2.806;    26.701;    88.446; 
  71;     2.804;    26.698;    88.446; 
  72;     2.797;    26.686;    88.446; 
  73;     2.793;    26.678;    88.446; 
  74;     2.785;    26.664;    88.446; 
  75;     2.781;    26.656;    88.446; 
  76;     2.775;    26.644;    88.446; 
  77;     2.769;    26.634;    88.446; 
  78;     2.764;    26.626;    88.446; 
  79;     2.757;    26.613;    88.446; 
  80;     2.751;    26.604;    88.446; 
  81;     2.748;    26.599;    88.446; 
  82;     2.742;    26.588;    88.446; 
  83;     2.739;    26.583;    88.446; 
  84;     2.736;    26.577;    88.446; 
  85;     2.733;    26.570;    88.446; 
  86;     2.729;    26.562;    88.446; 
  87;     2.720;    26.546;    88.446; 
  88;     2.715;    26.538;    88.446; 
  89;     2.707;    26.524;    88.446; 
  90;     2.704;    26.518;    88.446; 
  91;     2.700;    26.511;    88.446; 
  92;     2.697;    26.505;    88.446; 
  93;     2.693;    26.497;    88.446; 
  94;     2.685;    26.483;    88.446; 
  95;     2.678;    26.470;    88.446; 
  96;     2.671;    26.458;    88.446; 
  97;     2.669;    26.454;    88.446; 
  98;     2.664;    26.445;    88.446; 
  99;     2.661;    26.439;    88.446; 
 100;     2.654;    26.427;    88.446; 
 101;     2.650;    26.419;    88.446; 
 102;     2.645;    26.410;    88.446; 
 103;     2.642;    26.404;    88.446; 
 104;     2.638;    26.397;    88.446; 
 105;     2.635;    26.390;    88.446; 
 106;     2.629;    26.379;    88.446; 
 107;     2.619;    26.359;    88.446; 
 108;     2.613;    26.349;    88.446; 
 109;     2.608;    26.340;    88.446; 
 110;     2.604;    26.332;    88.446; 
 111;     2.599;    26.324;    88.446; 
 112;     2.596;    26.317;    88.446; 
 113;     2.589;    26.305;    88.446; 
 114;     2.585;    26.298;    88.446; 
 115;     2.582;    26.292;    88.446; 
 116;     2.575;    26.279;    88.446; 
 117;     2.571;    26.271;    88.446; 
 118;     2.567;    26.264;    88.446; 
 119;     2.562;    26.254;    88.446; 
 120;     2.559;    26.247;    88.446; 
 121;     2.552;    26.235;    88.446; 
 122;     2.549;    26.229;    88.446; 
 123;     2.542;    26.215;    88.446; 
 124;     2.538;    26.207;    88.446; 
 125;     2.533;    26.197;    88.446; 
 126;     2.525;    26.183;    88.446; 
 127;     2.523;    26.180;    88.446; 
 128;     2.520;    26.172;    88.446; 
 129;     2.515;    26.164;    88.446; 
 130;     2.513;    26.158;    88.446; 
 131;     2.510;    26.153;    88.446; 
 132;     2.503;    26.138;    88.446; 
 133;     2.496;    26.123;    88.446; 
 134;     2.491;    26.114;    88.446; 
 135;     2.487;    26.106;    88.446; 
 136;     2.480;    26.094;    88.446; 
 137;     2.478;    26.089;    88.446; 
 138;     2.473;    26.079;    88.446; 
 139;     2.471;    26.074;    88.446; 
 140;     2.465;    26.061;    88.446; 
 141;     2.459;    26.050;    88.446; 
 142;     2.453;    26.039;    88.446; 
 143;     2.451;    26.035;    88.446; 
 144;     2.445;    26.023;    88.446; 
 145;     2.439;    26.012;    88.446; 
 146;     2.435;    26.002;    88.446; 
 147;     2.430;    25.993;    88.446; 
 148;     2.426;    25.986;    88.446; 
 149;     2.426;    25.985;    88.446; 
 150;     2.421;    25.974;    88.446; 
 151;     2.418;    25.968;    88.446; 
 152;     2.413;    25.955;    88.446; 
 153;     2.406;    25.942;    88.446; 
 154;     2.403;    25.934;    88.446; 
 155;     2.396;    25.921;    88.446; 
 156;     2.394;    25.916;    88.446; 
 157;     2.391;    25.910;    88.446; 
 158;     2.388;    25.903;    88.446; 
 159;     2.383;    25.893;    88.446; 
 160;     2.376;    25.878;    88.446; 
 161;     2.369;    25.863;    88.446; 
 162;     2.364;    25.853;    88.446; 
 163;     2.361;    25.846;    88.446; 
 164;     2.358;    25.841;    88.446; 
 165;     2.353;    25.829;    88.446; 
 166;     2.350;    25.822;    88.446; 
 167;     2.346;    25.815;    88.446; 
 168;     2.345;    25.811;    88.446; 
 169;     2.340;    25.799;    88.446; 
 170;     2.339;    25.796;    88.446; 
 171;     2.336;    25.788;    88.446; 
 172;     2.331;    25.775;    88.446; 
 173;     2.323;    25.758;    88.446; 
 174;     2.318;    25.747;    88.446; 
 175;     2.308;    25.727;    88.446; 
 176;     2.305;    25.720;    88.446; 
 177;     2.301;    25.712;    88.446; 
 178;     2.298;    25.706;    88.446; 
 179;     2.296;    25.701;    88.446; 
 180;     2.294;    25.695;    88.446; 
 181;     2.290;    25.687;    88.446; 
 182;     2.282;    25.668;    88.446; 
 183;     2.278;    25.658;    88.446; 
 184;     2.275;    25.653;    88.446; 
 185;     2.271;    25.643;    88.446; 
 186;     2.267;    25.634;    88.446; 
 187;     2.264;    25.626;    88.446; 
 188;     2.261;    25.619;    88.446; 
 189;     2.256;    25.609;    88.446; 
 190;     2.252;    25.598;    88.446; 
 191;     2.249;    25.590;    88.446; 
 192;     2.244;    25.580;    88.446; 
 193;     2.239;    25.567;    88.446; 
 194;     2.233;    25.555;    88.446; 
 195;     2.229;    25.546;    88.446; 
 196;     2.227;    25.540;    88.446; 
 197;     2.222;    25.528;    88.446; 
 198;     2.218;    25.519;    88.446; 
 199;     2.215;    25.511;    88.446; 
 200;     2.210;    25.500;    88.446; 
 201;     2.208;    25.495;    88.446; 
 202;     2.204;    25.485;    88.446; 
 203;     2.201;    25.477;    88.446; 
 204;     2.196;    25.464;    88.446; 
 205;     2.191;    25.452;    88.446; 
 206;     2.187;    25.444;    88.446; 
 207;     2.186;    25.440;    88.446; 
 208;     2.182;    25.431;    88.446; 
 209;     2.180;    25.425;    88.446; 
 210;     2.178;    25.419;    88.446; 
 211;     2.176;    25.411;    88.446; 
 212;     2.173;    25.401;    88.446; 
 213;     2.166;    25.382;    88.446; 
 214;     2.159;    25.366;    88.446; 
 215;     2.154;    25.354;    88.446; 
 216;     2.150;    25.344;    88.446; 
 217;     2.146;    25.333;    88.446; 
 218;     2.146;    25.333;    88.446; 
 219;     2.143;    25.324;    88.446; 
 220;     2.140;    25.317;    88.446; 
 221;     2.138;    25.311;    88.446; 
 222;     2.136;    25.304;    88.446; 
 223;     2.134;    25.296;    88.446; 
 224;     2.128;    25.278;    88.446; 
 225;     2.118;    25.253;    88.446; 
 226;     2.110;    25.235;    88.446; 
 227;     2.111;    25.238;    88.446; 
 228;     2.107;    25.228;    88.446; 
 229;     2.108;    25.229;    88.446; 
 230;     2.107;    25.226;    88.446; 
 231;     2.106;    25.224;    88.446; 
 232;     2.106;    25.221;    88.446; 
 233;     2.100;    25.200;    88.446; 
 234;     2.090;    25.170;    88.446; 
 235;     2.082;    25.151;    88.446; 
 236;     2.077;    25.139;    88.446; 
 237;     2.074;    25.133;    88.446; 
 238;     2.070;    25.124;    88.446; 
 239;     2.069;    25.120;    88.446; 
 240;     2.068;    25.118;    88.446; 
 241;     2.065;    25.108;    88.446; 
 242;     2.063;    25.104;    88.446; 
 243;     2.061;    25.095;    88.446; 
 244;     2.058;    25.087;    88.446; 
 245;     2.056;    25.079;    88.446; 
 246;     2.054;    25.073;    88.446; 
 247;     2.052;    25.067;    88.446; 
 248;     2.047;    25.049;    88.446; 
 249;     2.043;    25.035;    88.446; 
 250;     2.037;    25.017;    88.446; 
 251;     2.033;    25.007;    88.446; 
 252;     2.031;    24.999;    88.446; 
 253;     2.029;    24.994;    88.446; 
 254;     2.025;    24.981;    88.446; 
 255;     2.019;    24.964;    88.446; 
 256;     2.009;    24.941;    88.446; 
 257;     2.003;    24.927;    88.446; 
 258;     1.995;    24.911;    88.446; 
 259;     1.987;    24.895;    88.446; 
 260;     1.980;    24.883;    88.446; 
 261;     1.973;    24.870;    88.446; 
 262;     1.959;    24.848;    88.446; 
 263;     1.919;    24.801;    88.446; 
 264;     1.823;    24.742;    88.446; 
 265;     1.725;    24.726;    88.446; 
 266;     1.710;    24.726;    88.446; 
 267;     1.687;    24.727;    88.446; 
 268;     1.668;    24.729;    88.446; 
 269;     1.650;    24.731;    88.446; 
 270;     1.642;    24.732;    88.446; 
 271;     1.638;    24.732;    88.446; 
 272;     1.634;    24.732;    88.446; 
 273;     1.632;    24.732;    88.446; 
 274;     1.628;    24.732;    88.446; 
 275;     1.615;    24.732;    88.446; 
 276;     1.606;    24.732;    88.446; 
 277;     1.591;    24.733;    88.446; 
 278;     1.553;    24.736;    88.446; 
 279;     1.539;    24.739;    88.446; 
 280;     1.532;    24.740;    88.446; 
 281;     1.528;    24.740;    88.446; 
 282;     1.525;    24.740;    88.446; 
 283;     1.516;    24.741;    88.446; 
 284;     1.505;    24.742;    88.446; 
 285;     1.494;    24.742;    88.446; 
 286;     1.483;    24.743;    88.446; 
 287;     1.475;    24.744;    88.446; 
 288;     1.465;    24.744;    88.446; 
 289;     1.454;    24.745;    88.446; 
 290;     1.446;    24.746;    88.446; 
 291;     1.435;    24.746;    88.446; 
 292;     1.427;    24.746;    88.446; 
 293;     1.418;    24.747;    88.446; 
 294;     1.403;    24.748;    88.446; 
 295;     1.388;    24.749;    88.446; 
 296;     1.374;    24.750;    88.446; 
 297;     1.361;    24.751;    88.446; 
 298;     1.351;    24.752;    88.446; 
 299;     1.330;    24.755;    88.446; 
 300;     1.271;    24.771;    88.446; 
 301;     1.207;    24.805;    88.446; 
 302;     1.124;    24.900;    88.446; 
 303;     1.098;    24.969;    88.446; 
 304;     1.097;    24.974;    88.446; 
 305;     1.095;    24.982;    88.446; 
 306;     1.094;    24.984;    88.446; 
 307;     1.088;    25.002;    88.446; 
 308;     1.082;    25.030;    88.446; 
 309;     1.079;    25.049;    88.446; 
 310;     1.077;    25.059;    88.446; 
 311;     1.076;    25.065;    88.446; 
 312;     1.074;    25.075;    88.446; 
 313;     1.072;    25.081;    88.446; 
 314;     1.070;    25.093;    88.446; 
 315;     1.068;    25.100;    88.446; 
 316;     1.065;    25.119;    88.446; 
 317;     1.063;    25.128;    88.446; 
 318;     1.061;    25.139;    88.446; 
 319;     1.059;    25.150;    88.446; 
 320;     1.057;    25.157;    88.446; 
 321;     1.056;    25.163;    88.446; 
 322;     1.054;    25.172;    88.446; 
 323;     1.051;    25.189;    88.446; 
 324;     1.048;    25.204;    88.446; 
 325;     1.046;    25.220;    88.446; 
 326;     1.046;    25.220;    88.446; 
 327;     1.044;    25.230;    88.446; 
 328;     1.043;    25.231;    88.446; 
 329;     1.042;    25.236;    88.446; 
 330;     1.038;    25.252;    88.446; 
 331;     1.034;    25.272;    88.446; 
 332;     1.031;    25.288;    88.446; 
 333;     1.030;    25.293;    88.446; 
 334;     1.028;    25.301;    88.446; 
 335;     1.026;    25.310;    88.446; 
 336;     1.024;    25.320;    88.446; 
 337;     1.022;    25.330;    88.446; 
 338;     1.020;    25.340;    88.446; 
 339;     1.018;    25.350;    88.446; 
 340;     1.015;    25.360;    88.446; 
 341;     1.013;    25.370;    88.446; 
 342;     1.011;    25.377;    88.446; 
 343;     1.010;    25.384;    88.446; 
 344;     1.007;    25.395;    88.446; 
 345;     1.004;    25.407;    88.446; 
 346;     1.001;    25.422;    88.446; 
 347;      .998;    25.433;    88.446; 
 348;      .996;    25.442;    88.446; 
 349;      .995;    25.447;    88.446; 
 350;      .994;    25.451;    88.446; 
 351;      .991;    25.460;    88.446; 
 352;      .987;    25.476;    88.446; 
 353;      .984;    25.490;    88.446; 
 354;      .981;    25.500;    88.446; 
 355;      .979;    25.512;    88.446; 
 356;      .977;    25.519;    88.446; 
 357;      .975;    25.527;    88.446; 
 358;      .973;    25.535;    88.446; 
 359;      .970;    25.544;    88.446; 
 360;      .967;    25.555;    88.446; 
 361;      .965;    25.565;    88.446; 
 362;      .962;    25.574;    88.446; 
 363;      .959;    25.583;    88.446; 
 364;      .956;    25.597;    88.446; 
 365;      .953;    25.607;    88.446; 
 366;      .950;    25.618;    88.446; 
 367;      .948;    25.627;    88.446; 
 368;      .946;    25.636;    88.446; 
 369;      .943;    25.647;    88.446; 
 370;      .940;    25.657;    88.446; 
 371;      .937;    25.667;    88.446; 
 372;      .935;    25.677;    88.446; 
 373;      .932;    25.686;    88.446; 
 374;      .929;    25.695;    88.446; 
 375;      .926;    25.706;    88.446; 
 376;      .924;    25.715;    88.446; 
 377;      .921;    25.726;    88.446; 
 378;      .918;    25.735;    88.446; 
 379;      .915;    25.746;    88.446; 
 380;      .913;    25.752;    88.446; 
 381;      .909;    25.765;    88.446; 
 382;      .907;    25.773;    88.446; 
 383;      .903;    25.787;    88.446; 
 384;      .900;    25.796;    88.446; 
 385;      .898;    25.806;    88.446; 
 386;      .895;    25.814;    88.446; 
 387;      .892;    25.825;    88.446; 
 388;      .889;    25.836;    88.446; 
 389;      .886;    25.845;    88.446; 
 390;      .882;    25.859;    88.446; 
 391;      .881;    25.864;    88.446; 
 392;      .877;    25.876;    88.446; 
 393;      .875;    25.884;    88.446; 
 394;      .872;    25.893;    88.446; 
 395;      .870;    25.899;    88.446; 
 396;      .867;    25.907;    88.446; 
 397;      .864;    25.919;    88.446; 
 398;      .861;    25.928;    88.446; 
 399;      .856;    25.944;    88.446; 
 400;      .852;    25.957;    88.446; 
 401;      .849;    25.970;    88.446; 
 402;      .847;    25.975;    88.446; 
 403;      .845;    25.981;    88.446; 
 404;      .842;    25.991;    88.446; 
 405;      .840;    25.999;    88.446; 
 406;      .837;    26.007;    88.446; 
 407;      .833;    26.020;    88.446; 
 408;      .830;    26.027;    88.446; 
 409;      .826;    26.039;    88.446; 
 410;      .823;    26.050;    88.446; 
 411;      .818;    26.065;    88.446; 
 412;      .816;    26.073;    88.446; 
 413;      .813;    26.082;    88.446; 
 414;      .810;    26.090;    88.446; 
 415;      .807;    26.098;    88.446; 
 416;      .804;    26.108;    88.446; 
 417;      .801;    26.116;    88.446; 
 418;      .797;    26.129;    88.446; 
 419;      .792;    26.143;    88.446; 
 420;      .790;    26.151;    88.446; 
 421;      .787;    26.160;    88.446; 
 422;      .785;    26.167;    88.446; 
 423;      .780;    26.182;    88.446; 
 424;      .776;    26.192;    88.446; 
 425;      .773;    26.201;    88.446; 
 426;      .770;    26.210;    88.446; 
 427;      .767;    26.219;    88.446; 
 428;      .766;    26.224;    88.446; 
 429;      .761;    26.238;    88.446; 
 430;      .758;    26.246;    88.446; 
 431;      .754;    26.257;    88.446; 
 432;      .751;    26.265;    88.446; 
 433;      .747;    26.278;    88.446; 
 434;      .744;    26.287;    88.446; 
 435;      .743;    26.290;    88.446; 
 436;      .739;    26.301;    88.446; 
 437;      .735;    26.313;    88.446; 
 438;      .731;    26.324;    88.446; 
 439;      .726;    26.339;    88.446; 
 440;      .723;    26.345;    88.446; 
 441;      .720;    26.354;    88.446; 
 442;      .718;    26.362;    88.446; 
 443;      .715;    26.369;    88.446; 
 444;      .712;    26.376;    88.446; 
 445;      .707;    26.389;    88.446; 
 446;      .703;    26.399;    88.446; 
 447;      .702;    26.402;    88.446; 
 448;      .698;    26.412;    88.446; 
 449;      .695;    26.420;    88.446; 
 450;      .687;    26.441;    88.446; 
 451;      .682;    26.458;    88.446; 
 452;      .678;    26.469;    88.446; 
 453;      .676;    26.474;    88.446; 
 454;      .677;    26.473;    88.446; 
 455;      .671;    26.486;    88.446; 
 456;      .668;    26.495;    88.446; 
 457;      .663;    26.510;    88.446; 
 458;      .658;    26.524;    88.446; 
 459;      .658;    26.524;    88.446; 
 460;      .653;    26.535;    88.446; 
 461;      .650;    26.543;    88.446; 
 462;      .646;    26.554;    88.446; 
 463;      .641;    26.567;    88.446; 
 464;      .636;    26.579;    88.446; 
 465;      .633;    26.587;    88.446; 
 466;      .630;    26.598;    88.446; 
 467;      .626;    26.606;    88.446; 
 468;      .623;    26.616;    88.446; 
 469;      .621;    26.620;    88.446; 
 470;      .616;    26.631;    88.446; 
 471;      .611;    26.646;    88.446; 
 472;      .607;    26.657;    88.446; 
 473;      .605;    26.662;    88.446; 
 474;      .602;    26.670;    88.446; 
 475;      .597;    26.681;    88.446; 
 476;      .595;    26.686;    88.446; 
 477;      .591;    26.695;    88.446; 
 478;      .590;    26.699;    88.446; 
 479;      .586;    26.707;    88.446; 
 480;      .583;    26.712;    88.446; 
 481;      .579;    26.721;    88.446; 
 482;      .576;    26.727;    88.446; 
 483;      .574;    26.731;    88.446; 
 484;      .567;    26.744;    88.446; 
 485;      .552;    26.781;    88.446; 
 486;      .544;    26.806;    88.446; 
 487;      .540;    26.819;    88.446; 
 488;      .540;    26.821;    88.446; 
 489;      .538;    26.824;    88.446; 
 490;      .537;    26.828;    88.446; 
 491;      .535;    26.832;    88.446; 
 492;      .532;    26.840;    88.446; 
 493;      .528;    26.849;    88.446; 
 494;      .525;    26.857;    88.446; 
 495;      .522;    26.864;    88.446; 
 496;      .516;    26.878;    88.446; 
 497;      .508;    26.898;    88.446; 
 498;      .505;    26.906;    88.446; 
 499;      .502;    26.914;    88.446; 
 500;      .498;    26.925;    88.446; 
 501;      .496;    26.929;    88.446; 
 502;      .492;    26.937;    88.446; 
 503;      .491;    26.939;    88.446; 
 504;      .489;    26.945;    88.446; 
 505;      .486;    26.949;    88.446; 
 506;      .483;    26.955;    88.446; 
 507;      .483;    26.955;    88.446; 
 508;      .480;    26.959;    88.446; 
 509;      .480;    26.960;    88.446; 
 510;      .477;    26.963;    88.446; 
 511;      .473;    26.969;    88.446; 
 512;      .469;    26.974;    88.446; 
 513;      .462;    26.983;    88.446; 
 514;      .457;    26.989;    88.446; 
 515;      .454;    26.993;    88.446; 
 516;      .451;    26.996;    88.446; 
 517;      .446;    27.002;    88.446; 
 518;      .444;    27.003;    88.446; 
 519;      .441;    27.007;    88.446; 
 520;      .439;    27.008;    88.446; 
 521;      .438;    27.008;    88.446; 
 522;      .434;    27.012;    88.446; 
 523;      .430;    27.015;    88.446; 
 524;      .426;    27.017;    88.446; 
 525;      .422;    27.020;    88.446; 
 526;      .419;    27.022;    88.446; 
 527;      .413;    27.025;    88.446; 
 528;      .408;    27.029;    88.446; 
 529;      .406;    27.029;    88.446; 
 530;      .402;    27.031;    88.446; 
 531;      .397;    27.034;    88.446; 
 532;      .391;    27.036;    88.446; 
 533;      .384;    27.039;    88.446; 
 534;      .378;    27.042;    88.446; 
 535;      .375;    27.043;    88.446; 
 536;      .374;    27.043;    88.446; 
 537;      .371;    27.044;    88.446; 
 538;      .362;    27.047;    88.446; 
 539;      .355;    27.048;    88.446; 
 540;      .351;    27.050;    88.446; 
 541;      .348;    27.050;    88.446; 
 542;      .343;    27.051;    88.446; 
 543;      .333;    27.053;    88.446; 
 544;      .327;    27.054;    88.446; 
 545;      .321;    27.055;    88.446; 
 546;      .318;    27.055;    88.446; 
 547;      .313;    27.056;    88.446; 
 548;      .310;    27.056;    88.446; 
 549;      .304;    27.056;    88.446; 
 550;      .295;    27.057;    88.446; 
 551;      .288;    27.057;    88.446; 
 552;      .280;    27.057;    88.446; 
 553;      .270;    27.057;    88.446; 
 554;      .260;    27.058;    88.446; 
 555;      .246;    27.058;    88.446; 
 556;      .239;    27.058;    88.446; 
 557;      .232;    27.058;    88.446; 
 558;      .224;    27.058;    88.446; 
 559;      .209;    27.058;    88.446; 
 560;      .202;    27.058;    88.446; 
 561;      .191;    27.058;    88.446; 
 562;      .176;    27.059;    88.446; 
 563;      .164;    27.059;    88.446; 
 564;      .156;    27.059;    88.446; 
 565;      .150;    27.059;    88.446; 
 566;      .140;    27.059;    88.446; 
 567;      .133;    27.059;    88.446; 
 568;      .121;    27.059;    88.446; 
 569;      .108;    27.059;    88.446; 
 570;      .093;    27.059;    88.446; 
 571;      .083;    27.059;    88.446; 
 572;      .073;    27.059;    88.446; 
 573;      .063;    27.059;    88.446; 
 574;      .058;    27.059;    88.446; 
 575;      .053;    27.059;    88.446; 
 576;      .044;    27.058;    88.446; 
 577;      .026;    27.058;    88.446; 
 578;      .007;    27.058;    88.446; 
 579;     -.005;    27.058;    88.446; 
 580;     -.015;    27.058;    88.446; 
 581;     -.023;    27.058;    88.446; 
 582;     -.031;    27.058;    88.446; 
 583;     -.039;    27.058;    88.446; 
 584;     -.048;    27.058;    88.446; 
 585;     -.060;    27.058;    88.446; 
 586;     -.075;    27.058;    88.446; 
 587;     -.092;    27.058;    88.446; 
 588;     -.101;    27.059;    88.446; 
 589;     -.108;    27.059;    88.446; 
 590;     -.114;    27.059;    88.446; 
 591;     -.120;    27.058;    88.446; 
 592;     -.131;    27.058;    88.446; 
 593;     -.145;    27.058;    88.446; 
 594;     -.163;    27.058;    88.446; 
 595;     -.175;    27.059;    88.446; 
 596;     -.184;    27.059;    88.446; 
 597;     -.193;    27.059;    88.446; 
 598;     -.199;    27.059;    88.446; 
 599;     -.206;    27.059;    88.446; 
 600;     -.214;    27.058;    88.446; 
 601;     -.219;    27.058;    88.446; 
 602;     -.226;    27.057;    88.446; 
 603;     -.230;    27.057;    88.446; 
 604;     -.240;    27.056;    88.446; 
 605;     -.246;    27.055;    88.446; 
 606;     -.254;    27.054;    88.446; 
 607;     -.257;    27.053;    88.446; 
 608;     -.261;    27.052;    88.446; 
 609;     -.265;    27.051;    88.446; 
 610;     -.269;    27.050;    88.446; 
 611;     -.272;    27.049;    88.446; 
 612;     -.277;    27.048;    88.446; 
 613;     -.280;    27.046;    88.446; 
 614;     -.286;    27.044;    88.446; 
 615;     -.289;    27.043;    88.446; 
 616;     -.293;    27.041;    88.446; 
 617;     -.298;    27.039;    88.446; 
 618;     -.302;    27.037;    88.446; 
 619;     -.305;    27.035;    88.446; 
 620;     -.309;    27.033;    88.446; 
 621;     -.316;    27.029;    88.446; 
 622;     -.320;    27.026;    88.446; 
 623;     -.330;    27.020;    88.446; 
 624;     -.335;    27.017;    88.446; 
 625;     -.339;    27.014;    88.446; 
 626;     -.342;    27.012;    88.446; 
 627;     -.344;    27.010;    88.446; 
 628;     -.348;    27.007;    88.446; 
 629;     -.348;    27.007;    88.446; 
 630;     -.353;    27.003;    88.446; 
 631;     -.355;    27.001;    88.446; 
 632;     -.357;    26.998;    88.446; 
 633;     -.363;    26.992;    88.446; 
 634;     -.365;    26.990;    88.446; 
 635;     -.371;    26.983;    88.446; 
 636;     -.373;    26.981;    88.446; 
 637;     -.377;    26.975;    88.446; 
 638;     -.379;    26.972;    88.446; 
 639;     -.384;    26.966;    88.446; 
 640;     -.388;    26.960;    88.446; 
 641;     -.391;    26.955;    88.446; 
 642;     -.391;    26.955;    88.446; 
 643;     -.395;    26.948;    88.446; 
 644;     -.396;    26.945;    88.446; 
 645;     -.400;    26.939;    88.446; 
 646;     -.402;    26.935;    88.446; 
 647;     -.407;    26.924;    88.446; 
 648;     -.409;    26.920;    88.446; 
 649;     -.413;    26.910;    88.446; 
 650;     -.415;    26.906;    88.446; 
 651;     -.418;    26.899;    88.446; 
 652;     -.423;    26.886;    88.446; 
 653;     -.426;    26.881;    88.446; 
 654;     -.431;    26.867;    88.446; 
 655;     -.436;    26.857;    88.446; 
 656;     -.439;    26.850;    88.446; 
 657;     -.443;    26.839;    88.446; 
 658;     -.448;    26.827;    88.446; 
 659;     -.451;    26.821;    88.446; 
 660;     -.455;    26.810;    88.446; 
 661;     -.457;    26.804;    88.446; 
 662;     -.463;    26.790;    88.446; 
 663;     -.466;    26.783;    88.446; 
 664;     -.473;    26.766;    88.446; 
 665;     -.476;    26.759;    88.446; 
 666;     -.480;    26.749;    88.446; 
 667;     -.484;    26.740;    88.446; 
 668;     -.488;    26.729;    88.446; 
 669;     -.492;    26.720;    88.446; 
 670;     -.496;    26.712;    88.446; 
 671;     -.500;    26.701;    88.446; 
 672;     -.505;    26.689;    88.446; 
 673;     -.507;    26.683;    88.446; 
 674;     -.514;    26.668;    88.446; 
 675;     -.516;    26.663;    88.446; 
 676;     -.517;    26.659;    88.446; 
 677;     -.519;    26.653;    88.446; 
 678;     -.524;    26.641;    88.446; 
 679;     -.531;    26.624;    88.446; 
 680;     -.538;    26.608;    88.446; 
 681;     -.541;    26.600;    88.446; 
 682;     -.544;    26.592;    88.446; 
 683;     -.550;    26.579;    88.446; 
 684;     -.552;    26.574;    88.446; 
 685;     -.555;    26.566;    88.446; 
 686;     -.559;    26.557;    88.446; 
 687;     -.562;    26.549;    88.446; 
 688;     -.566;    26.540;    88.446; 
 689;     -.569;    26.530;    88.446; 
 690;     -.575;    26.516;    88.446; 
 691;     -.579;    26.505;    88.446; 
 692;     -.582;    26.498;    88.446; 
 693;     -.584;    26.494;    88.446; 
 694;     -.587;    26.486;    88.446; 
 695;     -.591;    26.473;    88.446; 
 696;     -.594;    26.465;    88.446; 
 697;     -.598;    26.454;    88.446; 
 698;     -.606;    26.435;    88.446; 
 699;     -.609;    26.428;    88.446; 
 700;     -.611;    26.421;    88.446; 
 701;     -.613;    26.416;    88.446; 
 702;     -.617;    26.407;    88.446; 
 703;     -.622;    26.394;    88.446; 
 704;     -.625;    26.385;    88.446; 
 705;     -.631;    26.370;    88.446; 
 706;     -.633;    26.365;    88.446; 
 707;     -.636;    26.356;    88.446; 
 708;     -.639;    26.348;    88.446; 
 709;     -.642;    26.338;    88.446; 
 710;     -.647;    26.326;    88.446; 
 711;     -.648;    26.322;    88.446; 
 712;     -.650;    26.316;    88.446; 
 713;     -.653;    26.305;    88.446; 
 714;     -.662;    26.283;    88.446; 
 715;     -.671;    26.261;    88.446; 
 716;     -.674;    26.254;    88.446; 
 717;     -.675;    26.250;    88.446; 
 718;     -.677;    26.245;    88.446; 
 719;     -.680;    26.238;    88.446; 
 720;     -.682;    26.231;    88.446; 
 721;     -.685;    26.222;    88.446; 
 722;     -.688;    26.213;    88.446; 
 723;     -.693;    26.201;    88.446; 
 724;     -.695;    26.192;    88.446; 
 725;     -.699;    26.183;    88.446; 
 726;     -.702;    26.172;    88.446; 
 727;     -.707;    26.159;    88.446; 
 728;     -.711;    26.147;    88.446; 
 729;     -.714;    26.138;    88.446; 
 730;     -.717;    26.129;    88.446; 
 731;     -.718;    26.126;    88.446; 
 732;     -.723;    26.112;    88.446; 
 733;     -.726;    26.103;    88.446; 
 734;     -.727;    26.098;    88.446; 
 735;     -.729;    26.091;    88.446; 
 736;     -.731;    26.084;    88.446; 
 737;     -.735;    26.072;    88.446; 
 738;     -.742;    26.048;    88.446; 
 739;     -.749;    26.031;    88.446; 
 740;     -.753;    26.020;    88.446; 
 741;     -.755;    26.014;    88.446; 
 742;     -.758;    26.006;    88.446; 
 743;     -.760;    26.000;    88.446; 
 744;     -.764;    25.988;    88.446; 
 745;     -.765;    25.985;    88.446; 
 746;     -.768;    25.974;    88.446; 
 747;     -.770;    25.970;    88.446; 
 748;     -.771;    25.964;    88.446; 
 749;     -.776;    25.947;    88.446; 
 750;     -.778;    25.940;    88.446; 
 751;     -.780;    25.933;    88.446; 
 752;     -.783;    25.922;    88.446; 
 753;     -.788;    25.904;    88.446; 
 754;     -.799;    25.874;    88.446; 
 755;     -.802;    25.865;    88.446; 
 756;     -.805;    25.859;    88.446; 
 757;     -.807;    25.852;    88.446; 
 758;     -.808;    25.850;    88.446; 
 759;     -.812;    25.837;    88.446; 
 760;     -.813;    25.833;    88.446; 
 761;     -.815;    25.826;    88.446; 
 762;     -.819;    25.814;    88.446; 
 763;     -.822;    25.802;    88.446; 
 764;     -.826;    25.791;    88.446; 
 765;     -.827;    25.785;    88.446; 
 766;     -.830;    25.776;    88.446; 
 767;     -.831;    25.772;    88.446; 
 768;     -.835;    25.757;    88.446; 
 769;     -.842;    25.735;    88.446; 
 770;     -.846;    25.723;    88.446; 
 771;     -.849;    25.715;    88.446; 
 772;     -.850;    25.711;    88.446; 
 773;     -.852;    25.704;    88.446; 
 774;     -.854;    25.698;    88.446; 
 775;     -.857;    25.688;    88.446; 
 776;     -.859;    25.679;    88.446; 
 777;     -.861;    25.671;    88.446; 
 778;     -.864;    25.660;    88.446; 
 779;     -.867;    25.647;    88.446; 
 780;     -.870;    25.636;    88.446; 
 781;     -.873;    25.627;    88.446; 
 782;     -.876;    25.616;    88.446; 
 783;     -.879;    25.606;    88.446; 
 784;     -.881;    25.597;    88.446; 
 785;     -.886;    25.582;    88.446; 
 786;     -.889;    25.572;    88.446; 
 787;     -.891;    25.564;    88.446; 
 788;     -.893;    25.555;    88.446; 
 789;     -.895;    25.548;    88.446; 
 790;     -.898;    25.539;    88.446; 
 791;     -.899;    25.534;    88.446; 
 792;     -.901;    25.524;    88.446; 
 793;     -.903;    25.514;    88.446; 
 794;     -.905;    25.507;    88.446; 
 795;     -.910;    25.487;    88.446; 
 796;     -.915;    25.469;    88.446; 
 797;     -.917;    25.462;    88.446; 
 798;     -.920;    25.451;    88.446; 
 799;     -.921;    25.448;    88.446; 
 800;     -.922;    25.443;    88.446; 
 801;     -.923;    25.439;    88.446; 
 802;     -.925;    25.429;    88.446; 
 803;     -.927;    25.419;    88.446; 
 804;     -.930;    25.403;    88.446; 
 805;     -.934;    25.389;    88.446; 
 806;     -.938;    25.374;    88.446; 
 807;     -.940;    25.363;    88.446; 
 808;     -.941;    25.360;    88.446; 
 809;     -.942;    25.354;    88.446; 
 810;     -.942;    25.351;    88.446; 
 811;     -.943;    25.345;    88.446; 
 812;     -.944;    25.337;    88.446; 
 813;     -.946;    25.328;    88.446; 
 814;     -.949;    25.308;    88.446; 
 815;     -.954;    25.286;    88.446; 
 816;     -.955;    25.279;    88.446; 
 817;     -.957;    25.269;    88.446; 
 818;     -.959;    25.262;    88.446; 
 819;     -.961;    25.251;    88.446; 
 820;     -.961;    25.250;    88.446; 
 821;     -.964;    25.234;    88.446; 
 822;     -.968;    25.215;    88.446; 
 823;     -.975;    25.190;    88.446; 
 824;     -.980;    25.176;    88.446; 
 825;     -.981;    25.171;    88.446; 
 826;     -.982;    25.168;    88.446; 
 827;     -.984;    25.161;    88.446; 
 828;     -.984;    25.160;    88.446; 
 829;     -.986;    25.148;    88.446; 
 830;     -.987;    25.144;    88.446; 
 831;     -.988;    25.137;    88.446; 
 832;     -.990;    25.127;    88.446; 
 833;     -.991;    25.120;    88.446; 
 834;     -.992;    25.110;    88.446; 
 835;     -.993;    25.105;    88.446; 
 836;     -.994;    25.098;    88.446; 
 837;     -.997;    25.078;    88.446; 
 838;    -1.001;    25.060;    88.446; 
 839;    -1.005;    25.041;    88.446; 
 840;    -1.008;    25.029;    88.446; 
 841;    -1.012;    25.013;    88.446; 
 842;    -1.016;    24.997;    88.446; 
 843;    -1.020;    24.984;    88.446; 
 844;    -1.023;    24.977;    88.446; 
 845;    -1.028;    24.961;    88.446; 
 846;    -1.037;    24.935;    88.446; 
 847;    -1.054;    24.900;    88.446; 
 848;    -1.118;    24.823;    88.446; 
 849;    -1.224;    24.769;    88.446; 
 850;    -1.266;    24.761;    88.446; 
 851;    -1.279;    24.759;    88.446; 
 852;    -1.294;    24.758;    88.446; 
 853;    -1.312;    24.756;    88.446; 
 854;    -1.336;    24.755;    88.446; 
 855;    -1.344;    24.755;    88.446; 
 856;    -1.350;    24.754;    88.446; 
 857;    -1.357;    24.754;    88.446; 
 858;    -1.371;    24.753;    88.446; 
 859;    -1.388;    24.752;    88.446; 
 860;    -1.401;    24.752;    88.446; 
 861;    -1.409;    24.752;    88.446; 
 862;    -1.417;    24.752;    88.446; 
 863;    -1.428;    24.751;    88.446; 
 864;    -1.434;    24.751;    88.446; 
 865;    -1.445;    24.750;    88.446; 
 866;    -1.454;    24.750;    88.446; 
 867;    -1.463;    24.749;    88.446; 
 868;    -1.472;    24.748;    88.446; 
 869;    -1.486;    24.748;    88.446; 
 870;    -1.495;    24.747;    88.446; 
 871;    -1.513;    24.746;    88.446; 
 872;    -1.528;    24.746;    88.446; 
 873;    -1.538;    24.746;    88.446; 
 874;    -1.544;    24.745;    88.446; 
 875;    -1.548;    24.745;    88.446; 
 876;    -1.552;    24.744;    88.446; 
 877;    -1.563;    24.743;    88.446; 
 878;    -1.575;    24.742;    88.446; 
 879;    -1.585;    24.741;    88.446; 
 880;    -1.602;    24.740;    88.446; 
 881;    -1.614;    24.739;    88.446; 
 882;    -1.634;    24.739;    88.446; 
 883;    -1.652;    24.739;    88.446; 
 884;    -1.667;    24.739;    88.446; 
 885;    -1.726;    24.748;    88.446; 
 886;    -1.839;    24.807;    88.446; 
 887;    -1.879;    24.851;    88.446; 
 888;    -1.905;    24.891;    88.446; 
 889;    -1.925;    24.935;    88.446; 
 890;    -1.933;    24.959;    88.446; 
 891;    -1.936;    24.969;    88.446; 
 892;    -1.937;    24.972;    88.446; 
 893;    -1.940;    24.980;    88.446; 
 894;    -1.942;    24.984;    88.446; 
 895;    -1.946;    24.994;    88.446; 
 896;    -1.948;    25.000;    88.446; 
 897;    -1.955;    25.018;    88.446; 
 898;    -1.963;    25.045;    88.446; 
 899;    -1.967;    25.061;    88.446; 
 900;    -1.968;    25.063;    88.446; 
 901;    -1.969;    25.069;    88.446; 
 902;    -1.970;    25.071;    88.446; 
 903;    -1.972;    25.076;    88.446; 
 904;    -1.976;    25.087;    88.446; 
 905;    -1.979;    25.094;    88.446; 
 906;    -1.985;    25.112;    88.446; 
 907;    -1.990;    25.128;    88.446; 
 908;    -1.991;    25.129;    88.446; 
 909;    -1.993;    25.136;    88.446; 
 910;    -1.998;    25.149;    88.446; 
 911;    -2.007;    25.180;    88.446; 
 912;    -2.011;    25.198;    88.446; 
 913;    -2.014;    25.209;    88.446; 
 914;    -2.015;    25.217;    88.446; 
 915;    -2.017;    25.224;    88.446; 
 916;    -2.018;    25.227;    88.446; 
 917;    -2.020;    25.231;    88.446; 
 918;    -2.021;    25.236;    88.446; 
 919;    -2.023;    25.240;    88.446; 
 920;    -2.024;    25.242;    88.446; 
 921;    -2.025;    25.245;    88.446; 
 922;    -2.030;    25.258;    88.446; 
 923;    -2.034;    25.265;    88.446; 
 924;    -2.039;    25.278;    88.446; 
 925;    -2.044;    25.290;    88.446; 
 926;    -2.049;    25.304;    88.446; 
 927;    -2.056;    25.324;    88.446; 
 928;    -2.061;    25.339;    88.446; 
 929;    -2.061;    25.339;    88.446; 
 930;    -2.065;    25.349;    88.446; 
 931;    -2.067;    25.355;    88.446; 
 932;    -2.073;    25.372;    88.446; 
 933;    -2.078;    25.387;    88.446; 
 934;    -2.080;    25.392;    88.446; 
 935;    -2.083;    25.401;    88.446; 
 936;    -2.087;    25.413;    88.446; 
 937;    -2.090;    25.421;    88.446; 
 938;    -2.092;    25.428;    88.446; 
 939;    -2.095;    25.434;    88.446; 
 940;    -2.097;    25.440;    88.446; 
 941;    -2.102;    25.453;    88.446; 
 942;    -2.108;    25.467;    88.446; 
 943;    -2.111;    25.477;    88.446; 
 944;    -2.115;    25.488;    88.446; 
 945;    -2.118;    25.496;    88.446; 
 946;    -2.122;    25.504;    88.446; 
 947;    -2.124;    25.511;    88.446; 
 948;    -2.127;    25.518;    88.446; 
 949;    -2.131;    25.528;    88.446; 
 950;    -2.137;    25.543;    88.446; 
 951;    -2.140;    25.551;    88.446; 
 952;    -2.146;    25.564;    88.446; 
 953;    -2.150;    25.575;    88.446; 
 954;    -2.152;    25.580;    88.446; 
 955;    -2.157;    25.593;    88.446; 
 956;    -2.158;    25.596;    88.446; 
 957;    -2.163;    25.607;    88.446; 
 958;    -2.166;    25.614;    88.446; 
 959;    -2.170;    25.624;    88.446; 
 960;    -2.175;    25.635;    88.446; 
 961;    -2.179;    25.647;    88.446; 
 962;    -2.183;    25.656;    88.446; 
 963;    -2.188;    25.669;    88.446; 
 964;    -2.192;    25.678;    88.446; 
 965;    -2.195;    25.686;    88.446; 
 966;    -2.200;    25.697;    88.446; 
 967;    -2.202;    25.703;    88.446; 
 968;    -2.206;    25.713;    88.446; 
 969;    -2.210;    25.722;    88.446; 
 970;    -2.214;    25.730;    88.446; 
 971;    -2.218;    25.740;    88.446; 
 972;    -2.221;    25.746;    88.446; 
 973;    -2.226;    25.757;    88.446; 
 974;    -2.229;    25.764;    88.446; 
 975;    -2.231;    25.769;    88.446; 
 976;    -2.236;    25.778;    88.446; 
 977;    -2.241;    25.790;    88.446; 
 978;    -2.243;    25.794;    88.446; 
 979;    -2.246;    25.799;    88.446; 
 980;    -2.253;    25.814;    88.446; 
 981;    -2.258;    25.824;    88.446; 
 982;    -2.266;    25.842;    88.446; 
 983;    -2.272;    25.857;    88.446; 
 984;    -2.278;    25.871;    88.446; 
 985;    -2.283;    25.884;    88.446; 
 986;    -2.287;    25.895;    88.446; 
 987;    -2.290;    25.905;    88.446; 
 988;    -2.292;    25.909;    88.446; 
 989;    -2.294;    25.914;    88.446; 
 990;    -2.295;    25.916;    88.446; 
 991;    -2.299;    25.923;    88.446; 
 992;    -2.300;    25.925;    88.446; 
 993;    -2.302;    25.929;    88.446; 
 994;    -2.315;    25.956;    88.446; 
 995;    -2.324;    25.976;    88.446; 
 996;    -2.329;    25.989;    88.446; 
 997;    -2.331;    25.994;    88.446; 
 998;    -2.333;    26.000;    88.446; 
 999;    -2.335;    26.002;    88.446; 
1000;    -2.336;    26.003;    88.446; 
1001;    -2.342;    26.015;    88.446; 
1002;    -2.347;    26.026;    88.446; 
1003;    -2.352;    26.037;    88.446; 
1004;    -2.359;    26.052;    88.446; 
1005;    -2.362;    26.058;    88.446; 
1006;    -2.364;    26.062;    88.446; 
1007;    -2.368;    26.070;    88.446; 
1008;    -2.372;    26.077;    88.446; 
1009;    -2.382;    26.098;    88.446; 
1010;    -2.388;    26.111;    88.446; 
1011;    -2.391;    26.118;    88.446; 
1012;    -2.396;    26.128;    88.446; 
1013;    -2.401;    26.138;    88.446; 
1014;    -2.406;    26.149;    88.446; 
1015;    -2.409;    26.156;    88.446; 
1016;    -2.412;    26.163;    88.446; 
1017;    -2.415;    26.170;    88.446; 
1018;    -2.420;    26.180;    88.446; 
1019;    -2.424;    26.188;    88.446; 
1020;    -2.431;    26.202;    88.446; 
1021;    -2.435;    26.211;    88.446; 
1022;    -2.439;    26.219;    88.446; 
1023;    -2.442;    26.226;    88.446; 
1024;    -2.446;    26.233;    88.446; 
1025;    -2.451;    26.241;    88.446; 
1026;    -2.455;    26.250;    88.446; 
1027;    -2.461;    26.261;    88.446; 
1028;    -2.462;    26.263;    88.446; 
1029;    -2.467;    26.273;    88.446; 
1030;    -2.473;    26.283;    88.446; 
1031;    -2.479;    26.296;    88.446; 
1032;    -2.487;    26.310;    88.446; 
1033;    -2.492;    26.320;    88.446; 
1034;    -2.496;    26.329;    88.446; 
1035;    -2.501;    26.339;    88.446; 
1036;    -2.503;    26.342;    88.446; 
1037;    -2.508;    26.352;    88.446; 
1038;    -2.513;    26.361;    88.446; 
1039;    -2.517;    26.370;    88.446; 
1040;    -2.524;    26.382;    88.446; 
1041;    -2.529;    26.392;    88.446; 
1042;    -2.535;    26.405;    88.446; 
1043;    -2.540;    26.414;    88.446; 
1044;    -2.544;    26.421;    88.446; 
1045;    -2.547;    26.428;    88.446; 
1046;    -2.549;    26.432;    88.446; 
1047;    -2.552;    26.437;    88.446; 
1048;    -2.559;    26.448;    88.446; 
1049;    -2.565;    26.458;    88.446; 
1050;    -2.571;    26.470;    88.446; 
1051;    -2.580;    26.486;    88.446; 
1052;    -2.585;    26.497;    88.446; 
1053;    -2.588;    26.502;    88.446; 
1054;    -2.593;    26.511;    88.446; 
1055;    -2.596;    26.516;    88.446; 
1056;    -2.599;    26.522;    88.446; 
1057;    -2.603;    26.528;    88.446; 
1058;    -2.607;    26.535;    88.446; 
1059;    -2.610;    26.540;    88.446; 
1060;    -2.623;    26.562;    88.446; 
1061;    -2.634;    26.584;    88.446; 
1062;    -2.640;    26.596;    88.446; 
1063;    -2.646;    26.611;    88.446; 
1064;    -2.650;    26.619;    88.446; 
1065;    -2.654;    26.627;    88.446; 
1066;    -2.656;    26.632;    88.446; 
1067;    -2.658;    26.636;    88.446; 
1068;    -2.662;    26.643;    88.446; 
1069;    -2.665;    26.648;    88.446; 
1070;    -2.668;    26.654;    88.446; 
1071;    -2.675;    26.666;    88.446; 
1072;    -2.680;    26.675;    88.446; 
1073;    -2.686;    26.687;    88.446; 
1074;    -2.690;    26.693;    88.446; 
1075;    -2.695;    26.701;    88.446; 
1076;    -2.701;    26.713;    88.446; 
1077;    -2.706;    26.721;    88.446; 
1078;    -2.711;    26.731;    88.446; 
1079;    -2.716;    26.740;    88.446; 
1080;    -2.721;    26.749;    88.446; 
1081;    -2.727;    26.760;    88.446; 
1082;    -2.732;    26.769;    88.446; 
1083;    -2.735;    26.774;    88.446; 
1084;    -2.741;    26.784;    88.446; 
1085;    -2.744;    26.790;    88.446; 
1086;    -2.749;    26.798;    88.446; 
1087;    -2.751;    26.801;    88.446; 
1088;    -2.757;    26.810;    88.446; 
1089;    -2.758;    26.811;    88.446; 
1090;    -2.761;    26.816;    88.446; 
1091;    -2.762;    26.817;    88.446; 
1092;    -2.769;    26.826;    88.446; 
1093;    -2.771;    26.828;    88.446; 
1094;    -2.777;    26.834;    88.446; 
1095;    -2.781;    26.839;    88.446; 
1096;    -2.783;    26.841;    88.446; 
1097;    -2.787;    26.845;    88.446; 
1098;    -2.792;    26.849;    88.446; 
1099;    -2.796;    26.853;    88.446; 
1100;    -2.799;    26.856;    88.446; 
1101;    -2.807;    26.863;    88.446; 
1102;    -2.807;    26.863;    88.446; 
1103;    -2.815;    26.869;    88.446; 
1104;    -2.817;    26.871;    88.446; 
1105;    -2.821;    26.873;    88.446; 
1106;    -2.826;    26.876;    88.446; 
1107;    -2.825;    26.875;    88.446; 
1108;    -2.835;    26.882;    88.446; 
1109;    -2.838;    26.883;    88.446; 
1110;    -2.841;    26.885;    88.446; 
1111;    -2.845;    26.887;    88.446; 
1112;    -2.849;    26.888;    88.446; 
1113;    -2.853;    26.890;    88.446; 
1114;    -2.855;    26.891;    88.446; 
1115;    -2.858;    26.892;    88.446; 
1116;    -2.863;    26.893;    88.446; 
1117;    -2.867;    26.894;    88.446; 
1118;    -2.875;    26.896;    88.446; 
1119;    -2.884;    26.899;    88.446; 
1120;    -2.890;    26.900;    88.446; 
1121;    -2.895;    26.901;    88.446; 
1122;    -2.902;    26.902;    88.446; 
1123;    -2.908;    26.903;    88.446; 
1124;    -2.913;    26.904;    88.446; 
1125;    -2.916;    26.904;    88.446; 
1126;    -2.922;    26.905;    88.446; 
1127;    -2.929;    26.906;    88.446; 
1128;    -2.932;    26.906;    88.446; 
1129;    -2.937;    26.906;    88.446; 
1130;    -2.938;    26.906;    88.446; 
1131;    -2.942;    26.906;    88.446; 
1132;    -2.949;    26.905;    88.446; 
1133;    -2.955;    26.905;    88.446; 
1134;    -2.961;    26.904;    88.446; 
1135;    -2.966;    26.904;    88.446; 
1136;    -2.973;    26.903;    88.446; 
1137;    -2.981;    26.902;    88.446; 
1138;    -2.991;    26.901;    88.446; 
1139;    -3.005;    26.900;    88.446; 
1140;    -3.013;    26.899;    88.446; 
1141;    -3.018;    26.898;    88.446; 
1142;    -3.023;    26.897;    88.446; 
1143;    -3.030;    26.896;    88.446; 
1144;    -3.057;    26.892;    88.446; 
1145;    -3.074;    26.891;    88.446; 
1146;    -3.085;    26.890;    88.446; 
1147;    -3.098;    26.889;    88.446; 
1148;    -3.107;    26.889;    88.446; 
1149;    -3.113;    26.888;    88.446; 
1150;    -3.118;    26.888;    88.446; 
1151;    -3.126;    26.887;    88.446; 
1152;    -3.137;    26.885;    88.446; 
1153;    -3.149;    26.884;    88.446; 
1154;    -3.160;    26.883;    88.446; 
1155;    -3.170;    26.882;    88.446; 
1156;    -3.178;    26.881;    88.446; 
1157;    -3.186;    26.880;    88.446; 
1158;    -3.196;    26.878;    88.446; 
1159;    -3.209;    26.877;    88.446; 
1160;    -3.224;    26.875;    88.446; 
1161;    -3.231;    26.874;    88.446; 
1162;    -3.234;    26.874;    88.446; 
1163;    -3.243;    26.872;    88.446; 
1164;    -3.256;    26.871;    88.446; 
1165;    -3.266;    26.869;    88.446; 
1166;    -3.277;    26.868;    88.446; 
1167;    -3.288;    26.866;    88.446; 
1168;    -3.295;    26.865;    88.446; 
1169;    -3.304;    26.864;    88.446; 
1170;    -3.318;    26.862;    88.446; 
1171;    -3.339;    26.860;    88.446; 
1172;    -3.352;    26.859;    88.446; 
1173;    -3.363;    26.858;    88.446; 
1174;    -3.374;    26.857;    88.446; 
1175;    -3.382;    26.856;    88.446; 
1176;    -3.388;    26.856;    88.446; 
1177;    -3.398;    26.854;    88.446; 
1178;    -3.404;    26.854;    88.446; 
1179;    -3.413;    26.852;    88.446; 
1180;    -3.419;    26.851;    88.446; 
1181;    -3.425;    26.850;    88.446; 
