[A]
   1;     3.884;    26.640;    88.446; 
   2;     3.872;    26.641;    88.446; 
   3;     3.864;    26.641;    88.446; 
   4;     3.858;    26.641;    88.446; 
   5;     3.852;    26.641;    88.446; 
   6;     3.849;    26.640;    88.446; 
   7;     3.846;    26.640;    88.446; 
   8;     3.841;    26.639;    88.446; 
   9;     3.838;    26.639;    88.446; 
  10;     3.834;    26.638;    88.446; 
  11;     3.831;    26.637;    88.446; 
  12;     3.827;    26.636;    88.446; 
  13;     3.826;    26.636;    88.446; 
  14;     3.823;    26.635;    88.446; 
  15;     3.821;    26.634;    88.446; 
  16;     3.819;    26.633;    88.446; 
  17;     3.810;    26.630;    88.446; 
  18;     3.801;    26.626;    88.446; 
  19;     3.798;    26.625;    88.446; 
  20;     3.788;    26.621;    88.446; 
  21;     3.783;    26.618;    88.446; 
  22;     3.775;    26.615;    88.446; 
  23;     3.774;    26.614;    88.446; 
  24;     3.766;    26.610;    88.446; 
  25;     3.766;    26.610;    88.446; 
  26;     3.762;    26.607;    88.446; 
  27;     3.762;    26.607;    88.446; 
  28;     3.757;    26.603;    88.446; 
  29;     3.755;    26.601;    88.446; 
  30;     3.752;    26.599;    88.446; 
  31;     3.747;    26.595;    88.446; 
  32;     3.740;    26.589;    88.446; 
  33;     3.738;    26.587;    88.446; 
  34;     3.732;    26.581;    88.446; 
  35;     3.729;    26.578;    88.446; 
  36;     3.725;    26.574;    88.446; 
  37;     3.725;    26.574;    88.446; 
  38;     3.720;    26.568;    88.446; 
  39;     3.717;    26.564;    88.446; 
  40;     3.713;    26.559;    88.446; 
  41;     3.710;    26.555;    88.446; 
  42;     3.707;    26.551;    88.446; 
  43;     3.702;    26.545;    88.446; 
  44;     3.701;    26.542;    88.446; 
  45;     3.695;    26.534;    88.446; 
  46;     3.691;    26.528;    88.446; 
  47;     3.685;    26.517;    88.446; 
  48;     3.680;    26.510;    88.446; 
  49;     3.675;    26.501;    88.446; 
  50;     3.670;    26.494;    88.446; 
  51;     3.666;    26.486;    88.446; 
  52;     3.660;    26.476;    88.446; 
  53;     3.655;    26.468;    88.446; 
  54;     3.649;    26.458;    88.446; 
  55;     3.645;    26.451;    88.446; 
  56;     3.641;    26.444;    88.446; 
  57;     3.633;    26.431;    88.446; 
  58;     3.624;    26.416;    88.446; 
  59;     3.618;    26.406;    88.446; 
  60;     3.612;    26.398;    88.446; 
  61;     3.609;    26.392;    88.446; 
  62;     3.603;    26.383;    88.446; 
  63;     3.599;    26.376;    88.446; 
  64;     3.591;    26.363;    88.446; 
  65;     3.586;    26.355;    88.446; 
  66;     3.581;    26.347;    88.446; 
  67;     3.575;    26.337;    88.446; 
  68;     3.571;    26.330;    88.446; 
  69;     3.567;    26.324;    88.446; 
  70;     3.561;    26.314;    88.446; 
  71;     3.557;    26.306;    88.446; 
  72;     3.550;    26.295;    88.446; 
  73;     3.544;    26.284;    88.446; 
  74;     3.537;    26.273;    88.446; 
  75;     3.532;    26.264;    88.446; 
  76;     3.527;    26.256;    88.446; 
  77;     3.521;    26.246;    88.446; 
  78;     3.517;    26.239;    88.446; 
  79;     3.512;    26.231;    88.446; 
  80;     3.508;    26.224;    88.446; 
  81;     3.500;    26.211;    88.446; 
  82;     3.497;    26.204;    88.446; 
  83;     3.488;    26.190;    88.446; 
  84;     3.485;    26.184;    88.446; 
  85;     3.479;    26.175;    88.446; 
  86;     3.473;    26.165;    88.446; 
  87;     3.470;    26.159;    88.446; 
  88;     3.465;    26.150;    88.446; 
  89;     3.460;    26.141;    88.446; 
  90;     3.453;    26.130;    88.446; 
  91;     3.449;    26.123;    88.446; 
  92;     3.444;    26.114;    88.446; 
  93;     3.440;    26.106;    88.446; 
  94;     3.434;    26.096;    88.446; 
  95;     3.430;    26.088;    88.446; 
  96;     3.427;    26.083;    88.446; 
  97;     3.422;    26.074;    88.446; 
  98;     3.414;    26.059;    88.446; 
  99;     3.408;    26.048;    88.446; 
 100;     3.398;    26.032;    88.446; 
 101;     3.396;    26.027;    88.446; 
 102;     3.392;    26.020;    88.446; 
 103;     3.389;    26.014;    88.446; 
 104;     3.384;    26.005;    88.446; 
 105;     3.379;    25.996;    88.446; 
 106;     3.374;    25.987;    88.446; 
 107;     3.370;    25.979;    88.446; 
 108;     3.367;    25.973;    88.446; 
 109;     3.359;    25.959;    88.446; 
 110;     3.355;    25.952;    88.446; 
 111;     3.344;    25.933;    88.446; 
 112;     3.341;    25.927;    88.446; 
 113;     3.336;    25.918;    88.446; 
 114;     3.333;    25.912;    88.446; 
 115;     3.327;    25.903;    88.446; 
 116;     3.323;    25.895;    88.446; 
 117;     3.320;    25.890;    88.446; 
 118;     3.315;    25.879;    88.446; 
 119;     3.309;    25.869;    88.446; 
 120;     3.302;    25.855;    88.446; 
 121;     3.296;    25.846;    88.446; 
 122;     3.291;    25.836;    88.446; 
 123;     3.288;    25.831;    88.446; 
 124;     3.284;    25.824;    88.446; 
 125;     3.280;    25.816;    88.446; 
 126;     3.278;    25.810;    88.446; 
 127;     3.273;    25.801;    88.446; 
 128;     3.266;    25.788;    88.446; 
 129;     3.262;    25.780;    88.446; 
 130;     3.260;    25.775;    88.446; 
 131;     3.252;    25.760;    88.446; 
 132;     3.249;    25.754;    88.446; 
 133;     3.243;    25.743;    88.446; 
 134;     3.241;    25.737;    88.446; 
 135;     3.234;    25.724;    88.446; 
 136;     3.225;    25.707;    88.446; 
 137;     3.220;    25.698;    88.446; 
 138;     3.216;    25.690;    88.446; 
 139;     3.212;    25.683;    88.446; 
 140;     3.208;    25.676;    88.446; 
 141;     3.204;    25.668;    88.446; 
 142;     3.200;    25.660;    88.446; 
 143;     3.196;    25.652;    88.446; 
 144;     3.192;    25.644;    88.446; 
 145;     3.189;    25.637;    88.446; 
 146;     3.183;    25.623;    88.446; 
 147;     3.179;    25.617;    88.446; 
 148;     3.175;    25.607;    88.446; 
 149;     3.169;    25.596;    88.446; 
 150;     3.165;    25.586;    88.446; 
 151;     3.161;    25.578;    88.446; 
 152;     3.156;    25.569;    88.446; 
 153;     3.153;    25.563;    88.446; 
 154;     3.147;    25.550;    88.446; 
 155;     3.144;    25.544;    88.446; 
 156;     3.141;    25.535;    88.446; 
 157;     3.137;    25.528;    88.446; 
 158;     3.135;    25.522;    88.446; 
 159;     3.132;    25.514;    88.446; 
 160;     3.126;    25.500;    88.446; 
 161;     3.116;    25.479;    88.446; 
 162;     3.108;    25.465;    88.446; 
 163;     3.104;    25.458;    88.446; 
 164;     3.103;    25.454;    88.446; 
 165;     3.101;    25.450;    88.446; 
 166;     3.100;    25.448;    88.446; 
 167;     3.098;    25.443;    88.446; 
 168;     3.089;    25.422;    88.446; 
 169;     3.082;    25.407;    88.446; 
 170;     3.071;    25.385;    88.446; 
 171;     3.068;    25.380;    88.446; 
 172;     3.062;    25.369;    88.446; 
 173;     3.059;    25.364;    88.446; 
 174;     3.057;    25.359;    88.446; 
 175;     3.053;    25.351;    88.446; 
 176;     3.051;    25.346;    88.446; 
 177;     3.047;    25.337;    88.446; 
 178;     3.043;    25.328;    88.446; 
 179;     3.039;    25.319;    88.446; 
 180;     3.034;    25.308;    88.446; 
 181;     3.032;    25.302;    88.446; 
 182;     3.029;    25.295;    88.446; 
 183;     3.023;    25.282;    88.446; 
 184;     3.020;    25.275;    88.446; 
 185;     3.013;    25.259;    88.446; 
 186;     3.010;    25.251;    88.446; 
 187;     3.008;    25.246;    88.446; 
 188;     3.004;    25.238;    88.446; 
 189;     3.001;    25.229;    88.446; 
 190;     2.998;    25.222;    88.446; 
 191;     2.995;    25.213;    88.446; 
 192;     2.988;    25.197;    88.446; 
 193;     2.981;    25.183;    88.446; 
 194;     2.974;    25.168;    88.446; 
 195;     2.971;    25.161;    88.446; 
 196;     2.969;    25.156;    88.446; 
 197;     2.969;    25.154;    88.446; 
 198;     2.966;    25.147;    88.446; 
 199;     2.966;    25.146;    88.446; 
 200;     2.962;    25.135;    88.446; 
 201;     2.960;    25.128;    88.446; 
 202;     2.957;    25.120;    88.446; 
 203;     2.947;    25.094;    88.446; 
 204;     2.940;    25.078;    88.446; 
 205;     2.935;    25.066;    88.446; 
 206;     2.934;    25.064;    88.446; 
 207;     2.929;    25.051;    88.446; 
 208;     2.924;    25.040;    88.446; 
 209;     2.919;    25.030;    88.446; 
 210;     2.918;    25.025;    88.446; 
 211;     2.915;    25.020;    88.446; 
 212;     2.908;    25.002;    88.446; 
 213;     2.905;    24.994;    88.446; 
 214;     2.902;    24.988;    88.446; 
 215;     2.900;    24.983;    88.446; 
 216;     2.898;    24.977;    88.446; 
 217;     2.897;    24.973;    88.446; 
 218;     2.891;    24.957;    88.446; 
 219;     2.884;    24.940;    88.446; 
 220;     2.877;    24.922;    88.446; 
 221;     2.874;    24.917;    88.446; 
 222;     2.873;    24.913;    88.446; 
 223;     2.871;    24.907;    88.446; 
 224;     2.869;    24.903;    88.446; 
 225;     2.866;    24.893;    88.446; 
 226;     2.863;    24.883;    88.446; 
 227;     2.859;    24.873;    88.446; 
 228;     2.855;    24.861;    88.446; 
 229;     2.852;    24.852;    88.446; 
 230;     2.849;    24.843;    88.446; 
 231;     2.846;    24.834;    88.446; 
 232;     2.843;    24.825;    88.446; 
 233;     2.838;    24.811;    88.446; 
 234;     2.831;    24.794;    88.446; 
 235;     2.829;    24.787;    88.446; 
 236;     2.824;    24.774;    88.446; 
 237;     2.820;    24.764;    88.446; 
 238;     2.812;    24.744;    88.446; 
 239;     2.809;    24.736;    88.446; 
 240;     2.805;    24.727;    88.446; 
 241;     2.803;    24.722;    88.446; 
 242;     2.795;    24.705;    88.446; 
 243;     2.785;    24.684;    88.446; 
 244;     2.768;    24.655;    88.446; 
 245;     2.754;    24.634;    88.446; 
 246;     2.716;    24.592;    88.446; 
 247;     2.598;    24.529;    88.446; 
 248;     2.522;    24.520;    88.446; 
 249;     2.484;    24.524;    88.446; 
 250;     2.475;    24.525;    88.446; 
 251;     2.469;    24.525;    88.446; 
 252;     2.461;    24.526;    88.446; 
 253;     2.449;    24.527;    88.446; 
 254;     2.441;    24.527;    88.446; 
 255;     2.431;    24.528;    88.446; 
 256;     2.412;    24.530;    88.446; 
 257;     2.397;    24.532;    88.446; 
 258;     2.388;    24.533;    88.446; 
 259;     2.380;    24.534;    88.446; 
 260;     2.375;    24.534;    88.446; 
 261;     2.362;    24.536;    88.446; 
 262;     2.349;    24.537;    88.446; 
 263;     2.335;    24.539;    88.446; 
 264;     2.327;    24.540;    88.446; 
 265;     2.317;    24.541;    88.446; 
 266;     2.310;    24.542;    88.446; 
 267;     2.302;    24.543;    88.446; 
 268;     2.292;    24.544;    88.446; 
 269;     2.284;    24.544;    88.446; 
 270;     2.277;    24.545;    88.446; 
 271;     2.264;    24.546;    88.446; 
 272;     2.252;    24.547;    88.446; 
 273;     2.241;    24.548;    88.446; 
 274;     2.235;    24.548;    88.446; 
 275;     2.226;    24.549;    88.446; 
 276;     2.209;    24.550;    88.446; 
 277;     2.185;    24.553;    88.446; 
 278;     2.172;    24.555;    88.446; 
 279;     2.163;    24.556;    88.446; 
 280;     2.153;    24.558;    88.446; 
 281;     2.141;    24.560;    88.446; 
 282;     2.131;    24.561;    88.446; 
 283;     2.075;    24.577;    88.446; 
 284;     1.991;    24.627;    88.446; 
 285;     1.934;    24.697;    88.446; 
 286;     1.905;    24.766;    88.446; 
 287;     1.898;    24.793;    88.446; 
 288;     1.896;    24.806;    88.446; 
 289;     1.894;    24.811;    88.446; 
 290;     1.893;    24.818;    88.446; 
 291;     1.893;    24.817;    88.446; 
 292;     1.891;    24.824;    88.446; 
 293;     1.884;    24.851;    88.446; 
 294;     1.877;    24.902;    88.446; 
 295;     1.877;    24.909;    88.446; 
 296;     1.876;    24.917;    88.446; 
 297;     1.876;    24.918;    88.446; 
 298;     1.875;    24.925;    88.446; 
 299;     1.874;    24.929;    88.446; 
 300;     1.873;    24.933;    88.446; 
 301;     1.871;    24.942;    88.446; 
 302;     1.868;    24.962;    88.446; 
 303;     1.865;    24.986;    88.446; 
 304;     1.863;    25.000;    88.446; 
 305;     1.863;    25.005;    88.446; 
 306;     1.862;    25.012;    88.446; 
 307;     1.861;    25.018;    88.446; 
 308;     1.859;    25.029;    88.446; 
 309;     1.858;    25.034;    88.446; 
 310;     1.857;    25.044;    88.446; 
 311;     1.856;    25.048;    88.446; 
 312;     1.854;    25.056;    88.446; 
 313;     1.851;    25.070;    88.446; 
 314;     1.849;    25.083;    88.446; 
 315;     1.847;    25.098;    88.446; 
 316;     1.845;    25.107;    88.446; 
 317;     1.844;    25.110;    88.446; 
 318;     1.842;    25.121;    88.446; 
 319;     1.840;    25.130;    88.446; 
 320;     1.836;    25.155;    88.446; 
 321;     1.836;    25.156;    88.446; 
 322;     1.834;    25.167;    88.446; 
 323;     1.833;    25.171;    88.446; 
 324;     1.831;    25.181;    88.446; 
 325;     1.829;    25.192;    88.446; 
 326;     1.827;    25.202;    88.446; 
 327;     1.824;    25.217;    88.446; 
 328;     1.822;    25.228;    88.446; 
 329;     1.820;    25.235;    88.446; 
 330;     1.818;    25.246;    88.446; 
 331;     1.816;    25.257;    88.446; 
 332;     1.814;    25.267;    88.446; 
 333;     1.812;    25.280;    88.446; 
 334;     1.810;    25.287;    88.446; 
 335;     1.809;    25.293;    88.446; 
 336;     1.807;    25.304;    88.446; 
 337;     1.804;    25.320;    88.446; 
 338;     1.802;    25.326;    88.446; 
 339;     1.800;    25.335;    88.446; 
 340;     1.799;    25.341;    88.446; 
 341;     1.797;    25.348;    88.446; 
 342;     1.794;    25.364;    88.446; 
 343;     1.790;    25.380;    88.446; 
 344;     1.789;    25.386;    88.446; 
 345;     1.787;    25.395;    88.446; 
 346;     1.785;    25.404;    88.446; 
 347;     1.782;    25.416;    88.446; 
 348;     1.780;    25.426;    88.446; 
 349;     1.778;    25.433;    88.446; 
 350;     1.776;    25.441;    88.446; 
 351;     1.773;    25.453;    88.446; 
 352;     1.771;    25.462;    88.446; 
 353;     1.768;    25.474;    88.446; 
 354;     1.766;    25.484;    88.446; 
 355;     1.763;    25.496;    88.446; 
 356;     1.761;    25.505;    88.446; 
 357;     1.758;    25.517;    88.446; 
 358;     1.757;    25.523;    88.446; 
 359;     1.754;    25.531;    88.446; 
 360;     1.751;    25.543;    88.446; 
 361;     1.749;    25.553;    88.446; 
 362;     1.746;    25.562;    88.446; 
 363;     1.745;    25.568;    88.446; 
 364;     1.742;    25.576;    88.446; 
 365;     1.740;    25.585;    88.446; 
 366;     1.737;    25.597;    88.446; 
 367;     1.733;    25.611;    88.446; 
 368;     1.729;    25.625;    88.446; 
 369;     1.728;    25.630;    88.446; 
 370;     1.727;    25.633;    88.446; 
 371;     1.723;    25.645;    88.446; 
 372;     1.722;    25.649;    88.446; 
 373;     1.716;    25.671;    88.446; 
 374;     1.713;    25.684;    88.446; 
 375;     1.710;    25.694;    88.446; 
 376;     1.708;    25.702;    88.446; 
 377;     1.704;    25.715;    88.446; 
 378;     1.702;    25.724;    88.446; 
 379;     1.698;    25.739;    88.446; 
 380;     1.696;    25.746;    88.446; 
 381;     1.695;    25.752;    88.446; 
 382;     1.692;    25.762;    88.446; 
 383;     1.689;    25.771;    88.446; 
 384;     1.685;    25.787;    88.446; 
 385;     1.683;    25.797;    88.446; 
 386;     1.680;    25.806;    88.446; 
 387;     1.679;    25.810;    88.446; 
 388;     1.678;    25.813;    88.446; 
 389;     1.678;    25.813;    88.446; 
 390;     1.674;    25.823;    88.446; 
 391;     1.669;    25.836;    88.446; 
 392;     1.662;    25.861;    88.446; 
 393;     1.660;    25.867;    88.446; 
 394;     1.657;    25.876;    88.446; 
 395;     1.654;    25.885;    88.446; 
 396;     1.648;    25.909;    88.446; 
 397;     1.646;    25.919;    88.446; 
 398;     1.643;    25.933;    88.446; 
 399;     1.640;    25.942;    88.446; 
 400;     1.639;    25.947;    88.446; 
 401;     1.638;    25.952;    88.446; 
 402;     1.636;    25.959;    88.446; 
 403;     1.633;    25.969;    88.446; 
 404;     1.631;    25.974;    88.446; 
 405;     1.627;    25.985;    88.446; 
 406;     1.625;    25.991;    88.446; 
 407;     1.621;    26.004;    88.446; 
 408;     1.617;    26.016;    88.446; 
 409;     1.614;    26.028;    88.446; 
 410;     1.610;    26.039;    88.446; 
 411;     1.608;    26.048;    88.446; 
 412;     1.605;    26.056;    88.446; 
 413;     1.603;    26.063;    88.446; 
 414;     1.599;    26.074;    88.446; 
 415;     1.597;    26.082;    88.446; 
 416;     1.592;    26.096;    88.446; 
 417;     1.587;    26.112;    88.446; 
 418;     1.585;    26.121;    88.446; 
 419;     1.581;    26.133;    88.446; 
 420;     1.578;    26.144;    88.446; 
 421;     1.576;    26.150;    88.446; 
 422;     1.574;    26.155;    88.446; 
 423;     1.571;    26.166;    88.446; 
 424;     1.568;    26.174;    88.446; 
 425;     1.564;    26.187;    88.446; 
 426;     1.560;    26.198;    88.446; 
 427;     1.556;    26.210;    88.446; 
 428;     1.553;    26.220;    88.446; 
 429;     1.550;    26.229;    88.446; 
 430;     1.547;    26.238;    88.446; 
 431;     1.544;    26.246;    88.446; 
 432;     1.541;    26.257;    88.446; 
 433;     1.539;    26.263;    88.446; 
 434;     1.534;    26.276;    88.446; 
 435;     1.530;    26.289;    88.446; 
 436;     1.526;    26.301;    88.446; 
 437;     1.523;    26.310;    88.446; 
 438;     1.522;    26.313;    88.446; 
 439;     1.518;    26.324;    88.446; 
 440;     1.514;    26.336;    88.446; 
 441;     1.511;    26.345;    88.446; 
 442;     1.507;    26.356;    88.446; 
 443;     1.504;    26.366;    88.446; 
 444;     1.501;    26.374;    88.446; 
 445;     1.497;    26.386;    88.446; 
 446;     1.494;    26.397;    88.446; 
 447;     1.491;    26.406;    88.446; 
 448;     1.487;    26.415;    88.446; 
 449;     1.484;    26.425;    88.446; 
 450;     1.481;    26.433;    88.446; 
 451;     1.479;    26.439;    88.446; 
 452;     1.474;    26.453;    88.446; 
 453;     1.472;    26.459;    88.446; 
 454;     1.467;    26.473;    88.446; 
 455;     1.463;    26.484;    88.446; 
 456;     1.459;    26.494;    88.446; 
 457;     1.456;    26.504;    88.446; 
 458;     1.452;    26.515;    88.446; 
 459;     1.448;    26.528;    88.446; 
 460;     1.445;    26.535;    88.446; 
 461;     1.442;    26.545;    88.446; 
 462;     1.440;    26.549;    88.446; 
 463;     1.438;    26.555;    88.446; 
 464;     1.435;    26.561;    88.446; 
 465;     1.430;    26.573;    88.446; 
 466;     1.427;    26.581;    88.446; 
 467;     1.423;    26.592;    88.446; 
 468;     1.418;    26.604;    88.446; 
 469;     1.413;    26.617;    88.446; 
 470;     1.407;    26.636;    88.446; 
 471;     1.403;    26.648;    88.446; 
 472;     1.401;    26.652;    88.446; 
 473;     1.398;    26.660;    88.446; 
 474;     1.395;    26.669;    88.446; 
 475;     1.391;    26.680;    88.446; 
 476;     1.387;    26.690;    88.446; 
 477;     1.385;    26.695;    88.446; 
 478;     1.380;    26.708;    88.446; 
 479;     1.376;    26.721;    88.446; 
 480;     1.372;    26.731;    88.446; 
 481;     1.369;    26.739;    88.446; 
 482;     1.366;    26.746;    88.446; 
 483;     1.364;    26.752;    88.446; 
 484;     1.361;    26.758;    88.446; 
 485;     1.360;    26.759;    88.446; 
 486;     1.355;    26.770;    88.446; 
 487;     1.352;    26.777;    88.446; 
 488;     1.347;    26.786;    88.446; 
 489;     1.348;    26.785;    88.446; 
 490;     1.345;    26.790;    88.446; 
 491;     1.342;    26.794;    88.446; 
 492;     1.342;    26.794;    88.446; 
 493;     1.338;    26.800;    88.446; 
 494;     1.334;    26.805;    88.446; 
 495;     1.329;    26.812;    88.446; 
 496;     1.326;    26.817;    88.446; 
 497;     1.321;    26.823;    88.446; 
 498;     1.319;    26.826;    88.446; 
 499;     1.316;    26.828;    88.446; 
 500;     1.310;    26.835;    88.446; 
 501;     1.309;    26.836;    88.446; 
 502;     1.303;    26.843;    88.446; 
 503;     1.301;    26.844;    88.446; 
 504;     1.297;    26.848;    88.446; 
 505;     1.291;    26.854;    88.446; 
 506;     1.289;    26.854;    88.446; 
 507;     1.283;    26.860;    88.446; 
 508;     1.284;    26.859;    88.446; 
 509;     1.279;    26.862;    88.446; 
 510;     1.275;    26.864;    88.446; 
 511;     1.273;    26.866;    88.446; 
 512;     1.270;    26.867;    88.446; 
 513;     1.268;    26.868;    88.446; 
 514;     1.261;    26.871;    88.446; 
 515;     1.257;    26.873;    88.446; 
 516;     1.254;    26.874;    88.446; 
 517;     1.252;    26.875;    88.446; 
 518;     1.249;    26.876;    88.446; 
 519;     1.243;    26.877;    88.446; 
 520;     1.237;    26.879;    88.446; 
 521;     1.228;    26.882;    88.446; 
 522;     1.223;    26.883;    88.446; 
 523;     1.214;    26.885;    88.446; 
 524;     1.206;    26.887;    88.446; 
 525;     1.198;    26.889;    88.446; 
 526;     1.193;    26.890;    88.446; 
 527;     1.186;    26.891;    88.446; 
 528;     1.184;    26.891;    88.446; 
 529;     1.183;    26.891;    88.446; 
 530;     1.176;    26.891;    88.446; 
 531;     1.172;    26.891;    88.446; 
 532;     1.164;    26.892;    88.446; 
 533;     1.153;    26.892;    88.446; 
 534;     1.149;    26.892;    88.446; 
 535;     1.135;    26.893;    88.446; 
 536;     1.122;    26.893;    88.446; 
 537;     1.112;    26.894;    88.446; 
 538;     1.101;    26.894;    88.446; 
 539;     1.091;    26.895;    88.446; 
 540;     1.078;    26.895;    88.446; 
 541;     1.068;    26.896;    88.446; 
 542;     1.054;    26.897;    88.446; 
 543;     1.044;    26.897;    88.446; 
 544;     1.039;    26.897;    88.446; 
 545;     1.032;    26.898;    88.446; 
 546;     1.024;    26.898;    88.446; 
 547;     1.016;    26.898;    88.446; 
 548;     1.008;    26.898;    88.446; 
 549;      .996;    26.898;    88.446; 
 550;      .976;    26.898;    88.446; 
 551;      .955;    26.900;    88.446; 
 552;      .949;    26.900;    88.446; 
 553;      .943;    26.900;    88.446; 
 554;      .937;    26.900;    88.446; 
 555;      .930;    26.900;    88.446; 
 556;      .917;    26.900;    88.446; 
 557;      .905;    26.901;    88.446; 
 558;      .895;    26.901;    88.446; 
 559;      .880;    26.901;    88.446; 
 560;      .869;    26.902;    88.446; 
 561;      .856;    26.902;    88.446; 
 562;      .844;    26.903;    88.446; 
 563;      .838;    26.903;    88.446; 
 564;      .829;    26.903;    88.446; 
 565;      .819;    26.904;    88.446; 
 566;      .808;    26.904;    88.446; 
 567;      .798;    26.904;    88.446; 
 568;      .784;    26.905;    88.446; 
 569;      .774;    26.905;    88.446; 
 570;      .764;    26.905;    88.446; 
 571;      .753;    26.906;    88.446; 
 572;      .740;    26.906;    88.446; 
 573;      .730;    26.907;    88.446; 
 574;      .721;    26.907;    88.446; 
 575;      .714;    26.907;    88.446; 
 576;      .705;    26.907;    88.446; 
 577;      .698;    26.907;    88.446; 
 578;      .694;    26.907;    88.446; 
 579;      .690;    26.907;    88.446; 
 580;      .676;    26.906;    88.446; 
 581;      .659;    26.906;    88.446; 
 582;      .649;    26.906;    88.446; 
 583;      .645;    26.905;    88.446; 
 584;      .641;    26.905;    88.446; 
 585;      .634;    26.904;    88.446; 
 586;      .627;    26.903;    88.446; 
 587;      .620;    26.903;    88.446; 
 588;      .610;    26.901;    88.446; 
 589;      .602;    26.900;    88.446; 
 590;      .597;    26.900;    88.446; 
 591;      .593;    26.899;    88.446; 
 592;      .591;    26.898;    88.446; 
 593;      .588;    26.897;    88.446; 
 594;      .586;    26.897;    88.446; 
 595;      .584;    26.896;    88.446; 
 596;      .581;    26.895;    88.446; 
 597;      .582;    26.895;    88.446; 
 598;      .579;    26.893;    88.446; 
 599;      .578;    26.892;    88.446; 
 600;      .577;    26.892;    88.446; 
 601;      .572;    26.889;    88.446; 
 602;      .566;    26.885;    88.446; 
 603;      .557;    26.880;    88.446; 
 604;      .548;    26.875;    88.446; 
 605;      .541;    26.871;    88.446; 
 606;      .531;    26.864;    88.446; 
 607;      .524;    26.860;    88.446; 
 608;      .519;    26.857;    88.446; 
 609;      .516;    26.855;    88.446; 
 610;      .513;    26.852;    88.446; 
 611;      .513;    26.852;    88.446; 
 612;      .509;    26.849;    88.446; 
 613;      .511;    26.850;    88.446; 
 614;      .510;    26.848;    88.446; 
 615;      .508;    26.846;    88.446; 
 616;      .504;    26.842;    88.446; 
 617;      .498;    26.835;    88.446; 
 618;      .496;    26.833;    88.446; 
 619;      .492;    26.827;    88.446; 
 620;      .486;    26.820;    88.446; 
 621;      .481;    26.813;    88.446; 
 622;      .480;    26.812;    88.446; 
 623;      .478;    26.809;    88.446; 
 624;      .470;    26.797;    88.446; 
 625;      .465;    26.789;    88.446; 
 626;      .465;    26.789;    88.446; 
 627;      .459;    26.779;    88.446; 
 628;      .456;    26.774;    88.446; 
 629;      .454;    26.770;    88.446; 
 630;      .449;    26.762;    88.446; 
 631;      .448;    26.759;    88.446; 
 632;      .446;    26.754;    88.446; 
 633;      .445;    26.752;    88.446; 
 634;      .443;    26.746;    88.446; 
 635;      .442;    26.744;    88.446; 
 636;      .434;    26.725;    88.446; 
 637;      .426;    26.707;    88.446; 
 638;      .419;    26.692;    88.446; 
 639;      .417;    26.687;    88.446; 
 640;      .414;    26.680;    88.446; 
 641;      .410;    26.671;    88.446; 
 642;      .407;    26.666;    88.446; 
 643;      .403;    26.655;    88.446; 
 644;      .402;    26.652;    88.446; 
 645;      .398;    26.642;    88.446; 
 646;      .392;    26.629;    88.446; 
 647;      .390;    26.622;    88.446; 
 648;      .384;    26.609;    88.446; 
 649;      .377;    26.593;    88.446; 
 650;      .373;    26.584;    88.446; 
 651;      .366;    26.569;    88.446; 
 652;      .359;    26.555;    88.446; 
 653;      .351;    26.540;    88.446; 
 654;      .348;    26.534;    88.446; 
 655;      .347;    26.532;    88.446; 
 656;      .342;    26.521;    88.446; 
 657;      .341;    26.520;    88.446; 
 658;      .336;    26.508;    88.446; 
 659;      .333;    26.500;    88.446; 
 660;      .328;    26.490;    88.446; 
 661;      .325;    26.483;    88.446; 
 662;      .318;    26.467;    88.446; 
 663;      .316;    26.462;    88.446; 
 664;      .313;    26.456;    88.446; 
 665;      .311;    26.449;    88.446; 
 666;      .307;    26.440;    88.446; 
 667;      .301;    26.425;    88.446; 
 668;      .294;    26.410;    88.446; 
 669;      .289;    26.398;    88.446; 
 670;      .286;    26.392;    88.446; 
 671;      .285;    26.389;    88.446; 
 672;      .280;    26.377;    88.446; 
 673;      .277;    26.371;    88.446; 
 674;      .273;    26.360;    88.446; 
 675;      .270;    26.351;    88.446; 
 676;      .268;    26.347;    88.446; 
 677;      .263;    26.334;    88.446; 
 678;      .255;    26.315;    88.446; 
 679;      .249;    26.303;    88.446; 
 680;      .245;    26.294;    88.446; 
 681;      .240;    26.283;    88.446; 
 682;      .238;    26.279;    88.446; 
 683;      .236;    26.274;    88.446; 
 684;      .233;    26.266;    88.446; 
 685;      .230;    26.258;    88.446; 
 686;      .226;    26.249;    88.446; 
 687;      .223;    26.241;    88.446; 
 688;      .220;    26.232;    88.446; 
 689;      .217;    26.225;    88.446; 
 690;      .210;    26.207;    88.446; 
 691;      .205;    26.194;    88.446; 
 692;      .200;    26.184;    88.446; 
 693;      .198;    26.178;    88.446; 
 694;      .195;    26.170;    88.446; 
 695;      .191;    26.160;    88.446; 
 696;      .188;    26.152;    88.446; 
 697;      .181;    26.135;    88.446; 
 698;      .177;    26.126;    88.446; 
 699;      .172;    26.114;    88.446; 
 700;      .170;    26.109;    88.446; 
 701;      .167;    26.101;    88.446; 
 702;      .163;    26.090;    88.446; 
 703;      .160;    26.082;    88.446; 
 704;      .157;    26.074;    88.446; 
 705;      .152;    26.061;    88.446; 
 706;      .149;    26.054;    88.446; 
 707;      .146;    26.045;    88.446; 
 708;      .142;    26.034;    88.446; 
 709;      .137;    26.022;    88.446; 
 710;      .135;    26.015;    88.446; 
 711;      .131;    26.004;    88.446; 
 712;      .128;    25.995;    88.446; 
 713;      .125;    25.989;    88.446; 
 714;      .123;    25.981;    88.446; 
 715;      .118;    25.968;    88.446; 
 716;      .112;    25.950;    88.446; 
 717;      .105;    25.933;    88.446; 
 718;      .100;    25.922;    88.446; 
 719;      .099;    25.919;    88.446; 
 720;      .097;    25.913;    88.446; 
 721;      .093;    25.902;    88.446; 
 722;      .091;    25.896;    88.446; 
 723;      .086;    25.883;    88.446; 
 724;      .082;    25.873;    88.446; 
 725;      .080;    25.867;    88.446; 
 726;      .075;    25.854;    88.446; 
 727;      .072;    25.846;    88.446; 
 728;      .070;    25.839;    88.446; 
 729;      .067;    25.833;    88.446; 
 730;      .064;    25.822;    88.446; 
 731;      .061;    25.813;    88.446; 
 732;      .056;    25.799;    88.446; 
 733;      .051;    25.785;    88.446; 
 734;      .047;    25.774;    88.446; 
 735;      .043;    25.764;    88.446; 
 736;      .042;    25.759;    88.446; 
 737;      .037;    25.747;    88.446; 
 738;      .035;    25.741;    88.446; 
 739;      .032;    25.732;    88.446; 
 740;      .027;    25.719;    88.446; 
 741;      .024;    25.710;    88.446; 
 742;      .020;    25.697;    88.446; 
 743;      .018;    25.692;    88.446; 
 744;      .014;    25.681;    88.446; 
 745;      .012;    25.673;    88.446; 
 746;      .010;    25.667;    88.446; 
 747;      .007;    25.656;    88.446; 
 748;      .003;    25.646;    88.446; 
 749;     -.002;    25.631;    88.446; 
 750;     -.005;    25.621;    88.446; 
 751;     -.008;    25.613;    88.446; 
 752;     -.010;    25.605;    88.446; 
 753;     -.012;    25.598;    88.446; 
 754;     -.017;    25.582;    88.446; 
 755;     -.020;    25.574;    88.446; 
 756;     -.021;    25.568;    88.446; 
 757;     -.023;    25.561;    88.446; 
 758;     -.027;    25.549;    88.446; 
 759;     -.029;    25.540;    88.446; 
 760;     -.033;    25.526;    88.446; 
 761;     -.039;    25.509;    88.446; 
 762;     -.041;    25.501;    88.446; 
 763;     -.043;    25.495;    88.446; 
 764;     -.046;    25.487;    88.446; 
 765;     -.049;    25.474;    88.446; 
 766;     -.053;    25.464;    88.446; 
 767;     -.055;    25.455;    88.446; 
 768;     -.059;    25.442;    88.446; 
 769;     -.062;    25.434;    88.446; 
 770;     -.066;    25.422;    88.446; 
 771;     -.068;    25.414;    88.446; 
 772;     -.070;    25.405;    88.446; 
 773;     -.073;    25.397;    88.446; 
 774;     -.074;    25.392;    88.446; 
 775;     -.075;    25.387;    88.446; 
 776;     -.078;    25.375;    88.446; 
 777;     -.080;    25.368;    88.446; 
 778;     -.085;    25.349;    88.446; 
 779;     -.088;    25.336;    88.446; 
 780;     -.092;    25.323;    88.446; 
 781;     -.095;    25.312;    88.446; 
 782;     -.099;    25.301;    88.446; 
 783;     -.103;    25.289;    88.446; 
 784;     -.105;    25.280;    88.446; 
 785;     -.107;    25.275;    88.446; 
 786;     -.110;    25.264;    88.446; 
 787;     -.113;    25.254;    88.446; 
 788;     -.114;    25.247;    88.446; 
 789;     -.118;    25.233;    88.446; 
 790;     -.122;    25.220;    88.446; 
 791;     -.126;    25.208;    88.446; 
 792;     -.129;    25.199;    88.446; 
 793;     -.130;    25.194;    88.446; 
 794;     -.132;    25.186;    88.446; 
 795;     -.133;    25.181;    88.446; 
 796;     -.136;    25.169;    88.446; 
 797;     -.138;    25.161;    88.446; 
 798;     -.141;    25.150;    88.446; 
 799;     -.143;    25.141;    88.446; 
 800;     -.144;    25.136;    88.446; 
 801;     -.145;    25.129;    88.446; 
 802;     -.145;    25.127;    88.446; 
 803;     -.148;    25.112;    88.446; 
 804;     -.150;    25.101;    88.446; 
 805;     -.153;    25.085;    88.446; 
 806;     -.158;    25.066;    88.446; 
 807;     -.161;    25.053;    88.446; 
 808;     -.164;    25.041;    88.446; 
 809;     -.167;    25.030;    88.446; 
 810;     -.170;    25.020;    88.446; 
 811;     -.173;    25.007;    88.446; 
 812;     -.174;    25.005;    88.446; 
 813;     -.175;    25.001;    88.446; 
 814;     -.177;    24.991;    88.446; 
 815;     -.180;    24.978;    88.446; 
 816;     -.182;    24.970;    88.446; 
 817;     -.182;    24.968;    88.446; 
 818;     -.183;    24.963;    88.446; 
 819;     -.183;    24.960;    88.446; 
 820;     -.187;    24.938;    88.446; 
 821;     -.193;    24.910;    88.446; 
 822;     -.198;    24.893;    88.446; 
 823;     -.203;    24.876;    88.446; 
 824;     -.209;    24.859;    88.446; 
 825;     -.219;    24.834;    88.446; 
 826;     -.224;    24.823;    88.446; 
 827;     -.227;    24.816;    88.446; 
 828;     -.236;    24.797;    88.446; 
 829;     -.245;    24.778;    88.446; 
 830;     -.285;    24.722;    88.446; 
 831;     -.402;    24.648;    88.446; 
 832;     -.462;    24.636;    88.446; 
 833;     -.497;    24.634;    88.446; 
 834;     -.509;    24.634;    88.446; 
 835;     -.522;    24.634;    88.446; 
 836;     -.532;    24.634;    88.446; 
 837;     -.541;    24.634;    88.446; 
 838;     -.551;    24.633;    88.446; 
 839;     -.560;    24.633;    88.446; 
 840;     -.567;    24.633;    88.446; 
 841;     -.575;    24.633;    88.446; 
 842;     -.587;    24.632;    88.446; 
 843;     -.597;    24.632;    88.446; 
 844;     -.609;    24.631;    88.446; 
 845;     -.616;    24.631;    88.446; 
 846;     -.626;    24.631;    88.446; 
 847;     -.642;    24.630;    88.446; 
 848;     -.656;    24.630;    88.446; 
 849;     -.669;    24.630;    88.446; 
 850;     -.676;    24.630;    88.446; 
 851;     -.689;    24.629;    88.446; 
 852;     -.700;    24.629;    88.446; 
 853;     -.710;    24.629;    88.446; 
 854;     -.718;    24.629;    88.446; 
 855;     -.726;    24.629;    88.446; 
 856;     -.732;    24.629;    88.446; 
 857;     -.736;    24.629;    88.446; 
 858;     -.740;    24.628;    88.446; 
 859;     -.757;    24.627;    88.446; 
 860;     -.782;    24.626;    88.446; 
 861;     -.801;    24.627;    88.446; 
 862;     -.804;    24.626;    88.446; 
 863;     -.812;    24.626;    88.446; 
 864;     -.823;    24.626;    88.446; 
 865;     -.834;    24.626;    88.446; 
 866;     -.856;    24.627;    88.446; 
 867;     -.918;    24.637;    88.446; 
 868;    -1.004;    24.677;    88.446; 
 869;    -1.075;    24.749;    88.446; 
 870;    -1.109;    24.818;    88.446; 
 871;    -1.114;    24.835;    88.446; 
 872;    -1.118;    24.846;    88.446; 
 873;    -1.121;    24.856;    88.446; 
 874;    -1.122;    24.859;    88.446; 
 875;    -1.126;    24.868;    88.446; 
 876;    -1.129;    24.879;    88.446; 
 877;    -1.135;    24.896;    88.446; 
 878;    -1.139;    24.910;    88.446; 
 879;    -1.144;    24.926;    88.446; 
 880;    -1.145;    24.930;    88.446; 
 881;    -1.148;    24.940;    88.446; 
 882;    -1.150;    24.946;    88.446; 
 883;    -1.153;    24.957;    88.446; 
 884;    -1.159;    24.979;    88.446; 
 885;    -1.164;    24.997;    88.446; 
 886;    -1.165;    25.002;    88.446; 
 887;    -1.166;    25.007;    88.446; 
 888;    -1.168;    25.012;    88.446; 
 889;    -1.170;    25.018;    88.446; 
 890;    -1.171;    25.022;    88.446; 
 891;    -1.175;    25.033;    88.446; 
 892;    -1.179;    25.045;    88.446; 
 893;    -1.185;    25.064;    88.446; 
 894;    -1.187;    25.074;    88.446; 
 895;    -1.189;    25.080;    88.446; 
 896;    -1.193;    25.092;    88.446; 
 897;    -1.194;    25.096;    88.446; 
 898;    -1.197;    25.105;    88.446; 
 899;    -1.200;    25.112;    88.446; 
 900;    -1.204;    25.123;    88.446; 
 901;    -1.209;    25.139;    88.446; 
 902;    -1.213;    25.153;    88.446; 
 903;    -1.216;    25.163;    88.446; 
 904;    -1.219;    25.172;    88.446; 
 905;    -1.223;    25.187;    88.446; 
 906;    -1.226;    25.200;    88.446; 
 907;    -1.227;    25.204;    88.446; 
 908;    -1.229;    25.207;    88.446; 
 909;    -1.230;    25.211;    88.446; 
 910;    -1.235;    25.224;    88.446; 
 911;    -1.239;    25.239;    88.446; 
 912;    -1.243;    25.250;    88.446; 
 913;    -1.246;    25.260;    88.446; 
 914;    -1.247;    25.263;    88.446; 
 915;    -1.249;    25.267;    88.446; 
 916;    -1.252;    25.275;    88.446; 
 917;    -1.255;    25.284;    88.446; 
 918;    -1.260;    25.297;    88.446; 
 919;    -1.265;    25.308;    88.446; 
 920;    -1.268;    25.318;    88.446; 
 921;    -1.275;    25.337;    88.446; 
 922;    -1.276;    25.341;    88.446; 
 923;    -1.281;    25.355;    88.446; 
 924;    -1.281;    25.356;    88.446; 
 925;    -1.283;    25.361;    88.446; 
 926;    -1.288;    25.374;    88.446; 
 927;    -1.297;    25.400;    88.446; 
 928;    -1.300;    25.409;    88.446; 
 929;    -1.302;    25.414;    88.446; 
 930;    -1.304;    25.420;    88.446; 
 931;    -1.308;    25.430;    88.446; 
 932;    -1.311;    25.439;    88.446; 
 933;    -1.314;    25.447;    88.446; 
 934;    -1.317;    25.456;    88.446; 
 935;    -1.320;    25.463;    88.446; 
 936;    -1.325;    25.475;    88.446; 
 937;    -1.330;    25.488;    88.446; 
 938;    -1.333;    25.498;    88.446; 
 939;    -1.336;    25.505;    88.446; 
 940;    -1.339;    25.512;    88.446; 
 941;    -1.343;    25.524;    88.446; 
 942;    -1.346;    25.531;    88.446; 
 943;    -1.351;    25.543;    88.446; 
 944;    -1.355;    25.554;    88.446; 
 945;    -1.360;    25.565;    88.446; 
 946;    -1.363;    25.575;    88.446; 
 947;    -1.367;    25.582;    88.446; 
 948;    -1.370;    25.590;    88.446; 
 949;    -1.374;    25.601;    88.446; 
 950;    -1.378;    25.611;    88.446; 
 951;    -1.383;    25.624;    88.446; 
 952;    -1.387;    25.632;    88.446; 
 953;    -1.388;    25.636;    88.446; 
 954;    -1.394;    25.648;    88.446; 
 955;    -1.402;    25.671;    88.446; 
 956;    -1.406;    25.683;    88.446; 
 957;    -1.408;    25.687;    88.446; 
 958;    -1.410;    25.693;    88.446; 
 959;    -1.412;    25.696;    88.446; 
 960;    -1.415;    25.703;    88.446; 
 961;    -1.419;    25.712;    88.446; 
 962;    -1.424;    25.724;    88.446; 
 963;    -1.431;    25.741;    88.446; 
 964;    -1.435;    25.751;    88.446; 
 965;    -1.438;    25.759;    88.446; 
 966;    -1.442;    25.768;    88.446; 
 967;    -1.446;    25.778;    88.446; 
 968;    -1.451;    25.790;    88.446; 
 969;    -1.455;    25.799;    88.446; 
 970;    -1.457;    25.803;    88.446; 
 971;    -1.458;    25.806;    88.446; 
 972;    -1.464;    25.819;    88.446; 
 973;    -1.470;    25.831;    88.446; 
 974;    -1.476;    25.845;    88.446; 
 975;    -1.480;    25.856;    88.446; 
 976;    -1.484;    25.865;    88.446; 
 977;    -1.489;    25.878;    88.446; 
 978;    -1.491;    25.882;    88.446; 
 979;    -1.495;    25.891;    88.446; 
 980;    -1.499;    25.901;    88.446; 
 981;    -1.503;    25.909;    88.446; 
 982;    -1.508;    25.921;    88.446; 
 983;    -1.512;    25.931;    88.446; 
 984;    -1.515;    25.939;    88.446; 
 985;    -1.522;    25.954;    88.446; 
 986;    -1.523;    25.957;    88.446; 
 987;    -1.528;    25.968;    88.446; 
 988;    -1.531;    25.976;    88.446; 
 989;    -1.535;    25.983;    88.446; 
 990;    -1.540;    25.995;    88.446; 
 991;    -1.543;    26.001;    88.446; 
 992;    -1.547;    26.011;    88.446; 
 993;    -1.550;    26.017;    88.446; 
 994;    -1.556;    26.029;    88.446; 
 995;    -1.562;    26.042;    88.446; 
 996;    -1.568;    26.056;    88.446; 
 997;    -1.573;    26.068;    88.446; 
 998;    -1.576;    26.075;    88.446; 
 999;    -1.579;    26.082;    88.446; 
1000;    -1.583;    26.091;    88.446; 
1001;    -1.588;    26.101;    88.446; 
1002;    -1.592;    26.112;    88.446; 
1003;    -1.596;    26.120;    88.446; 
1004;    -1.600;    26.128;    88.446; 
1005;    -1.604;    26.136;    88.446; 
1006;    -1.609;    26.146;    88.446; 
1007;    -1.612;    26.153;    88.446; 
1008;    -1.617;    26.164;    88.446; 
1009;    -1.620;    26.168;    88.446; 
1010;    -1.627;    26.184;    88.446; 
1011;    -1.634;    26.198;    88.446; 
1012;    -1.639;    26.210;    88.446; 
1013;    -1.642;    26.218;    88.446; 
1014;    -1.647;    26.227;    88.446; 
1015;    -1.651;    26.237;    88.446; 
1016;    -1.652;    26.239;    88.446; 
1017;    -1.657;    26.248;    88.446; 
1018;    -1.664;    26.262;    88.446; 
1019;    -1.667;    26.268;    88.446; 
1020;    -1.670;    26.274;    88.446; 
1021;    -1.674;    26.282;    88.446; 
1022;    -1.677;    26.288;    88.446; 
1023;    -1.680;    26.293;    88.446; 
1024;    -1.683;    26.298;    88.446; 
1025;    -1.697;    26.324;    88.446; 
1026;    -1.709;    26.352;    88.446; 
1027;    -1.713;    26.361;    88.446; 
1028;    -1.716;    26.367;    88.446; 
1029;    -1.716;    26.368;    88.446; 
1030;    -1.718;    26.373;    88.446; 
1031;    -1.720;    26.375;    88.446; 
1032;    -1.726;    26.387;    88.446; 
1033;    -1.733;    26.400;    88.446; 
1034;    -1.740;    26.415;    88.446; 
1035;    -1.744;    26.424;    88.446; 
1036;    -1.745;    26.425;    88.446; 
1037;    -1.749;    26.432;    88.446; 
1038;    -1.752;    26.437;    88.446; 
1039;    -1.764;    26.461;    88.446; 
1040;    -1.771;    26.476;    88.446; 
1041;    -1.774;    26.484;    88.446; 
1042;    -1.776;    26.486;    88.446; 
1043;    -1.779;    26.492;    88.446; 
1044;    -1.782;    26.497;    88.446; 
1045;    -1.784;    26.501;    88.446; 
1046;    -1.788;    26.507;    88.446; 
1047;    -1.788;    26.507;    88.446; 
1048;    -1.795;    26.518;    88.446; 
1049;    -1.817;    26.560;    88.446; 
1050;    -1.824;    26.577;    88.446; 
1051;    -1.827;    26.584;    88.446; 
1052;    -1.830;    26.589;    88.446; 
1053;    -1.831;    26.593;    88.446; 
1054;    -1.833;    26.596;    88.446; 
1055;    -1.836;    26.600;    88.446; 
1056;    -1.841;    26.610;    88.446; 
1057;    -1.848;    26.624;    88.446; 
1058;    -1.855;    26.637;    88.446; 
1059;    -1.859;    26.646;    88.446; 
1060;    -1.863;    26.654;    88.446; 
1061;    -1.868;    26.663;    88.446; 
1062;    -1.872;    26.671;    88.446; 
1063;    -1.875;    26.678;    88.446; 
1064;    -1.880;    26.686;    88.446; 
1065;    -1.883;    26.692;    88.446; 
1066;    -1.889;    26.703;    88.446; 
1067;    -1.894;    26.711;    88.446; 
1068;    -1.898;    26.719;    88.446; 
1069;    -1.900;    26.722;    88.446; 
1070;    -1.904;    26.729;    88.446; 
1071;    -1.906;    26.732;    88.446; 
1072;    -1.908;    26.735;    88.446; 
1073;    -1.909;    26.736;    88.446; 
1074;    -1.912;    26.739;    88.446; 
1075;    -1.915;    26.742;    88.446; 
1076;    -1.916;    26.744;    88.446; 
1077;    -1.916;    26.743;    88.446; 
1078;    -1.920;    26.746;    88.446; 
1079;    -1.921;    26.747;    88.446; 
1080;    -1.936;    26.761;    88.446; 
1081;    -1.953;    26.779;    88.446; 
1082;    -1.962;    26.788;    88.446; 
1083;    -1.963;    26.789;    88.446; 
1084;    -1.964;    26.790;    88.446; 
1085;    -1.966;    26.791;    88.446; 
1086;    -1.966;    26.791;    88.446; 
1087;    -1.968;    26.792;    88.446; 
1088;    -1.971;    26.794;    88.446; 
1089;    -1.972;    26.794;    88.446; 
1090;    -1.975;    26.795;    88.446; 
1091;    -1.977;    26.796;    88.446; 
1092;    -1.977;    26.796;    88.446; 
1093;    -1.977;    26.796;    88.446; 
1094;    -1.983;    26.798;    88.446; 
1095;    -1.993;    26.802;    88.446; 
1096;    -2.001;    26.804;    88.446; 
1097;    -2.015;    26.810;    88.446; 
1098;    -2.026;    26.814;    88.446; 
1099;    -2.037;    26.818;    88.446; 
1100;    -2.043;    26.821;    88.446; 
1101;    -2.044;    26.821;    88.446; 
1102;    -2.047;    26.821;    88.446; 
1103;    -2.050;    26.822;    88.446; 
1104;    -2.050;    26.822;    88.446; 
1105;    -2.053;    26.822;    88.446; 
1106;    -2.056;    26.822;    88.446; 
1107;    -2.061;    26.823;    88.446; 
1108;    -2.065;    26.823;    88.446; 
1109;    -2.069;    26.823;    88.446; 
1110;    -2.073;    26.823;    88.446; 
1111;    -2.076;    26.823;    88.446; 
1112;    -2.078;    26.823;    88.446; 
1113;    -2.083;    26.823;    88.446; 
1114;    -2.088;    26.822;    88.446; 
1115;    -2.096;    26.821;    88.446; 
