[A]
   1;     3.437;    26.896;    88.446; 
   2;     3.427;    26.898;    88.446; 
   3;     3.413;    26.900;    88.446; 
   4;     3.403;    26.901;    88.446; 
   5;     3.393;    26.903;    88.446; 
   6;     3.384;    26.904;    88.446; 
   7;     3.373;    26.906;    88.446; 
   8;     3.367;    26.906;    88.446; 
   9;     3.359;    26.907;    88.446; 
  10;     3.349;    26.908;    88.446; 
  11;     3.338;    26.910;    88.446; 
  12;     3.325;    26.911;    88.446; 
  13;     3.315;    26.913;    88.446; 
  14;     3.308;    26.913;    88.446; 
  15;     3.298;    26.914;    88.446; 
  16;     3.279;    26.917;    88.446; 
  17;     3.265;    26.919;    88.446; 
  18;     3.256;    26.920;    88.446; 
  19;     3.247;    26.922;    88.446; 
  20;     3.239;    26.923;    88.446; 
  21;     3.233;    26.923;    88.446; 
  22;     3.224;    26.924;    88.446; 
  23;     3.218;    26.925;    88.446; 
  24;     3.205;    26.926;    88.446; 
  25;     3.187;    26.928;    88.446; 
  26;     3.171;    26.931;    88.446; 
  27;     3.158;    26.933;    88.446; 
  28;     3.148;    26.934;    88.446; 
  29;     3.142;    26.935;    88.446; 
  30;     3.137;    26.936;    88.446; 
  31;     3.125;    26.937;    88.446; 
  32;     3.110;    26.939;    88.446; 
  33;     3.092;    26.942;    88.446; 
  34;     3.082;    26.944;    88.446; 
  35;     3.070;    26.946;    88.446; 
  36;     3.062;    26.947;    88.446; 
  37;     3.055;    26.948;    88.446; 
  38;     3.047;    26.949;    88.446; 
  39;     3.043;    26.949;    88.446; 
  40;     3.032;    26.950;    88.446; 
  41;     3.026;    26.951;    88.446; 
  42;     3.022;    26.951;    88.446; 
  43;     3.019;    26.951;    88.446; 
  44;     3.015;    26.951;    88.446; 
  45;     3.009;    26.951;    88.446; 
  46;     3.004;    26.951;    88.446; 
  47;     3.000;    26.950;    88.446; 
  48;     2.995;    26.950;    88.446; 
  49;     2.985;    26.949;    88.446; 
  50;     2.978;    26.948;    88.446; 
  51;     2.969;    26.947;    88.446; 
  52;     2.964;    26.946;    88.446; 
  53;     2.958;    26.945;    88.446; 
  54;     2.954;    26.945;    88.446; 
  55;     2.949;    26.944;    88.446; 
  56;     2.946;    26.943;    88.446; 
  57;     2.942;    26.941;    88.446; 
  58;     2.938;    26.940;    88.446; 
  59;     2.936;    26.939;    88.446; 
  60;     2.930;    26.937;    88.446; 
  61;     2.929;    26.936;    88.446; 
  62;     2.925;    26.935;    88.446; 
  63;     2.923;    26.934;    88.446; 
  64;     2.916;    26.930;    88.446; 
  65;     2.912;    26.927;    88.446; 
  66;     2.905;    26.924;    88.446; 
  67;     2.896;    26.919;    88.446; 
  68;     2.894;    26.917;    88.446; 
  69;     2.889;    26.914;    88.446; 
  70;     2.885;    26.911;    88.446; 
  71;     2.883;    26.910;    88.446; 
  72;     2.880;    26.908;    88.446; 
  73;     2.876;    26.904;    88.446; 
  74;     2.873;    26.901;    88.446; 
  75;     2.869;    26.897;    88.446; 
  76;     2.865;    26.894;    88.446; 
  77;     2.864;    26.893;    88.446; 
  78;     2.859;    26.888;    88.446; 
  79;     2.858;    26.886;    88.446; 
  80;     2.852;    26.880;    88.446; 
  81;     2.850;    26.876;    88.446; 
  82;     2.846;    26.871;    88.446; 
  83;     2.843;    26.867;    88.446; 
  84;     2.839;    26.862;    88.446; 
  85;     2.836;    26.858;    88.446; 
  86;     2.831;    26.850;    88.446; 
  87;     2.826;    26.842;    88.446; 
  88;     2.822;    26.836;    88.446; 
  89;     2.816;    26.826;    88.446; 
  90;     2.813;    26.822;    88.446; 
  91;     2.810;    26.817;    88.446; 
  92;     2.805;    26.807;    88.446; 
  93;     2.800;    26.799;    88.446; 
  94;     2.794;    26.789;    88.446; 
  95;     2.790;    26.781;    88.446; 
  96;     2.786;    26.774;    88.446; 
  97;     2.782;    26.767;    88.446; 
  98;     2.776;    26.756;    88.446; 
  99;     2.771;    26.746;    88.446; 
 100;     2.765;    26.736;    88.446; 
 101;     2.758;    26.722;    88.446; 
 102;     2.752;    26.712;    88.446; 
 103;     2.748;    26.705;    88.446; 
 104;     2.741;    26.695;    88.446; 
 105;     2.738;    26.689;    88.446; 
 106;     2.732;    26.678;    88.446; 
 107;     2.729;    26.672;    88.446; 
 108;     2.722;    26.661;    88.446; 
 109;     2.717;    26.652;    88.446; 
 110;     2.713;    26.645;    88.446; 
 111;     2.708;    26.636;    88.446; 
 112;     2.701;    26.624;    88.446; 
 113;     2.698;    26.618;    88.446; 
 114;     2.693;    26.610;    88.446; 
 115;     2.690;    26.603;    88.446; 
 116;     2.685;    26.595;    88.446; 
 117;     2.683;    26.591;    88.446; 
 118;     2.680;    26.585;    88.446; 
 119;     2.673;    26.569;    88.446; 
 120;     2.667;    26.558;    88.446; 
 121;     2.660;    26.546;    88.446; 
 122;     2.652;    26.531;    88.446; 
 123;     2.645;    26.520;    88.446; 
 124;     2.642;    26.514;    88.446; 
 125;     2.637;    26.505;    88.446; 
 126;     2.635;    26.501;    88.446; 
 127;     2.630;    26.492;    88.446; 
 128;     2.626;    26.484;    88.446; 
 129;     2.621;    26.475;    88.446; 
 130;     2.615;    26.463;    88.446; 
 131;     2.608;    26.451;    88.446; 
 132;     2.605;    26.446;    88.446; 
 133;     2.603;    26.441;    88.446; 
 134;     2.598;    26.431;    88.446; 
 135;     2.594;    26.424;    88.446; 
 136;     2.591;    26.417;    88.446; 
 137;     2.586;    26.406;    88.446; 
 138;     2.577;    26.389;    88.446; 
 139;     2.569;    26.374;    88.446; 
 140;     2.564;    26.365;    88.446; 
 141;     2.561;    26.359;    88.446; 
 142;     2.559;    26.355;    88.446; 
 143;     2.557;    26.350;    88.446; 
 144;     2.547;    26.331;    88.446; 
 145;     2.535;    26.310;    88.446; 
 146;     2.528;    26.297;    88.446; 
 147;     2.525;    26.292;    88.446; 
 148;     2.524;    26.290;    88.446; 
 149;     2.523;    26.288;    88.446; 
 150;     2.521;    26.284;    88.446; 
 151;     2.521;    26.283;    88.446; 
 152;     2.513;    26.266;    88.446; 
 153;     2.507;    26.254;    88.446; 
 154;     2.497;    26.235;    88.446; 
 155;     2.489;    26.219;    88.446; 
 156;     2.485;    26.212;    88.446; 
 157;     2.481;    26.206;    88.446; 
 158;     2.477;    26.197;    88.446; 
 159;     2.473;    26.191;    88.446; 
 160;     2.469;    26.182;    88.446; 
 161;     2.467;    26.177;    88.446; 
 162;     2.465;    26.173;    88.446; 
 163;     2.463;    26.168;    88.446; 
 164;     2.459;    26.158;    88.446; 
 165;     2.450;    26.141;    88.446; 
 166;     2.443;    26.126;    88.446; 
 167;     2.437;    26.114;    88.446; 
 168;     2.436;    26.112;    88.446; 
 169;     2.429;    26.099;    88.446; 
 170;     2.427;    26.093;    88.446; 
 171;     2.422;    26.084;    88.446; 
 172;     2.419;    26.077;    88.446; 
 173;     2.413;    26.063;    88.446; 
 174;     2.408;    26.053;    88.446; 
 175;     2.401;    26.040;    88.446; 
 176;     2.399;    26.035;    88.446; 
 177;     2.392;    26.021;    88.446; 
 178;     2.388;    26.014;    88.446; 
 179;     2.385;    26.007;    88.446; 
 180;     2.382;    26.000;    88.446; 
 181;     2.382;    25.999;    88.446; 
 182;     2.377;    25.987;    88.446; 
 183;     2.375;    25.982;    88.446; 
 184;     2.370;    25.970;    88.446; 
 185;     2.359;    25.947;    88.446; 
 186;     2.352;    25.932;    88.446; 
 187;     2.346;    25.920;    88.446; 
 188;     2.342;    25.912;    88.446; 
 189;     2.340;    25.908;    88.446; 
 190;     2.336;    25.900;    88.446; 
 191;     2.332;    25.892;    88.446; 
 192;     2.327;    25.882;    88.446; 
 193;     2.324;    25.874;    88.446; 
 194;     2.321;    25.867;    88.446; 
 195;     2.317;    25.858;    88.446; 
 196;     2.313;    25.848;    88.446; 
 197;     2.307;    25.836;    88.446; 
 198;     2.302;    25.825;    88.446; 
 199;     2.298;    25.815;    88.446; 
 200;     2.293;    25.804;    88.446; 
 201;     2.289;    25.795;    88.446; 
 202;     2.284;    25.785;    88.446; 
 203;     2.280;    25.776;    88.446; 
 204;     2.275;    25.765;    88.446; 
 205;     2.271;    25.757;    88.446; 
 206;     2.266;    25.746;    88.446; 
 207;     2.261;    25.734;    88.446; 
 208;     2.256;    25.725;    88.446; 
 209;     2.254;    25.718;    88.446; 
 210;     2.249;    25.709;    88.446; 
 211;     2.247;    25.704;    88.446; 
 212;     2.242;    25.691;    88.446; 
 213;     2.239;    25.684;    88.446; 
 214;     2.234;    25.674;    88.446; 
 215;     2.232;    25.669;    88.446; 
 216;     2.226;    25.654;    88.446; 
 217;     2.219;    25.639;    88.446; 
 218;     2.212;    25.625;    88.446; 
 219;     2.210;    25.619;    88.446; 
 220;     2.206;    25.611;    88.446; 
 221;     2.205;    25.609;    88.446; 
 222;     2.200;    25.596;    88.446; 
 223;     2.197;    25.588;    88.446; 
 224;     2.190;    25.573;    88.446; 
 225;     2.188;    25.568;    88.446; 
 226;     2.184;    25.557;    88.446; 
 227;     2.183;    25.555;    88.446; 
 228;     2.176;    25.540;    88.446; 
 229;     2.173;    25.531;    88.446; 
 230;     2.171;    25.526;    88.446; 
 231;     2.167;    25.515;    88.446; 
 232;     2.162;    25.504;    88.446; 
 233;     2.158;    25.493;    88.446; 
 234;     2.154;    25.484;    88.446; 
 235;     2.151;    25.476;    88.446; 
 236;     2.149;    25.472;    88.446; 
 237;     2.148;    25.468;    88.446; 
 238;     2.146;    25.462;    88.446; 
 239;     2.142;    25.448;    88.446; 
 240;     2.138;    25.438;    88.446; 
 241;     2.132;    25.420;    88.446; 
 242;     2.121;    25.393;    88.446; 
 243;     2.116;    25.383;    88.446; 
 244;     2.113;    25.376;    88.446; 
 245;     2.108;    25.365;    88.446; 
 246;     2.106;    25.361;    88.446; 
 247;     2.102;    25.351;    88.446; 
 248;     2.101;    25.349;    88.446; 
 249;     2.099;    25.343;    88.446; 
 250;     2.097;    25.338;    88.446; 
 251;     2.095;    25.331;    88.446; 
 252;     2.089;    25.313;    88.446; 
 253;     2.081;    25.293;    88.446; 
 254;     2.076;    25.282;    88.446; 
 255;     2.073;    25.274;    88.446; 
 256;     2.070;    25.267;    88.446; 
 257;     2.067;    25.260;    88.446; 
 258;     2.066;    25.256;    88.446; 
 259;     2.062;    25.244;    88.446; 
 260;     2.061;    25.241;    88.446; 
 261;     2.056;    25.226;    88.446; 
 262;     2.053;    25.219;    88.446; 
 263;     2.049;    25.207;    88.446; 
 264;     2.046;    25.195;    88.446; 
 265;     2.038;    25.176;    88.446; 
 266;     2.034;    25.165;    88.446; 
 267;     2.032;    25.159;    88.446; 
 268;     2.030;    25.156;    88.446; 
 269;     2.028;    25.147;    88.446; 
 270;     2.027;    25.145;    88.446; 
 271;     2.025;    25.138;    88.446; 
 272;     2.022;    25.126;    88.446; 
 273;     2.019;    25.118;    88.446; 
 274;     2.018;    25.112;    88.446; 
 275;     2.015;    25.102;    88.446; 
 276;     2.016;    25.104;    88.446; 
 277;     2.009;    25.076;    88.446; 
 278;     1.996;    25.041;    88.446; 
 279;     1.979;    25.007;    88.446; 
 280;     1.976;    25.001;    88.446; 
 281;     1.974;    24.998;    88.446; 
 282;     1.972;    24.994;    88.446; 
 283;     1.971;    24.991;    88.446; 
 284;     1.967;    24.983;    88.446; 
 285;     1.960;    24.967;    88.446; 
 286;     1.944;    24.936;    88.446; 
 287;     1.926;    24.909;    88.446; 
 288;     1.903;    24.880;    88.446; 
 289;     1.801;    24.810;    88.446; 
 290;     1.714;    24.790;    88.446; 
 291;     1.680;    24.790;    88.446; 
 292;     1.665;    24.790;    88.446; 
 293;     1.648;    24.791;    88.446; 
 294;     1.631;    24.793;    88.446; 
 295;     1.623;    24.794;    88.446; 
 296;     1.616;    24.794;    88.446; 
 297;     1.605;    24.795;    88.446; 
 298;     1.591;    24.796;    88.446; 
 299;     1.576;    24.797;    88.446; 
 300;     1.568;    24.798;    88.446; 
 301;     1.561;    24.799;    88.446; 
 302;     1.552;    24.799;    88.446; 
 303;     1.544;    24.800;    88.446; 
 304;     1.533;    24.800;    88.446; 
 305;     1.524;    24.801;    88.446; 
 306;     1.513;    24.802;    88.446; 
 307;     1.504;    24.802;    88.446; 
 308;     1.494;    24.802;    88.446; 
 309;     1.480;    24.803;    88.446; 
 310;     1.470;    24.804;    88.446; 
 311;     1.462;    24.804;    88.446; 
 312;     1.452;    24.805;    88.446; 
 313;     1.441;    24.806;    88.446; 
 314;     1.434;    24.806;    88.446; 
 315;     1.426;    24.806;    88.446; 
 316;     1.417;    24.806;    88.446; 
 317;     1.397;    24.808;    88.446; 
 318;     1.380;    24.809;    88.446; 
 319;     1.372;    24.810;    88.446; 
 320;     1.366;    24.810;    88.446; 
 321;     1.355;    24.811;    88.446; 
 322;     1.340;    24.812;    88.446; 
 323;     1.324;    24.814;    88.446; 
 324;     1.313;    24.815;    88.446; 
 325;     1.294;    24.818;    88.446; 
 326;     1.219;    24.841;    88.446; 
 327;     1.116;    24.925;    88.446; 
 328;     1.074;    25.011;    88.446; 
 329;     1.069;    25.027;    88.446; 
 330;     1.066;    25.036;    88.446; 
 331;     1.062;    25.052;    88.446; 
 332;     1.059;    25.064;    88.446; 
 333;     1.055;    25.080;    88.446; 
 334;     1.052;    25.092;    88.446; 
 335;     1.049;    25.107;    88.446; 
 336;     1.047;    25.118;    88.446; 
 337;     1.045;    25.127;    88.446; 
 338;     1.043;    25.138;    88.446; 
 339;     1.041;    25.148;    88.446; 
 340;     1.038;    25.162;    88.446; 
 341;     1.036;    25.174;    88.446; 
 342;     1.033;    25.187;    88.446; 
 343;     1.032;    25.196;    88.446; 
 344;     1.030;    25.207;    88.446; 
 345;     1.027;    25.220;    88.446; 
 346;     1.026;    25.227;    88.446; 
 347;     1.024;    25.238;    88.446; 
 348;     1.022;    25.249;    88.446; 
 349;     1.020;    25.260;    88.446; 
 350;     1.017;    25.271;    88.446; 
 351;     1.015;    25.281;    88.446; 
 352;     1.014;    25.291;    88.446; 
 353;     1.012;    25.300;    88.446; 
 354;     1.009;    25.313;    88.446; 
 355;     1.008;    25.321;    88.446; 
 356;     1.005;    25.332;    88.446; 
 357;     1.003;    25.342;    88.446; 
 358;     1.001;    25.354;    88.446; 
 359;      .999;    25.364;    88.446; 
 360;      .997;    25.371;    88.446; 
 361;      .995;    25.383;    88.446; 
 362;      .993;    25.392;    88.446; 
 363;      .991;    25.399;    88.446; 
 364;      .988;    25.410;    88.446; 
 365;      .987;    25.417;    88.446; 
 366;      .984;    25.430;    88.446; 
 367;      .981;    25.443;    88.446; 
 368;      .979;    25.453;    88.446; 
 369;      .976;    25.464;    88.446; 
 370;      .974;    25.474;    88.446; 
 371;      .971;    25.485;    88.446; 
 372;      .969;    25.494;    88.446; 
 373;      .966;    25.506;    88.446; 
 374;      .965;    25.513;    88.446; 
 375;      .962;    25.522;    88.446; 
 376;      .960;    25.533;    88.446; 
 377;      .958;    25.542;    88.446; 
 378;      .955;    25.552;    88.446; 
 379;      .953;    25.562;    88.446; 
 380;      .950;    25.571;    88.446; 
 381;      .948;    25.580;    88.446; 
 382;      .946;    25.589;    88.446; 
 383;      .942;    25.601;    88.446; 
 384;      .939;    25.614;    88.446; 
 385;      .936;    25.626;    88.446; 
 386;      .934;    25.635;    88.446; 
 387;      .932;    25.642;    88.446; 
 388;      .930;    25.653;    88.446; 
 389;      .927;    25.662;    88.446; 
 390;      .925;    25.671;    88.446; 
 391;      .922;    25.682;    88.446; 
 392;      .919;    25.690;    88.446; 
 393;      .917;    25.698;    88.446; 
 394;      .914;    25.711;    88.446; 
 395;      .911;    25.720;    88.446; 
 396;      .907;    25.734;    88.446; 
 397;      .904;    25.747;    88.446; 
 398;      .902;    25.755;    88.446; 
 399;      .899;    25.765;    88.446; 
 400;      .897;    25.774;    88.446; 
 401;      .894;    25.783;    88.446; 
 402;      .892;    25.791;    88.446; 
 403;      .889;    25.801;    88.446; 
 404;      .887;    25.809;    88.446; 
 405;      .883;    25.821;    88.446; 
 406;      .880;    25.833;    88.446; 
 407;      .877;    25.843;    88.446; 
 408;      .875;    25.850;    88.446; 
 409;      .872;    25.862;    88.446; 
 410;      .869;    25.870;    88.446; 
 411;      .866;    25.881;    88.446; 
 412;      .863;    25.893;    88.446; 
 413;      .859;    25.905;    88.446; 
 414;      .857;    25.911;    88.446; 
 415;      .854;    25.921;    88.446; 
 416;      .852;    25.931;    88.446; 
 417;      .849;    25.940;    88.446; 
 418;      .846;    25.949;    88.446; 
 419;      .843;    25.959;    88.446; 
 420;      .840;    25.969;    88.446; 
 421;      .836;    25.983;    88.446; 
 422;      .834;    25.991;    88.446; 
 423;      .830;    26.002;    88.446; 
 424;      .828;    26.009;    88.446; 
 425;      .824;    26.022;    88.446; 
 426;      .821;    26.030;    88.446; 
 427;      .818;    26.043;    88.446; 
 428;      .816;    26.049;    88.446; 
 429;      .812;    26.061;    88.446; 
 430;      .809;    26.071;    88.446; 
 431;      .807;    26.077;    88.446; 
 432;      .803;    26.089;    88.446; 
 433;      .800;    26.099;    88.446; 
 434;      .796;    26.110;    88.446; 
 435;      .792;    26.123;    88.446; 
 436;      .789;    26.132;    88.446; 
 437;      .786;    26.142;    88.446; 
 438;      .783;    26.152;    88.446; 
 439;      .781;    26.159;    88.446; 
 440;      .778;    26.168;    88.446; 
 441;      .774;    26.180;    88.446; 
 442;      .770;    26.190;    88.446; 
 443;      .768;    26.199;    88.446; 
 444;      .765;    26.208;    88.446; 
 445;      .761;    26.217;    88.446; 
 446;      .758;    26.227;    88.446; 
 447;      .755;    26.236;    88.446; 
 448;      .752;    26.245;    88.446; 
 449;      .748;    26.256;    88.446; 
 450;      .744;    26.267;    88.446; 
 451;      .741;    26.276;    88.446; 
 452;      .737;    26.287;    88.446; 
 453;      .733;    26.299;    88.446; 
 454;      .731;    26.306;    88.446; 
 455;      .727;    26.318;    88.446; 
 456;      .724;    26.325;    88.446; 
 457;      .720;    26.335;    88.446; 
 458;      .717;    26.346;    88.446; 
 459;      .713;    26.355;    88.446; 
 460;      .711;    26.361;    88.446; 
 461;      .706;    26.375;    88.446; 
 462;      .702;    26.386;    88.446; 
 463;      .699;    26.394;    88.446; 
 464;      .696;    26.403;    88.446; 
 465;      .693;    26.411;    88.446; 
 466;      .690;    26.418;    88.446; 
 467;      .684;    26.435;    88.446; 
 468;      .679;    26.451;    88.446; 
 469;      .676;    26.459;    88.446; 
 470;      .673;    26.466;    88.446; 
 471;      .670;    26.475;    88.446; 
 472;      .668;    26.481;    88.446; 
 473;      .664;    26.492;    88.446; 
 474;      .660;    26.504;    88.446; 
 475;      .656;    26.514;    88.446; 
 476;      .652;    26.524;    88.446; 
 477;      .649;    26.534;    88.446; 
 478;      .646;    26.543;    88.446; 
 479;      .643;    26.550;    88.446; 
 480;      .639;    26.560;    88.446; 
 481;      .635;    26.572;    88.446; 
 482;      .630;    26.583;    88.446; 
 483;      .626;    26.595;    88.446; 
 484;      .623;    26.603;    88.446; 
 485;      .621;    26.608;    88.446; 
 486;      .617;    26.618;    88.446; 
 487;      .614;    26.625;    88.446; 
 488;      .608;    26.641;    88.446; 
 489;      .604;    26.653;    88.446; 
 490;      .600;    26.664;    88.446; 
 491;      .597;    26.672;    88.446; 
 492;      .594;    26.679;    88.446; 
 493;      .591;    26.687;    88.446; 
 494;      .588;    26.696;    88.446; 
 495;      .583;    26.708;    88.446; 
 496;      .581;    26.712;    88.446; 
 497;      .577;    26.722;    88.446; 
 498;      .572;    26.735;    88.446; 
 499;      .567;    26.749;    88.446; 
 500;      .563;    26.760;    88.446; 
 501;      .560;    26.766;    88.446; 
 502;      .556;    26.776;    88.446; 
 503;      .552;    26.786;    88.446; 
 504;      .549;    26.794;    88.446; 
 505;      .545;    26.803;    88.446; 
 506;      .541;    26.812;    88.446; 
 507;      .537;    26.823;    88.446; 
 508;      .533;    26.832;    88.446; 
 509;      .527;    26.847;    88.446; 
 510;      .525;    26.853;    88.446; 
 511;      .520;    26.864;    88.446; 
 512;      .518;    26.870;    88.446; 
 513;      .514;    26.877;    88.446; 
 514;      .510;    26.888;    88.446; 
 515;      .500;    26.913;    88.446; 
 516;      .497;    26.922;    88.446; 
 517;      .494;    26.929;    88.446; 
 518;      .492;    26.935;    88.446; 
 519;      .490;    26.938;    88.446; 
 520;      .488;    26.944;    88.446; 
 521;      .484;    26.950;    88.446; 
 522;      .483;    26.953;    88.446; 
 523;      .478;    26.962;    88.446; 
 524;      .476;    26.967;    88.446; 
 525;      .470;    26.978;    88.446; 
 526;      .464;    26.989;    88.446; 
 527;      .460;    26.998;    88.446; 
 528;      .455;    27.006;    88.446; 
 529;      .451;    27.015;    88.446; 
 530;      .447;    27.021;    88.446; 
 531;      .443;    27.029;    88.446; 
 532;      .441;    27.032;    88.446; 
 533;      .441;    27.032;    88.446; 
 534;      .439;    27.034;    88.446; 
 535;      .438;    27.035;    88.446; 
 536;      .437;    27.036;    88.446; 
 537;      .437;    27.036;    88.446; 
 538;      .432;    27.041;    88.446; 
 539;      .428;    27.045;    88.446; 
 540;      .423;    27.050;    88.446; 
 541;      .413;    27.060;    88.446; 
 542;      .401;    27.073;    88.446; 
 543;      .401;    27.072;    88.446; 
 544;      .398;    27.074;    88.446; 
 545;      .397;    27.075;    88.446; 
 546;      .394;    27.077;    88.446; 
 547;      .392;    27.079;    88.446; 
 548;      .388;    27.082;    88.446; 
 549;      .384;    27.084;    88.446; 
 550;      .380;    27.087;    88.446; 
 551;      .379;    27.087;    88.446; 
 552;      .375;    27.089;    88.446; 
 553;      .371;    27.091;    88.446; 
 554;      .363;    27.094;    88.446; 
 555;      .358;    27.096;    88.446; 
 556;      .354;    27.098;    88.446; 
 557;      .347;    27.101;    88.446; 
 558;      .342;    27.103;    88.446; 
 559;      .333;    27.105;    88.446; 
 560;      .326;    27.108;    88.446; 
 561;      .323;    27.109;    88.446; 
 562;      .318;    27.110;    88.446; 
 563;      .316;    27.110;    88.446; 
 564;      .314;    27.110;    88.446; 
 565;      .310;    27.111;    88.446; 
 566;      .308;    27.111;    88.446; 
 567;      .303;    27.112;    88.446; 
 568;      .298;    27.112;    88.446; 
 569;      .290;    27.113;    88.446; 
 570;      .287;    27.113;    88.446; 
 571;      .279;    27.113;    88.446; 
 572;      .270;    27.113;    88.446; 
 573;      .262;    27.113;    88.446; 
 574;      .254;    27.113;    88.446; 
 575;      .244;    27.113;    88.446; 
 576;      .233;    27.113;    88.446; 
 577;      .224;    27.113;    88.446; 
 578;      .211;    27.113;    88.446; 
 579;      .200;    27.114;    88.446; 
 580;      .190;    27.114;    88.446; 
 581;      .181;    27.114;    88.446; 
 582;      .169;    27.114;    88.446; 
 583;      .159;    27.114;    88.446; 
 584;      .149;    27.114;    88.446; 
 585;      .140;    27.114;    88.446; 
 586;      .128;    27.114;    88.446; 
 587;      .117;    27.114;    88.446; 
 588;      .107;    27.114;    88.446; 
 589;      .095;    27.114;    88.446; 
 590;      .081;    27.114;    88.446; 
 591;      .064;    27.115;    88.446; 
 592;      .055;    27.115;    88.446; 
 593;      .049;    27.115;    88.446; 
 594;      .040;    27.115;    88.446; 
 595;      .032;    27.115;    88.446; 
 596;      .023;    27.115;    88.446; 
 597;      .016;    27.115;    88.446; 
 598;      .009;    27.115;    88.446; 
 599;     -.002;    27.115;    88.446; 
 600;     -.017;    27.114;    88.446; 
 601;     -.032;    27.114;    88.446; 
 602;     -.045;    27.115;    88.446; 
 603;     -.052;    27.115;    88.446; 
 604;     -.062;    27.115;    88.446; 
 605;     -.071;    27.115;    88.446; 
 606;     -.082;    27.115;    88.446; 
 607;     -.094;    27.115;    88.446; 
 608;     -.103;    27.114;    88.446; 
 609;     -.115;    27.114;    88.446; 
 610;     -.127;    27.114;    88.446; 
 611;     -.143;    27.115;    88.446; 
 612;     -.153;    27.115;    88.446; 
 613;     -.163;    27.115;    88.446; 
 614;     -.172;    27.115;    88.446; 
 615;     -.180;    27.115;    88.446; 
 616;     -.190;    27.115;    88.446; 
 617;     -.201;    27.115;    88.446; 
 618;     -.213;    27.115;    88.446; 
 619;     -.221;    27.115;    88.446; 
 620;     -.227;    27.115;    88.446; 
 621;     -.231;    27.115;    88.446; 
 622;     -.238;    27.115;    88.446; 
 623;     -.243;    27.114;    88.446; 
 624;     -.252;    27.113;    88.446; 
 625;     -.262;    27.113;    88.446; 
 626;     -.272;    27.112;    88.446; 
 627;     -.275;    27.111;    88.446; 
 628;     -.281;    27.110;    88.446; 
 629;     -.281;    27.110;    88.446; 
 630;     -.289;    27.109;    88.446; 
 631;     -.291;    27.108;    88.446; 
 632;     -.295;    27.107;    88.446; 
 633;     -.297;    27.106;    88.446; 
 634;     -.300;    27.105;    88.446; 
 635;     -.305;    27.103;    88.446; 
 636;     -.309;    27.101;    88.446; 
 637;     -.312;    27.100;    88.446; 
 638;     -.322;    27.096;    88.446; 
 639;     -.333;    27.091;    88.446; 
 640;     -.337;    27.089;    88.446; 
 641;     -.341;    27.087;    88.446; 
 642;     -.345;    27.085;    88.446; 
 643;     -.349;    27.083;    88.446; 
 644;     -.351;    27.081;    88.446; 
 645;     -.355;    27.079;    88.446; 
 646;     -.359;    27.076;    88.446; 
 647;     -.362;    27.074;    88.446; 
 648;     -.365;    27.072;    88.446; 
 649;     -.367;    27.070;    88.446; 
 650;     -.371;    27.067;    88.446; 
 651;     -.374;    27.063;    88.446; 
 652;     -.375;    27.063;    88.446; 
 653;     -.379;    27.058;    88.446; 
 654;     -.382;    27.055;    88.446; 
 655;     -.386;    27.050;    88.446; 
 656;     -.392;    27.045;    88.446; 
 657;     -.396;    27.040;    88.446; 
 658;     -.401;    27.034;    88.446; 
 659;     -.403;    27.030;    88.446; 
 660;     -.403;    27.030;    88.446; 
 661;     -.409;    27.022;    88.446; 
 662;     -.412;    27.017;    88.446; 
 663;     -.413;    27.015;    88.446; 
 664;     -.417;    27.008;    88.446; 
 665;     -.420;    27.003;    88.446; 
 666;     -.422;    26.999;    88.446; 
 667;     -.425;    26.993;    88.446; 
 668;     -.429;    26.985;    88.446; 
 669;     -.432;    26.980;    88.446; 
 670;     -.435;    26.972;    88.446; 
 671;     -.438;    26.965;    88.446; 
 672;     -.442;    26.956;    88.446; 
 673;     -.447;    26.943;    88.446; 
 674;     -.450;    26.937;    88.446; 
 675;     -.456;    26.923;    88.446; 
 676;     -.460;    26.913;    88.446; 
 677;     -.462;    26.909;    88.446; 
 678;     -.464;    26.903;    88.446; 
 679;     -.468;    26.894;    88.446; 
 680;     -.472;    26.884;    88.446; 
 681;     -.476;    26.872;    88.446; 
 682;     -.483;    26.857;    88.446; 
 683;     -.487;    26.846;    88.446; 
 684;     -.490;    26.840;    88.446; 
 685;     -.494;    26.828;    88.446; 
 686;     -.499;    26.818;    88.446; 
 687;     -.503;    26.808;    88.446; 
 688;     -.508;    26.796;    88.446; 
 689;     -.510;    26.790;    88.446; 
 690;     -.516;    26.777;    88.446; 
 691;     -.518;    26.772;    88.446; 
 692;     -.520;    26.765;    88.446; 
 693;     -.523;    26.758;    88.446; 
 694;     -.530;    26.741;    88.446; 
 695;     -.536;    26.726;    88.446; 
 696;     -.537;    26.722;    88.446; 
 697;     -.541;    26.714;    88.446; 
 698;     -.542;    26.709;    88.446; 
 699;     -.548;    26.694;    88.446; 
 700;     -.555;    26.677;    88.446; 
 701;     -.561;    26.664;    88.446; 
 702;     -.564;    26.657;    88.446; 
 703;     -.566;    26.653;    88.446; 
 704;     -.570;    26.642;    88.446; 
 705;     -.573;    26.634;    88.446; 
 706;     -.576;    26.626;    88.446; 
 707;     -.581;    26.613;    88.446; 
 708;     -.584;    26.605;    88.446; 
 709;     -.587;    26.598;    88.446; 
 710;     -.592;    26.586;    88.446; 
 711;     -.596;    26.576;    88.446; 
 712;     -.599;    26.568;    88.446; 
 713;     -.603;    26.556;    88.446; 
 714;     -.608;    26.544;    88.446; 
 715;     -.611;    26.536;    88.446; 
 716;     -.614;    26.529;    88.446; 
 717;     -.617;    26.520;    88.446; 
 718;     -.619;    26.515;    88.446; 
 719;     -.623;    26.504;    88.446; 
 720;     -.628;    26.489;    88.446; 
 721;     -.635;    26.472;    88.446; 
 722;     -.639;    26.463;    88.446; 
 723;     -.643;    26.453;    88.446; 
 724;     -.645;    26.447;    88.446; 
 725;     -.649;    26.437;    88.446; 
 726;     -.652;    26.428;    88.446; 
 727;     -.654;    26.422;    88.446; 
 728;     -.658;    26.413;    88.446; 
 729;     -.660;    26.406;    88.446; 
 730;     -.666;    26.390;    88.446; 
 731;     -.669;    26.382;    88.446; 
 732;     -.672;    26.372;    88.446; 
 733;     -.676;    26.362;    88.446; 
 734;     -.681;    26.348;    88.446; 
 735;     -.684;    26.340;    88.446; 
 736;     -.687;    26.332;    88.446; 
 737;     -.690;    26.324;    88.446; 
 738;     -.695;    26.311;    88.446; 
 739;     -.699;    26.299;    88.446; 
 740;     -.701;    26.294;    88.446; 
 741;     -.704;    26.285;    88.446; 
 742;     -.706;    26.280;    88.446; 
 743;     -.708;    26.271;    88.446; 
 744;     -.714;    26.254;    88.446; 
 745;     -.719;    26.240;    88.446; 
 746;     -.724;    26.229;    88.446; 
 747;     -.727;    26.219;    88.446; 
 748;     -.729;    26.215;    88.446; 
 749;     -.731;    26.208;    88.446; 
 750;     -.734;    26.200;    88.446; 
 751;     -.737;    26.188;    88.446; 
 752;     -.742;    26.174;    88.446; 
 753;     -.747;    26.162;    88.446; 
 754;     -.750;    26.153;    88.446; 
 755;     -.754;    26.142;    88.446; 
 756;     -.756;    26.136;    88.446; 
 757;     -.758;    26.128;    88.446; 
 758;     -.761;    26.121;    88.446; 
 759;     -.766;    26.105;    88.446; 
 760;     -.769;    26.097;    88.446; 
 761;     -.772;    26.086;    88.446; 
 762;     -.774;    26.081;    88.446; 
 763;     -.778;    26.068;    88.446; 
 764;     -.784;    26.051;    88.446; 
 765;     -.790;    26.037;    88.446; 
 766;     -.794;    26.027;    88.446; 
 767;     -.794;    26.025;    88.446; 
 768;     -.796;    26.018;    88.446; 
 769;     -.799;    26.010;    88.446; 
 770;     -.801;    26.004;    88.446; 
 771;     -.804;    25.992;    88.446; 
 772;     -.809;    25.977;    88.446; 
 773;     -.812;    25.966;    88.446; 
 774;     -.817;    25.953;    88.446; 
 775;     -.820;    25.944;    88.446; 
 776;     -.822;    25.938;    88.446; 
 777;     -.825;    25.928;    88.446; 
 778;     -.828;    25.919;    88.446; 
 779;     -.831;    25.908;    88.446; 
 780;     -.835;    25.896;    88.446; 
 781;     -.837;    25.889;    88.446; 
 782;     -.839;    25.883;    88.446; 
 783;     -.842;    25.871;    88.446; 
 784;     -.844;    25.864;    88.446; 
 785;     -.847;    25.853;    88.446; 
 786;     -.848;    25.848;    88.446; 
 787;     -.851;    25.836;    88.446; 
 788;     -.857;    25.817;    88.446; 
 789;     -.861;    25.805;    88.446; 
 790;     -.863;    25.798;    88.446; 
 791;     -.867;    25.786;    88.446; 
 792;     -.870;    25.775;    88.446; 
 793;     -.875;    25.760;    88.446; 
 794;     -.878;    25.752;    88.446; 
 795;     -.880;    25.746;    88.446; 
 796;     -.881;    25.742;    88.446; 
 797;     -.883;    25.734;    88.446; 
 798;     -.885;    25.727;    88.446; 
 799;     -.888;    25.716;    88.446; 
 800;     -.893;    25.700;    88.446; 
 801;     -.894;    25.696;    88.446; 
 802;     -.896;    25.688;    88.446; 
 803;     -.898;    25.680;    88.446; 
 804;     -.901;    25.667;    88.446; 
 805;     -.903;    25.659;    88.446; 
 806;     -.905;    25.650;    88.446; 
 807;     -.909;    25.638;    88.446; 
 808;     -.909;    25.635;    88.446; 
 809;     -.912;    25.624;    88.446; 
 810;     -.915;    25.612;    88.446; 
 811;     -.917;    25.603;    88.446; 
 812;     -.923;    25.580;    88.446; 
 813;     -.928;    25.563;    88.446; 
 814;     -.931;    25.555;    88.446; 
 815;     -.933;    25.547;    88.446; 
 816;     -.935;    25.540;    88.446; 
 817;     -.936;    25.536;    88.446; 
 818;     -.937;    25.529;    88.446; 
 819;     -.939;    25.523;    88.446; 
 820;     -.941;    25.514;    88.446; 
 821;     -.945;    25.497;    88.446; 
 822;     -.949;    25.481;    88.446; 
 823;     -.952;    25.468;    88.446; 
 824;     -.954;    25.463;    88.446; 
 825;     -.955;    25.458;    88.446; 
 826;     -.956;    25.453;    88.446; 
 827;     -.958;    25.443;    88.446; 
 828;     -.960;    25.434;    88.446; 
 829;     -.964;    25.416;    88.446; 
 830;     -.970;    25.394;    88.446; 
 831;     -.973;    25.382;    88.446; 
 832;     -.974;    25.379;    88.446; 
 833;     -.976;    25.371;    88.446; 
 834;     -.977;    25.367;    88.446; 
 835;     -.980;    25.353;    88.446; 
 836;     -.982;    25.343;    88.446; 
 837;     -.985;    25.333;    88.446; 
 838;     -.987;    25.323;    88.446; 
 839;     -.989;    25.314;    88.446; 
 840;     -.992;    25.302;    88.446; 
 841;     -.994;    25.293;    88.446; 
 842;     -.996;    25.281;    88.446; 
 843;     -.998;    25.273;    88.446; 
 844;    -1.000;    25.264;    88.446; 
 845;    -1.002;    25.253;    88.446; 
 846;    -1.004;    25.243;    88.446; 
 847;    -1.006;    25.236;    88.446; 
 848;    -1.008;    25.225;    88.446; 
 849;    -1.010;    25.213;    88.446; 
 850;    -1.011;    25.207;    88.446; 
 851;    -1.013;    25.200;    88.446; 
 852;    -1.013;    25.195;    88.446; 
 853;    -1.015;    25.186;    88.446; 
 854;    -1.016;    25.174;    88.446; 
 855;    -1.019;    25.159;    88.446; 
 856;    -1.022;    25.141;    88.446; 
 857;    -1.025;    25.128;    88.446; 
 858;    -1.027;    25.120;    88.446; 
 859;    -1.029;    25.109;    88.446; 
 860;    -1.032;    25.097;    88.446; 
 861;    -1.038;    25.074;    88.446; 
 862;    -1.050;    25.038;    88.446; 
 863;    -1.054;    25.029;    88.446; 
 864;    -1.054;    25.027;    88.446; 
 865;    -1.054;    25.027;    88.446; 
 866;    -1.058;    25.016;    88.446; 
 867;    -1.066;    24.993;    88.446; 
 868;    -1.084;    24.954;    88.446; 
 869;    -1.169;    24.861;    88.446; 
 870;    -1.266;    24.820;    88.446; 
 871;    -1.297;    24.815;    88.446; 
 872;    -1.313;    24.813;    88.446; 
 873;    -1.322;    24.812;    88.446; 
 874;    -1.341;    24.810;    88.446; 
 875;    -1.364;    24.808;    88.446; 
 876;    -1.373;    24.808;    88.446; 
 877;    -1.381;    24.808;    88.446; 
 878;    -1.391;    24.807;    88.446; 
 879;    -1.406;    24.806;    88.446; 
 880;    -1.416;    24.806;    88.446; 
 881;    -1.423;    24.805;    88.446; 
 882;    -1.428;    24.805;    88.446; 
 883;    -1.434;    24.804;    88.446; 
 884;    -1.439;    24.804;    88.446; 
 885;    -1.443;    24.803;    88.446; 
 886;    -1.468;    24.800;    88.446; 
 887;    -1.499;    24.799;    88.446; 
 888;    -1.506;    24.799;    88.446; 
 889;    -1.511;    24.798;    88.446; 
 890;    -1.515;    24.798;    88.446; 
 891;    -1.519;    24.797;    88.446; 
 892;    -1.522;    24.797;    88.446; 
 893;    -1.535;    24.795;    88.446; 
 894;    -1.570;    24.793;    88.446; 
 895;    -1.594;    24.793;    88.446; 
 896;    -1.598;    24.793;    88.446; 
 897;    -1.602;    24.793;    88.446; 
 898;    -1.605;    24.793;    88.446; 
 899;    -1.610;    24.792;    88.446; 
 900;    -1.622;    24.791;    88.446; 
 901;    -1.634;    24.790;    88.446; 
 902;    -1.644;    24.790;    88.446; 
 903;    -1.658;    24.789;    88.446; 
 904;    -1.669;    24.788;    88.446; 
 905;    -1.699;    24.788;    88.446; 
 906;    -1.804;    24.814;    88.446; 
 907;    -1.904;    24.894;    88.446; 
 908;    -1.933;    24.940;    88.446; 
 909;    -1.942;    24.958;    88.446; 
 910;    -1.946;    24.966;    88.446; 
 911;    -1.955;    24.987;    88.446; 
 912;    -1.965;    25.013;    88.446; 
 913;    -1.967;    25.019;    88.446; 
 914;    -1.974;    25.038;    88.446; 
 915;    -1.977;    25.049;    88.446; 
 916;    -1.980;    25.059;    88.446; 
 917;    -1.983;    25.067;    88.446; 
 918;    -1.987;    25.079;    88.446; 
 919;    -1.989;    25.084;    88.446; 
 920;    -1.993;    25.097;    88.446; 
 921;    -1.996;    25.108;    88.446; 
 922;    -1.999;    25.116;    88.446; 
 923;    -2.003;    25.127;    88.446; 
 924;    -2.006;    25.136;    88.446; 
 925;    -2.009;    25.145;    88.446; 
 926;    -2.013;    25.157;    88.446; 
 927;    -2.017;    25.170;    88.446; 
 928;    -2.020;    25.180;    88.446; 
 929;    -2.023;    25.188;    88.446; 
 930;    -2.026;    25.196;    88.446; 
 931;    -2.028;    25.202;    88.446; 
 932;    -2.032;    25.215;    88.446; 
 933;    -2.037;    25.229;    88.446; 
 934;    -2.040;    25.238;    88.446; 
 935;    -2.042;    25.243;    88.446; 
 936;    -2.044;    25.250;    88.446; 
 937;    -2.046;    25.255;    88.446; 
 938;    -2.049;    25.262;    88.446; 
 939;    -2.054;    25.275;    88.446; 
 940;    -2.059;    25.289;    88.446; 
 941;    -2.065;    25.308;    88.446; 
 942;    -2.067;    25.314;    88.446; 
 943;    -2.070;    25.322;    88.446; 
 944;    -2.072;    25.328;    88.446; 
 945;    -2.077;    25.342;    88.446; 
 946;    -2.081;    25.354;    88.446; 
 947;    -2.085;    25.365;    88.446; 
 948;    -2.089;    25.376;    88.446; 
 949;    -2.091;    25.382;    88.446; 
 950;    -2.094;    25.391;    88.446; 
 951;    -2.096;    25.396;    88.446; 
 952;    -2.099;    25.405;    88.446; 
 953;    -2.103;    25.416;    88.446; 
 954;    -2.109;    25.432;    88.446; 
 955;    -2.110;    25.434;    88.446; 
 956;    -2.114;    25.444;    88.446; 
 957;    -2.117;    25.452;    88.446; 
 958;    -2.122;    25.465;    88.446; 
 959;    -2.126;    25.476;    88.446; 
 960;    -2.131;    25.488;    88.446; 
 961;    -2.132;    25.492;    88.446; 
 962;    -2.134;    25.495;    88.446; 
 963;    -2.137;    25.501;    88.446; 
 964;    -2.143;    25.515;    88.446; 
 965;    -2.146;    25.522;    88.446; 
 966;    -2.150;    25.531;    88.446; 
 967;    -2.155;    25.542;    88.446; 
 968;    -2.161;    25.557;    88.446; 
 969;    -2.168;    25.574;    88.446; 
 970;    -2.174;    25.592;    88.446; 
 971;    -2.177;    25.599;    88.446; 
 972;    -2.179;    25.606;    88.446; 
 973;    -2.181;    25.609;    88.446; 
 974;    -2.185;    25.619;    88.446; 
 975;    -2.188;    25.626;    88.446; 
 976;    -2.192;    25.636;    88.446; 
 977;    -2.194;    25.640;    88.446; 
 978;    -2.198;    25.649;    88.446; 
 979;    -2.203;    25.660;    88.446; 
 980;    -2.208;    25.673;    88.446; 
 981;    -2.214;    25.685;    88.446; 
 982;    -2.217;    25.692;    88.446; 
 983;    -2.221;    25.702;    88.446; 
 984;    -2.226;    25.714;    88.446; 
 985;    -2.231;    25.725;    88.446; 
 986;    -2.234;    25.734;    88.446; 
 987;    -2.237;    25.741;    88.446; 
 988;    -2.240;    25.747;    88.446; 
 989;    -2.243;    25.754;    88.446; 
 990;    -2.247;    25.761;    88.446; 
 991;    -2.253;    25.776;    88.446; 
 992;    -2.259;    25.788;    88.446; 
 993;    -2.262;    25.794;    88.446; 
 994;    -2.266;    25.803;    88.446; 
 995;    -2.270;    25.812;    88.446; 
 996;    -2.275;    25.823;    88.446; 
 997;    -2.280;    25.833;    88.446; 
 998;    -2.285;    25.844;    88.446; 
 999;    -2.291;    25.857;    88.446; 
1000;    -2.296;    25.869;    88.446; 
1001;    -2.299;    25.876;    88.446; 
1002;    -2.305;    25.890;    88.446; 
1003;    -2.308;    25.897;    88.446; 
1004;    -2.312;    25.907;    88.446; 
1005;    -2.315;    25.912;    88.446; 
1006;    -2.317;    25.916;    88.446; 
1007;    -2.320;    25.923;    88.446; 
1008;    -2.323;    25.927;    88.446; 
1009;    -2.331;    25.943;    88.446; 
1010;    -2.338;    25.959;    88.446; 
1011;    -2.346;    25.976;    88.446; 
1012;    -2.349;    25.983;    88.446; 
1013;    -2.353;    25.991;    88.446; 
1014;    -2.354;    25.994;    88.446; 
1015;    -2.357;    25.999;    88.446; 
1016;    -2.360;    26.006;    88.446; 
1017;    -2.370;    26.026;    88.446; 
1018;    -2.377;    26.042;    88.446; 
1019;    -2.382;    26.052;    88.446; 
1020;    -2.385;    26.058;    88.446; 
1021;    -2.388;    26.067;    88.446; 
1022;    -2.394;    26.079;    88.446; 
1023;    -2.396;    26.084;    88.446; 
1024;    -2.401;    26.094;    88.446; 
1025;    -2.403;    26.098;    88.446; 
1026;    -2.407;    26.105;    88.446; 
1027;    -2.412;    26.114;    88.446; 
1028;    -2.416;    26.122;    88.446; 
1029;    -2.421;    26.132;    88.446; 
1030;    -2.426;    26.143;    88.446; 
1031;    -2.433;    26.155;    88.446; 
1032;    -2.440;    26.171;    88.446; 
1033;    -2.443;    26.177;    88.446; 
1034;    -2.449;    26.190;    88.446; 
1035;    -2.453;    26.197;    88.446; 
1036;    -2.456;    26.203;    88.446; 
1037;    -2.460;    26.213;    88.446; 
1038;    -2.466;    26.224;    88.446; 
1039;    -2.473;    26.239;    88.446; 
1040;    -2.476;    26.245;    88.446; 
1041;    -2.481;    26.255;    88.446; 
1042;    -2.484;    26.262;    88.446; 
1043;    -2.486;    26.265;    88.446; 
1044;    -2.490;    26.271;    88.446; 
1045;    -2.492;    26.275;    88.446; 
1046;    -2.499;    26.286;    88.446; 
1047;    -2.511;    26.310;    88.446; 
1048;    -2.517;    26.322;    88.446; 
1049;    -2.521;    26.330;    88.446; 
1050;    -2.525;    26.338;    88.446; 
1051;    -2.527;    26.342;    88.446; 
1052;    -2.532;    26.351;    88.446; 
1053;    -2.534;    26.355;    88.446; 
1054;    -2.539;    26.363;    88.446; 
1055;    -2.545;    26.374;    88.446; 
1056;    -2.550;    26.382;    88.446; 
1057;    -2.553;    26.388;    88.446; 
1058;    -2.561;    26.403;    88.446; 
1059;    -2.576;    26.433;    88.446; 
1060;    -2.580;    26.444;    88.446; 
1061;    -2.583;    26.449;    88.446; 
1062;    -2.587;    26.457;    88.446; 
1063;    -2.588;    26.459;    88.446; 
1064;    -2.591;    26.464;    88.446; 
1065;    -2.593;    26.469;    88.446; 
1066;    -2.600;    26.481;    88.446; 
1067;    -2.605;    26.491;    88.446; 
1068;    -2.613;    26.505;    88.446; 
1069;    -2.618;    26.515;    88.446; 
1070;    -2.623;    26.525;    88.446; 
1071;    -2.628;    26.534;    88.446; 
1072;    -2.631;    26.541;    88.446; 
1073;    -2.638;    26.553;    88.446; 
1074;    -2.642;    26.560;    88.446; 
1075;    -2.646;    26.569;    88.446; 
1076;    -2.651;    26.578;    88.446; 
1077;    -2.654;    26.583;    88.446; 
1078;    -2.659;    26.591;    88.446; 
1079;    -2.663;    26.598;    88.446; 
1080;    -2.671;    26.613;    88.446; 
1081;    -2.675;    26.621;    88.446; 
1082;    -2.680;    26.630;    88.446; 
1083;    -2.685;    26.638;    88.446; 
1084;    -2.690;    26.646;    88.446; 
1085;    -2.694;    26.654;    88.446; 
1086;    -2.697;    26.659;    88.446; 
1087;    -2.703;    26.669;    88.446; 
1088;    -2.708;    26.678;    88.446; 
1089;    -2.710;    26.681;    88.446; 
1090;    -2.715;    26.690;    88.446; 
1091;    -2.723;    26.702;    88.446; 
1092;    -2.735;    26.725;    88.446; 
1093;    -2.744;    26.742;    88.446; 
1094;    -2.746;    26.747;    88.446; 
1095;    -2.749;    26.753;    88.446; 
1096;    -2.752;    26.757;    88.446; 
1097;    -2.757;    26.767;    88.446; 
1098;    -2.762;    26.776;    88.446; 
1099;    -2.764;    26.779;    88.446; 
1100;    -2.767;    26.785;    88.446; 
1101;    -2.771;    26.791;    88.446; 
1102;    -2.775;    26.796;    88.446; 
1103;    -2.782;    26.808;    88.446; 
1104;    -2.787;    26.815;    88.446; 
1105;    -2.793;    26.824;    88.446; 
1106;    -2.796;    26.828;    88.446; 
1107;    -2.799;    26.833;    88.446; 
1108;    -2.801;    26.835;    88.446; 
1109;    -2.808;    26.844;    88.446; 
1110;    -2.816;    26.855;    88.446; 
1111;    -2.822;    26.863;    88.446; 
1112;    -2.830;    26.874;    88.446; 
1113;    -2.834;    26.879;    88.446; 
1114;    -2.838;    26.884;    88.446; 
1115;    -2.840;    26.887;    88.446; 
1116;    -2.841;    26.887;    88.446; 
1117;    -2.842;    26.888;    88.446; 
1118;    -2.843;    26.888;    88.446; 
1119;    -2.845;    26.890;    88.446; 
1120;    -2.846;    26.891;    88.446; 
1121;    -2.848;    26.892;    88.446; 
1122;    -2.850;    26.894;    88.446; 
1123;    -2.850;    26.893;    88.446; 
1124;    -2.854;    26.896;    88.446; 
1125;    -2.861;    26.899;    88.446; 
1126;    -2.865;    26.901;    88.446; 
1127;    -2.873;    26.906;    88.446; 
1128;    -2.884;    26.911;    88.446; 
1129;    -2.888;    26.914;    88.446; 
1130;    -2.894;    26.917;    88.446; 
1131;    -2.902;    26.920;    88.446; 
1132;    -2.905;    26.921;    88.446; 
1133;    -2.908;    26.922;    88.446; 
1134;    -2.912;    26.924;    88.446; 
1135;    -2.919;    26.926;    88.446; 
1136;    -2.922;    26.927;    88.446; 
1137;    -2.932;    26.930;    88.446; 
1138;    -2.940;    26.932;    88.446; 
1139;    -2.944;    26.933;    88.446; 
1140;    -2.946;    26.933;    88.446; 
1141;    -2.952;    26.934;    88.446; 
1142;    -2.959;    26.935;    88.446; 
1143;    -2.971;    26.936;    88.446; 
1144;    -2.974;    26.937;    88.446; 
1145;    -2.978;    26.937;    88.446; 
1146;    -2.980;    26.937;    88.446; 
1147;    -2.980;    26.937;    88.446; 
1148;    -2.980;    26.937;    88.446; 
1149;    -2.983;    26.936;    88.446; 
1150;    -2.986;    26.936;    88.446; 
1151;    -2.994;    26.935;    88.446; 
1152;    -3.005;    26.934;    88.446; 
1153;    -3.013;    26.933;    88.446; 
1154;    -3.020;    26.933;    88.446; 
1155;    -3.028;    26.932;    88.446; 
1156;    -3.037;    26.930;    88.446; 
1157;    -3.048;    26.929;    88.446; 
1158;    -3.057;    26.928;    88.446; 
1159;    -3.065;    26.927;    88.446; 
1160;    -3.076;    26.925;    88.446; 
1161;    -3.088;    26.924;    88.446; 
1162;    -3.099;    26.922;    88.446; 
1163;    -3.109;    26.921;    88.446; 
