[A]
   1;     3.068;    26.992;    85.991; 
   2;     3.059;    26.993;    85.991; 
   3;     3.044;    26.995;    85.991; 
   4;     3.040;    26.996;    85.991; 
   5;     3.032;    26.997;    85.991; 
   6;     3.017;    26.998;    85.991; 
   7;     3.004;    27.000;    85.991; 
   8;     2.993;    27.002;    85.991; 
   9;     2.986;    27.003;    85.991; 
  10;     2.978;    27.004;    85.991; 
  11;     2.969;    27.005;    85.991; 
  12;     2.959;    27.006;    85.991; 
  13;     2.951;    27.006;    85.991; 
  14;     2.942;    27.007;    85.991; 
  15;     2.931;    27.008;    85.991; 
  16;     2.921;    27.009;    85.991; 
  17;     2.908;    27.010;    85.991; 
  18;     2.898;    27.011;    85.991; 
  19;     2.888;    27.012;    85.991; 
  20;     2.876;    27.013;    85.991; 
  21;     2.866;    27.015;    85.991; 
  22;     2.854;    27.016;    85.991; 
  23;     2.847;    27.016;    85.991; 
  24;     2.837;    27.017;    85.991; 
  25;     2.823;    27.019;    85.991; 
  26;     2.810;    27.020;    85.991; 
  27;     2.798;    27.021;    85.991; 
  28;     2.786;    27.023;    85.991; 
  29;     2.777;    27.024;    85.991; 
  30;     2.768;    27.025;    85.991; 
  31;     2.758;    27.026;    85.991; 
  32;     2.748;    27.027;    85.991; 
  33;     2.734;    27.028;    85.991; 
  34;     2.730;    27.029;    85.991; 
  35;     2.721;    27.030;    85.991; 
  36;     2.713;    27.030;    85.991; 
  37;     2.707;    27.030;    85.991; 
  38;     2.699;    27.031;    85.991; 
  39;     2.690;    27.031;    85.991; 
  40;     2.680;    27.032;    85.991; 
  41;     2.669;    27.032;    85.991; 
  42;     2.663;    27.032;    85.991; 
  43;     2.657;    27.032;    85.991; 
  44;     2.653;    27.032;    85.991; 
  45;     2.651;    27.032;    85.991; 
  46;     2.648;    27.031;    85.991; 
  47;     2.646;    27.031;    85.991; 
  48;     2.642;    27.030;    85.991; 
  49;     2.640;    27.030;    85.991; 
  50;     2.631;    27.028;    85.991; 
  51;     2.616;    27.025;    85.991; 
  52;     2.605;    27.023;    85.991; 
  53;     2.600;    27.022;    85.991; 
  54;     2.596;    27.021;    85.991; 
  55;     2.596;    27.021;    85.991; 
  56;     2.593;    27.020;    85.991; 
  57;     2.591;    27.019;    85.991; 
  58;     2.589;    27.018;    85.991; 
  59;     2.585;    27.016;    85.991; 
  60;     2.582;    27.014;    85.991; 
  61;     2.580;    27.014;    85.991; 
  62;     2.578;    27.012;    85.991; 
  63;     2.574;    27.010;    85.991; 
  64;     2.570;    27.007;    85.991; 
  65;     2.562;    27.002;    85.991; 
  66;     2.557;    26.999;    85.991; 
  67;     2.549;    26.994;    85.991; 
  68;     2.542;    26.990;    85.991; 
  69;     2.536;    26.985;    85.991; 
  70;     2.534;    26.983;    85.991; 
  71;     2.531;    26.981;    85.991; 
  72;     2.530;    26.980;    85.991; 
  73;     2.528;    26.978;    85.991; 
  74;     2.524;    26.974;    85.991; 
  75;     2.522;    26.972;    85.991; 
  76;     2.517;    26.967;    85.991; 
  77;     2.514;    26.963;    85.991; 
  78;     2.511;    26.960;    85.991; 
  79;     2.506;    26.954;    85.991; 
  80;     2.506;    26.953;    85.991; 
  81;     2.503;    26.950;    85.991; 
  82;     2.498;    26.942;    85.991; 
  83;     2.494;    26.936;    85.991; 
  84;     2.467;    26.903;    85.991; 
  85;     2.492;    26.934;    85.991; 
  86;     2.500;    26.953;    85.991; 
  87;     2.502;    26.959;    85.991; 
  88;     2.507;    26.970;    85.991; 
  89;     2.471;    26.900;    85.991; 
  90;     2.474;    26.904;    85.991; 
  91;     2.465;    26.889;    85.991; 
  92;     2.464;    26.888;    85.991; 
  93;     2.458;    26.877;    85.991; 
  94;     2.455;    26.871;    85.991; 
  95;     2.453;    26.867;    85.991; 
  96;     2.445;    26.852;    85.991; 
  97;     2.441;    26.844;    85.991; 
  98;     2.435;    26.832;    85.991; 
  99;     2.429;    26.822;    85.991; 
 100;     2.424;    26.813;    85.991; 
 101;     2.420;    26.804;    85.991; 
 102;     2.416;    26.798;    85.991; 
 103;     2.411;    26.787;    85.991; 
 104;     2.408;    26.782;    85.991; 
 105;     2.400;    26.766;    85.991; 
 106;     2.393;    26.753;    85.991; 
 107;     2.387;    26.743;    85.991; 
 108;     2.382;    26.734;    85.991; 
 109;     2.377;    26.725;    85.991; 
 110;     2.372;    26.717;    85.991; 
 111;     2.367;    26.708;    85.991; 
 112;     2.363;    26.699;    85.991; 
 113;     2.356;    26.687;    85.991; 
 114;     2.352;    26.679;    85.991; 
 115;     2.349;    26.673;    85.991; 
 116;     2.343;    26.662;    85.991; 
 117;     2.340;    26.656;    85.991; 
 118;     2.335;    26.647;    85.991; 
 119;     2.330;    26.636;    85.991; 
 120;     2.327;    26.630;    85.991; 
 121;     2.322;    26.621;    85.991; 
 122;     2.319;    26.615;    85.991; 
 123;     2.315;    26.606;    85.991; 
 124;     2.309;    26.594;    85.991; 
 125;     2.300;    26.575;    85.991; 
 126;     2.293;    26.564;    85.991; 
 127;     2.291;    26.559;    85.991; 
 128;     2.285;    26.549;    85.991; 
 129;     2.282;    26.543;    85.991; 
 130;     2.278;    26.535;    85.991; 
 131;     2.274;    26.526;    85.991; 
 132;     2.271;    26.521;    85.991; 
 133;     2.265;    26.509;    85.991; 
 134;     2.259;    26.497;    85.991; 
 135;     2.253;    26.486;    85.991; 
 136;     2.249;    26.477;    85.991; 
 137;     2.246;    26.471;    85.991; 
 138;     2.241;    26.461;    85.991; 
 139;     2.235;    26.450;    85.991; 
 140;     2.233;    26.445;    85.991; 
 141;     2.230;    26.439;    85.991; 
 142;     2.224;    26.425;    85.991; 
 143;     2.217;    26.411;    85.991; 
 144;     2.211;    26.399;    85.991; 
 145;     2.207;    26.392;    85.991; 
 146;     2.203;    26.384;    85.991; 
 147;     2.199;    26.376;    85.991; 
 148;     2.197;    26.370;    85.991; 
 149;     2.191;    26.357;    85.991; 
 150;     2.187;    26.350;    85.991; 
 151;     2.185;    26.345;    85.991; 
 152;     2.179;    26.332;    85.991; 
 153;     2.172;    26.317;    85.991; 
 154;     2.164;    26.301;    85.991; 
 155;     2.156;    26.287;    85.991; 
 156;     2.157;    26.288;    85.991; 
 157;     2.154;    26.282;    85.991; 
 158;     2.151;    26.276;    85.991; 
 159;     2.150;    26.271;    85.991; 
 160;     2.145;    26.260;    85.991; 
 161;     2.137;    26.241;    85.991; 
 162;     2.128;    26.225;    85.991; 
 163;     2.124;    26.216;    85.991; 
 164;     2.119;    26.205;    85.991; 
 165;     2.115;    26.199;    85.991; 
 166;     2.114;    26.196;    85.991; 
 167;     2.110;    26.187;    85.991; 
 168;     2.107;    26.180;    85.991; 
 169;     2.100;    26.165;    85.991; 
 170;     2.097;    26.158;    85.991; 
 171;     2.090;    26.143;    85.991; 
 172;     2.085;    26.133;    85.991; 
 173;     2.083;    26.128;    85.991; 
 174;     2.078;    26.118;    85.991; 
 175;     2.074;    26.109;    85.991; 
 176;     2.070;    26.100;    85.991; 
 177;     2.067;    26.093;    85.991; 
 178;     2.060;    26.078;    85.991; 
 179;     2.057;    26.071;    85.991; 
 180;     2.053;    26.062;    85.991; 
 181;     2.048;    26.050;    85.991; 
 182;     2.044;    26.043;    85.991; 
 183;     2.042;    26.037;    85.991; 
 184;     2.036;    26.024;    85.991; 
 185;     2.032;    26.013;    85.991; 
 186;     2.027;    26.003;    85.991; 
 187;     2.024;    25.995;    85.991; 
 188;     2.018;    25.983;    85.991; 
 189;     2.014;    25.973;    85.991; 
 190;     2.011;    25.966;    85.991; 
 191;     2.006;    25.955;    85.991; 
 192;     2.003;    25.948;    85.991; 
 193;     2.000;    25.941;    85.991; 
 194;     1.995;    25.929;    85.991; 
 195;     1.992;    25.922;    85.991; 
 196;     1.987;    25.911;    85.991; 
 197;     1.983;    25.901;    85.991; 
 198;     1.979;    25.892;    85.991; 
 199;     1.975;    25.883;    85.991; 
 200;     1.972;    25.874;    85.991; 
 201;     1.968;    25.866;    85.991; 
 202;     1.965;    25.857;    85.991; 
 203;     1.961;    25.846;    85.991; 
 204;     1.958;    25.839;    85.991; 
 205;     1.955;    25.832;    85.991; 
 206;     1.952;    25.825;    85.991; 
 207;     1.948;    25.814;    85.991; 
 208;     1.943;    25.801;    85.991; 
 209;     1.935;    25.781;    85.991; 
 210;     1.932;    25.773;    85.991; 
 211;     1.928;    25.764;    85.991; 
 212;     1.925;    25.757;    85.991; 
 213;     1.921;    25.748;    85.991; 
 214;     1.917;    25.737;    85.991; 
 215;     1.913;    25.728;    85.991; 
 216;     1.907;    25.715;    85.991; 
 217;     1.905;    25.708;    85.991; 
 218;     1.901;    25.700;    85.991; 
 219;     1.899;    25.692;    85.991; 
 220;     1.897;    25.687;    85.991; 
 221;     1.894;    25.680;    85.991; 
 222;     1.889;    25.665;    85.991; 
 223;     1.885;    25.655;    85.991; 
 224;     1.879;    25.640;    85.991; 
 225;     1.875;    25.629;    85.991; 
 226;     1.871;    25.619;    85.991; 
 227;     1.868;    25.611;    85.991; 
 228;     1.863;    25.601;    85.991; 
 229;     1.862;    25.596;    85.991; 
 230;     1.859;    25.587;    85.991; 
 231;     1.856;    25.579;    85.991; 
 232;     1.854;    25.574;    85.991; 
 233;     1.851;    25.565;    85.991; 
 234;     1.846;    25.550;    85.991; 
 235;     1.840;    25.533;    85.991; 
 236;     1.835;    25.522;    85.991; 
 237;     1.833;    25.517;    85.991; 
 238;     1.829;    25.506;    85.991; 
 239;     1.827;    25.500;    85.991; 
 240;     1.822;    25.485;    85.991; 
 241;     1.820;    25.479;    85.991; 
 242;     1.815;    25.467;    85.991; 
 243;     1.812;    25.458;    85.991; 
 244;     1.809;    25.449;    85.991; 
 245;     1.807;    25.443;    85.991; 
 246;     1.804;    25.434;    85.991; 
 247;     1.800;    25.423;    85.991; 
 248;     1.795;    25.410;    85.991; 
 249;     1.793;    25.402;    85.991; 
 250;     1.787;    25.388;    85.991; 
 251;     1.784;    25.378;    85.991; 
 252;     1.778;    25.364;    85.991; 
 253;     1.776;    25.357;    85.991; 
 254;     1.773;    25.350;    85.991; 
 255;     1.772;    25.346;    85.991; 
 256;     1.772;    25.345;    85.991; 
 257;     1.771;    25.340;    85.991; 
 258;     1.771;    25.340;    85.991; 
 259;     1.769;    25.332;    85.991; 
 260;     1.764;    25.310;    85.991; 
 261;     1.751;    25.270;    85.991; 
 262;     1.742;    25.249;    85.991; 
 263;     1.741;    25.248;    85.991; 
 264;     1.740;    25.243;    85.991; 
 265;     1.739;    25.240;    85.991; 
 266;     1.737;    25.235;    85.991; 
 267;     1.734;    25.226;    85.991; 
 268;     1.732;    25.217;    85.991; 
 269;     1.730;    25.210;    85.991; 
 270;     1.727;    25.201;    85.991; 
 271;     1.725;    25.192;    85.991; 
 272;     1.722;    25.183;    85.991; 
 273;     1.718;    25.167;    85.991; 
 274;     1.714;    25.155;    85.991; 
 275;     1.711;    25.144;    85.991; 
 276;     1.708;    25.135;    85.991; 
 277;     1.705;    25.125;    85.991; 
 278;     1.699;    25.108;    85.991; 
 279;     1.697;    25.100;    85.991; 
 280;     1.694;    25.091;    85.991; 
 281;     1.687;    25.072;    85.991; 
 282;     1.677;    25.047;    85.991; 
 283;     1.670;    25.032;    85.991; 
 284;     1.666;    25.024;    85.991; 
 285;     1.665;    25.021;    85.991; 
 286;     1.657;    25.002;    85.991; 
 287;     1.619;    24.944;    85.991; 
 288;     1.529;    24.874;    85.991; 
 289;     1.441;    24.847;    85.991; 
 290;     1.430;    24.846;    85.991; 
 291;     1.409;    24.843;    85.991; 
 292;     1.359;    24.843;    85.991; 
 293;     1.342;    24.844;    85.991; 
 294;     1.328;    24.846;    85.991; 
 295;     1.313;    24.847;    85.991; 
 296;     1.307;    24.848;    85.991; 
 297;     1.302;    24.848;    85.991; 
 298;     1.297;    24.849;    85.991; 
 299;     1.289;    24.849;    85.991; 
 300;     1.279;    24.849;    85.991; 
 301;     1.268;    24.850;    85.991; 
 302;     1.257;    24.850;    85.991; 
 303;     1.248;    24.851;    85.991; 
 304;     1.234;    24.851;    85.991; 
 305;     1.225;    24.852;    85.991; 
 306;     1.216;    24.852;    85.991; 
 307;     1.214;    24.852;    85.991; 
 308;     1.211;    24.852;    85.991; 
 309;     1.199;    24.852;    85.991; 
 310;     1.158;    24.854;    85.991; 
 311;     1.141;    24.856;    85.991; 
 312;     1.135;    24.857;    85.991; 
 313;     1.129;    24.857;    85.991; 
 314;     1.124;    24.858;    85.991; 
 315;     1.115;    24.858;    85.991; 
 316;     1.111;    24.858;    85.991; 
 317;     1.099;    24.859;    85.991; 
 318;     1.080;    24.860;    85.991; 
 319;     1.068;    24.861;    85.991; 
 320;     1.055;    24.862;    85.991; 
 321;     1.045;    24.863;    85.991; 
 322;     1.035;    24.864;    85.991; 
 323;     1.018;    24.866;    85.991; 
 324;      .957;    24.881;    85.991; 
 325;      .851;    24.951;    85.991; 
 326;      .833;    24.971;    85.991; 
 327;      .793;    25.037;    85.991; 
 328;      .776;    25.088;    85.991; 
 329;      .771;    25.106;    85.991; 
 330;      .769;    25.118;    85.991; 
 331;      .766;    25.128;    85.991; 
 332;      .764;    25.141;    85.991; 
 333;      .761;    25.153;    85.991; 
 334;      .759;    25.162;    85.991; 
 335;      .757;    25.175;    85.991; 
 336;      .755;    25.184;    85.991; 
 337;      .753;    25.189;    85.991; 
 338;      .751;    25.200;    85.991; 
 339;      .748;    25.211;    85.991; 
 340;      .746;    25.219;    85.991; 
 341;      .744;    25.228;    85.991; 
 342;      .742;    25.237;    85.991; 
 343;      .740;    25.243;    85.991; 
 344;      .738;    25.251;    85.991; 
 345;      .735;    25.260;    85.991; 
 346;      .729;    25.285;    85.991; 
 347;      .725;    25.310;    85.991; 
 348;      .723;    25.327;    85.991; 
 349;      .722;    25.330;    85.991; 
 350;      .721;    25.333;    85.991; 
 351;      .721;    25.335;    85.991; 
 352;      .719;    25.341;    85.991; 
 353;      .718;    25.345;    85.991; 
 354;      .714;    25.359;    85.991; 
 355;      .711;    25.371;    85.991; 
 356;      .709;    25.381;    85.991; 
 357;      .706;    25.391;    85.991; 
 358;      .701;    25.415;    85.991; 
 359;      .698;    25.435;    85.991; 
 360;      .697;    25.443;    85.991; 
 361;      .696;    25.448;    85.991; 
 362;      .694;    25.456;    85.991; 
 363;      .692;    25.462;    85.991; 
 364;      .691;    25.469;    85.991; 
 365;      .688;    25.481;    85.991; 
 366;      .687;    25.488;    85.991; 
 367;      .683;    25.502;    85.991; 
 368;      .682;    25.508;    85.991; 
 369;      .679;    25.520;    85.991; 
 370;      .677;    25.527;    85.991; 
 371;      .675;    25.538;    85.991; 
 372;      .672;    25.549;    85.991; 
 373;      .669;    25.560;    85.991; 
 374;      .668;    25.567;    85.991; 
 375;      .666;    25.573;    85.991; 
 376;      .664;    25.580;    85.991; 
 377;      .660;    25.595;    85.991; 
 378;      .657;    25.608;    85.991; 
 379;      .655;    25.615;    85.991; 
 380;      .653;    25.622;    85.991; 
 381;      .651;    25.628;    85.991; 
 382;      .648;    25.637;    85.991; 
 383;      .644;    25.650;    85.991; 
 384;      .641;    25.662;    85.991; 
 385;      .637;    25.676;    85.991; 
 386;      .635;    25.685;    85.991; 
 387;      .632;    25.694;    85.991; 
 388;      .628;    25.709;    85.991; 
 389;      .626;    25.717;    85.991; 
 390;      .623;    25.728;    85.991; 
 391;      .621;    25.735;    85.991; 
 392;      .618;    25.746;    85.991; 
 393;      .617;    25.748;    85.991; 
 394;      .613;    25.762;    85.991; 
 395;      .611;    25.769;    85.991; 
 396;      .607;    25.781;    85.991; 
 397;      .604;    25.796;    85.991; 
 398;      .600;    25.809;    85.991; 
 399;      .598;    25.815;    85.991; 
 400;      .596;    25.822;    85.991; 
 401;      .595;    25.824;    85.991; 
 402;      .591;    25.836;    85.991; 
 403;      .587;    25.849;    85.991; 
 404;      .583;    25.863;    85.991; 
 405;      .581;    25.870;    85.991; 
 406;      .577;    25.884;    85.991; 
 407;      .574;    25.892;    85.991; 
 408;      .572;    25.900;    85.991; 
 409;      .569;    25.910;    85.991; 
 410;      .566;    25.920;    85.991; 
 411;      .563;    25.928;    85.991; 
 412;      .560;    25.938;    85.991; 
 413;      .556;    25.950;    85.991; 
 414;      .553;    25.960;    85.991; 
 415;      .549;    25.974;    85.991; 
 416;      .546;    25.982;    85.991; 
 417;      .544;    25.989;    85.991; 
 418;      .541;    25.999;    85.991; 
 419;      .537;    26.009;    85.991; 
 420;      .534;    26.019;    85.991; 
 421;      .531;    26.029;    85.991; 
 422;      .529;    26.036;    85.991; 
 423;      .528;    26.038;    85.991; 
 424;      .522;    26.054;    85.991; 
 425;      .517;    26.070;    85.991; 
 426;      .513;    26.082;    85.991; 
 427;      .508;    26.099;    85.991; 
 428;      .506;    26.107;    85.991; 
 429;      .504;    26.112;    85.991; 
 430;      .502;    26.120;    85.991; 
 431;      .499;    26.128;    85.991; 
 432;      .496;    26.136;    85.991; 
 433;      .493;    26.145;    85.991; 
 434;      .488;    26.158;    85.991; 
 435;      .486;    26.165;    85.991; 
 436;      .484;    26.170;    85.991; 
 437;      .479;    26.184;    85.991; 
 438;      .472;    26.206;    85.991; 
 439;      .469;    26.213;    85.991; 
 440;      .467;    26.220;    85.991; 
 441;      .464;    26.229;    85.991; 
 442;      .462;    26.234;    85.991; 
 443;      .457;    26.249;    85.991; 
 444;      .455;    26.254;    85.991; 
 445;      .451;    26.263;    85.991; 
 446;      .448;    26.273;    85.991; 
 447;      .443;    26.285;    85.991; 
 448;      .439;    26.299;    85.991; 
 449;      .434;    26.311;    85.991; 
 450;      .431;    26.320;    85.991; 
 451;      .429;    26.325;    85.991; 
 452;      .427;    26.332;    85.991; 
 453;      .423;    26.340;    85.991; 
 454;      .417;    26.356;    85.991; 
 455;      .413;    26.370;    85.991; 
 456;      .410;    26.377;    85.991; 
 457;      .407;    26.387;    85.991; 
 458;      .404;    26.395;    85.991; 
 459;      .400;    26.405;    85.991; 
 460;      .398;    26.410;    85.991; 
 461;      .394;    26.422;    85.991; 
 462;      .390;    26.431;    85.991; 
 463;      .387;    26.440;    85.991; 
 464;      .383;    26.450;    85.991; 
 465;      .379;    26.460;    85.991; 
 466;      .375;    26.470;    85.991; 
 467;      .371;    26.480;    85.991; 
 468;      .368;    26.488;    85.991; 
 469;      .365;    26.497;    85.991; 
 470;      .360;    26.508;    85.991; 
 471;      .356;    26.519;    85.991; 
 472;      .353;    26.525;    85.991; 
 473;      .347;    26.542;    85.991; 
 474;      .343;    26.554;    85.991; 
 475;      .340;    26.563;    85.991; 
 476;      .336;    26.571;    85.991; 
 477;      .334;    26.576;    85.991; 
 478;      .330;    26.588;    85.991; 
 479;      .327;    26.595;    85.991; 
 480;      .322;    26.609;    85.991; 
 481;      .320;    26.614;    85.991; 
 482;      .315;    26.625;    85.991; 
 483;      .312;    26.634;    85.991; 
 484;      .308;    26.644;    85.991; 
 485;      .305;    26.652;    85.991; 
 486;      .301;    26.661;    85.991; 
 487;      .298;    26.669;    85.991; 
 488;      .295;    26.676;    85.991; 
 489;      .291;    26.683;    85.991; 
 490;      .288;    26.690;    85.991; 
 491;      .282;    26.703;    85.991; 
 492;      .274;    26.725;    85.991; 
 493;      .269;    26.737;    85.991; 
 494;      .267;    26.743;    85.991; 
 495;      .265;    26.748;    85.991; 
 496;      .262;    26.756;    85.991; 
 497;      .258;    26.766;    85.991; 
 498;      .252;    26.780;    85.991; 
 499;      .249;    26.786;    85.991; 
 500;      .245;    26.796;    85.991; 
 501;      .243;    26.801;    85.991; 
 502;      .238;    26.813;    85.991; 
 503;      .235;    26.821;    85.991; 
 504;      .229;    26.834;    85.991; 
 505;      .224;    26.846;    85.991; 
 506;      .220;    26.855;    85.991; 
 507;      .217;    26.863;    85.991; 
 508;      .215;    26.868;    85.991; 
 509;      .210;    26.879;    85.991; 
 510;      .206;    26.889;    85.991; 
 511;      .201;    26.900;    85.991; 
 512;      .196;    26.912;    85.991; 
 513;      .192;    26.921;    85.991; 
 514;      .188;    26.929;    85.991; 
 515;      .184;    26.941;    85.991; 
 516;      .179;    26.952;    85.991; 
 517;      .174;    26.962;    85.991; 
 518;      .171;    26.969;    85.991; 
 519;      .168;    26.977;    85.991; 
 520;      .164;    26.986;    85.991; 
 521;      .161;    26.992;    85.991; 
 522;      .155;    27.005;    85.991; 
 523;      .152;    27.012;    85.991; 
 524;      .146;    27.025;    85.991; 
 525;      .142;    27.034;    85.991; 
 526;      .140;    27.039;    85.991; 
 527;      .136;    27.048;    85.991; 
 528;      .134;    27.050;    85.991; 
 529;      .131;    27.056;    85.991; 
 530;      .129;    27.060;    85.991; 
 531;      .126;    27.065;    85.991; 
 532;      .126;    27.063;    85.991; 
 533;      .121;    27.070;    85.991; 
 534;      .121;    27.070;    85.991; 
 535;      .118;    27.074;    85.991; 
 536;      .115;    27.077;    85.991; 
 537;      .112;    27.081;    85.991; 
 538;      .111;    27.082;    85.991; 
 539;      .106;    27.086;    85.991; 
 540;      .104;    27.088;    85.991; 
 541;      .100;    27.092;    85.991; 
 542;      .091;    27.100;    85.991; 
 543;      .083;    27.107;    85.991; 
 544;      .073;    27.116;    85.991; 
 545;      .071;    27.118;    85.991; 
 546;      .069;    27.120;    85.991; 
 547;      .066;    27.121;    85.991; 
 548;      .064;    27.122;    85.991; 
 549;      .063;    27.122;    85.991; 
 550;      .061;    27.123;    85.991; 
 551;      .060;    27.124;    85.991; 
 552;      .049;    27.129;    85.991; 
 553;      .039;    27.135;    85.991; 
 554;      .035;    27.137;    85.991; 
 555;      .032;    27.138;    85.991; 
 556;      .017;    27.145;    85.991; 
 557;      .003;    27.152;    85.991; 
 558;     0.000;    27.153;    85.991; 
 559;     -.005;    27.156;    85.991; 
 560;     -.004;    27.155;    85.991; 
 561;     -.006;    27.155;    85.991; 
 562;     -.009;    27.156;    85.991; 
 563;     -.010;    27.155;    85.991; 
 564;     -.010;    27.155;    85.991; 
 565;     -.011;    27.155;    85.991; 
 566;     -.016;    27.156;    85.991; 
 567;     -.022;    27.156;    85.991; 
 568;     -.024;    27.156;    85.991; 
 569;     -.025;    27.156;    85.991; 
 570;     -.029;    27.156;    85.991; 
 571;     -.035;    27.155;    85.991; 
 572;     -.063;    27.156;    85.991; 
 573;     -.078;    27.157;    85.991; 
 574;     -.089;    27.157;    85.991; 
 575;     -.103;    27.158;    85.991; 
 576;     -.107;    27.158;    85.991; 
 577;     -.114;    27.158;    85.991; 
 578;     -.119;    27.158;    85.991; 
 579;     -.134;    27.159;    85.991; 
 580;     -.147;    27.159;    85.991; 
 581;     -.155;    27.159;    85.991; 
 582;     -.162;    27.159;    85.991; 
 583;     -.169;    27.159;    85.991; 
 584;     -.176;    27.159;    85.991; 
 585;     -.184;    27.159;    85.991; 
 586;     -.194;    27.158;    85.991; 
 587;     -.202;    27.158;    85.991; 
 588;     -.213;    27.158;    85.991; 
 589;     -.226;    27.157;    85.991; 
 590;     -.238;    27.157;    85.991; 
 591;     -.249;    27.157;    85.991; 
 592;     -.262;    27.156;    85.991; 
 593;     -.275;    27.156;    85.991; 
 594;     -.287;    27.156;    85.991; 
 595;     -.298;    27.156;    85.991; 
 596;     -.311;    27.156;    85.991; 
 597;     -.321;    27.156;    85.991; 
 598;     -.330;    27.156;    85.991; 
 599;     -.340;    27.156;    85.991; 
 600;     -.343;    27.156;    85.991; 
 601;     -.355;    27.156;    85.991; 
 602;     -.364;    27.156;    85.991; 
 603;     -.376;    27.155;    85.991; 
 604;     -.388;    27.155;    85.991; 
 605;     -.398;    27.155;    85.991; 
 606;     -.409;    27.155;    85.991; 
 607;     -.416;    27.155;    85.991; 
 608;     -.424;    27.154;    85.991; 
 609;     -.429;    27.154;    85.991; 
 610;     -.436;    27.153;    85.991; 
 611;     -.460;    27.152;    85.991; 
 612;     -.484;    27.152;    85.991; 
 613;     -.490;    27.152;    85.991; 
 614;     -.496;    27.152;    85.991; 
 615;     -.509;    27.152;    85.991; 
 616;     -.528;    27.152;    85.991; 
 617;     -.535;    27.152;    85.991; 
 618;     -.539;    27.152;    85.991; 
 619;     -.541;    27.152;    85.991; 
 620;     -.543;    27.151;    85.991; 
 621;     -.547;    27.151;    85.991; 
 622;     -.559;    27.150;    85.991; 
 623;     -.572;    27.149;    85.991; 
 624;     -.580;    27.148;    85.991; 
 625;     -.589;    27.147;    85.991; 
 626;     -.594;    27.146;    85.991; 
 627;     -.600;    27.145;    85.991; 
 628;     -.604;    27.144;    85.991; 
 629;     -.607;    27.144;    85.991; 
 630;     -.611;    27.142;    85.991; 
 631;     -.613;    27.142;    85.991; 
 632;     -.619;    27.140;    85.991; 
 633;     -.620;    27.139;    85.991; 
 634;     -.625;    27.138;    85.991; 
 635;     -.629;    27.136;    85.991; 
 636;     -.631;    27.135;    85.991; 
 637;     -.638;    27.132;    85.991; 
 638;     -.641;    27.130;    85.991; 
 639;     -.643;    27.129;    85.991; 
 640;     -.648;    27.126;    85.991; 
 641;     -.651;    27.124;    85.991; 
 642;     -.659;    27.119;    85.991; 
 643;     -.665;    27.116;    85.991; 
 644;     -.675;    27.110;    85.991; 
 645;     -.676;    27.109;    85.991; 
 646;     -.686;    27.103;    85.991; 
 647;     -.693;    27.098;    85.991; 
 648;     -.693;    27.097;    85.991; 
 649;     -.695;    27.096;    85.991; 
 650;     -.697;    27.094;    85.991; 
 651;     -.695;    27.095;    85.991; 
 652;     -.699;    27.091;    85.991; 
 653;     -.705;    27.086;    85.991; 
 654;     -.714;    27.077;    85.991; 
 655;     -.720;    27.071;    85.991; 
 656;     -.726;    27.066;    85.991; 
 657;     -.728;    27.063;    85.991; 
 658;     -.730;    27.061;    85.991; 
 659;     -.733;    27.057;    85.991; 
 660;     -.740;    27.049;    85.991; 
 661;     -.744;    27.043;    85.991; 
 662;     -.748;    27.038;    85.991; 
 663;     -.749;    27.036;    85.991; 
 664;     -.752;    27.032;    85.991; 
 665;     -.752;    27.031;    85.991; 
 666;     -.755;    27.026;    85.991; 
 667;     -.753;    27.029;    85.991; 
 668;     -.757;    27.020;    85.991; 
 669;     -.759;    27.015;    85.991; 
 670;     -.763;    27.008;    85.991; 
 671;     -.768;    26.995;    85.991; 
 672;     -.770;    26.991;    85.991; 
 673;     -.775;    26.978;    85.991; 
 674;     -.779;    26.968;    85.991; 
 675;     -.782;    26.962;    85.991; 
 676;     -.785;    26.952;    85.991; 
 677;     -.787;    26.947;    85.991; 
 678;     -.792;    26.935;    85.991; 
 679;     -.794;    26.930;    85.991; 
 680;     -.801;    26.911;    85.991; 
 681;     -.804;    26.904;    85.991; 
 682;     -.809;    26.891;    85.991; 
 683;     -.814;    26.879;    85.991; 
 684;     -.818;    26.868;    85.991; 
 685;     -.822;    26.859;    85.991; 
 686;     -.826;    26.849;    85.991; 
 687;     -.829;    26.841;    85.991; 
 688;     -.832;    26.833;    85.991; 
 689;     -.836;    26.824;    85.991; 
 690;     -.840;    26.812;    85.991; 
 691;     -.844;    26.803;    85.991; 
 692;     -.848;    26.793;    85.991; 
 693;     -.854;    26.779;    85.991; 
 694;     -.857;    26.771;    85.991; 
 695;     -.859;    26.765;    85.991; 
 696;     -.863;    26.753;    85.991; 
 697;     -.866;    26.746;    85.991; 
 698;     -.870;    26.734;    85.991; 
 699;     -.875;    26.722;    85.991; 
 700;     -.878;    26.716;    85.991; 
 701;     -.881;    26.706;    85.991; 
 702;     -.884;    26.698;    85.991; 
 703;     -.887;    26.689;    85.991; 
 704;     -.889;    26.684;    85.991; 
 705;     -.893;    26.673;    85.991; 
 706;     -.899;    26.657;    85.991; 
 707;     -.905;    26.641;    85.991; 
 708;     -.908;    26.633;    85.991; 
 709;     -.913;    26.621;    85.991; 
 710;     -.914;    26.617;    85.991; 
 711;     -.916;    26.611;    85.991; 
 712;     -.919;    26.604;    85.991; 
 713;     -.921;    26.598;    85.991; 
 714;     -.926;    26.582;    85.991; 
 715;     -.931;    26.567;    85.991; 
 716;     -.935;    26.557;    85.991; 
 717;     -.937;    26.552;    85.991; 
 718;     -.938;    26.548;    85.991; 
 719;     -.944;    26.530;    85.991; 
 720;     -.950;    26.515;    85.991; 
 721;     -.953;    26.506;    85.991; 
 722;     -.957;    26.495;    85.991; 
 723;     -.961;    26.485;    85.991; 
 724;     -.964;    26.475;    85.991; 
 725;     -.968;    26.465;    85.991; 
 726;     -.971;    26.458;    85.991; 
 727;     -.975;    26.446;    85.991; 
 728;     -.977;    26.438;    85.991; 
 729;     -.980;    26.431;    85.991; 
 730;     -.983;    26.423;    85.991; 
 731;     -.986;    26.412;    85.991; 
 732;     -.991;    26.398;    85.991; 
 733;     -.994;    26.389;    85.991; 
 734;     -.997;    26.381;    85.991; 
 735;    -1.000;    26.372;    85.991; 
 736;    -1.002;    26.364;    85.991; 
 737;    -1.006;    26.353;    85.991; 
 738;    -1.009;    26.344;    85.991; 
 739;    -1.013;    26.331;    85.991; 
 740;    -1.016;    26.322;    85.991; 
 741;    -1.020;    26.312;    85.991; 
 742;    -1.022;    26.303;    85.991; 
 743;    -1.025;    26.295;    85.991; 
 744;    -1.029;    26.284;    85.991; 
 745;    -1.031;    26.276;    85.991; 
 746;    -1.037;    26.260;    85.991; 
 747;    -1.041;    26.247;    85.991; 
 748;    -1.043;    26.243;    85.991; 
 749;    -1.045;    26.236;    85.991; 
 750;    -1.048;    26.225;    85.991; 
 751;    -1.050;    26.219;    85.991; 
 752;    -1.055;    26.205;    85.991; 
 753;    -1.058;    26.196;    85.991; 
 754;    -1.060;    26.188;    85.991; 
 755;    -1.064;    26.176;    85.991; 
 756;    -1.066;    26.170;    85.991; 
 757;    -1.070;    26.157;    85.991; 
 758;    -1.073;    26.149;    85.991; 
 759;    -1.077;    26.135;    85.991; 
 760;    -1.079;    26.130;    85.991; 
 761;    -1.083;    26.117;    85.991; 
 762;    -1.085;    26.108;    85.991; 
 763;    -1.088;    26.101;    85.991; 
 764;    -1.091;    26.091;    85.991; 
 765;    -1.092;    26.085;    85.991; 
 766;    -1.097;    26.069;    85.991; 
 767;    -1.100;    26.060;    85.991; 
 768;    -1.103;    26.050;    85.991; 
 769;    -1.105;    26.041;    85.991; 
 770;    -1.108;    26.033;    85.991; 
 771;    -1.111;    26.023;    85.991; 
 772;    -1.113;    26.013;    85.991; 
 773;    -1.117;    26.002;    85.991; 
 774;    -1.119;    25.995;    85.991; 
 775;    -1.121;    25.985;    85.991; 
 776;    -1.126;    25.971;    85.991; 
 777;    -1.129;    25.960;    85.991; 
 778;    -1.133;    25.948;    85.991; 
 779;    -1.135;    25.940;    85.991; 
 780;    -1.138;    25.931;    85.991; 
 781;    -1.140;    25.922;    85.991; 
 782;    -1.143;    25.913;    85.991; 
 783;    -1.146;    25.901;    85.991; 
 784;    -1.148;    25.893;    85.991; 
 785;    -1.151;    25.883;    85.991; 
 786;    -1.153;    25.874;    85.991; 
 787;    -1.157;    25.862;    85.991; 
 788;    -1.158;    25.855;    85.991; 
 789;    -1.162;    25.841;    85.991; 
 790;    -1.164;    25.834;    85.991; 
 791;    -1.167;    25.825;    85.991; 
 792;    -1.171;    25.811;    85.991; 
 793;    -1.172;    25.805;    85.991; 
 794;    -1.174;    25.797;    85.991; 
 795;    -1.178;    25.783;    85.991; 
 796;    -1.179;    25.778;    85.991; 
 797;    -1.182;    25.764;    85.991; 
 798;    -1.185;    25.755;    85.991; 
 799;    -1.187;    25.746;    85.991; 
 800;    -1.190;    25.734;    85.991; 
 801;    -1.191;    25.728;    85.991; 
 802;    -1.194;    25.719;    85.991; 
 803;    -1.196;    25.709;    85.991; 
 804;    -1.200;    25.692;    85.991; 
 805;    -1.204;    25.677;    85.991; 
 806;    -1.209;    25.662;    85.991; 
 807;    -1.210;    25.657;    85.991; 
 808;    -1.212;    25.649;    85.991; 
 809;    -1.214;    25.642;    85.991; 
 810;    -1.215;    25.635;    85.991; 
 811;    -1.217;    25.626;    85.991; 
 812;    -1.219;    25.616;    85.991; 
 813;    -1.222;    25.604;    85.991; 
 814;    -1.225;    25.592;    85.991; 
 815;    -1.226;    25.587;    85.991; 
 816;    -1.229;    25.574;    85.991; 
 817;    -1.233;    25.558;    85.991; 
 818;    -1.237;    25.545;    85.991; 
 819;    -1.239;    25.536;    85.991; 
 820;    -1.240;    25.531;    85.991; 
 821;    -1.243;    25.521;    85.991; 
 822;    -1.243;    25.516;    85.991; 
 823;    -1.246;    25.505;    85.991; 
 824;    -1.249;    25.489;    85.991; 
 825;    -1.252;    25.477;    85.991; 
 826;    -1.253;    25.474;    85.991; 
 827;    -1.255;    25.464;    85.991; 
 828;    -1.256;    25.459;    85.991; 
 829;    -1.258;    25.451;    85.991; 
 830;    -1.259;    25.440;    85.991; 
 831;    -1.263;    25.424;    85.991; 
 832;    -1.264;    25.416;    85.991; 
 833;    -1.268;    25.398;    85.991; 
 834;    -1.272;    25.383;    85.991; 
 835;    -1.276;    25.371;    85.991; 
 836;    -1.277;    25.365;    85.991; 
 837;    -1.277;    25.365;    85.991; 
 838;    -1.277;    25.363;    85.991; 
 839;    -1.277;    25.362;    85.991; 
 840;    -1.278;    25.351;    85.991; 
 841;    -1.283;    25.324;    85.991; 
 842;    -1.289;    25.299;    85.991; 
 843;    -1.290;    25.293;    85.991; 
 844;    -1.292;    25.286;    85.991; 
 845;    -1.291;    25.287;    85.991; 
 846;    -1.292;    25.283;    85.991; 
 847;    -1.292;    25.282;    85.991; 
 848;    -1.292;    25.279;    85.991; 
 849;    -1.292;    25.277;    85.991; 
 850;    -1.292;    25.265;    85.991; 
 851;    -1.298;    25.221;    85.991; 
 852;    -1.308;    25.181;    85.991; 
 853;    -1.312;    25.171;    85.991; 
 854;    -1.312;    25.170;    85.991; 
 855;    -1.313;    25.165;    85.991; 
 856;    -1.314;    25.159;    85.991; 
 857;    -1.315;    25.156;    85.991; 
 858;    -1.316;    25.151;    85.991; 
 859;    -1.317;    25.143;    85.991; 
 860;    -1.318;    25.136;    85.991; 
 861;    -1.317;    25.136;    85.991; 
 862;    -1.320;    25.115;    85.991; 
 863;    -1.326;    25.084;    85.991; 
 864;    -1.336;    25.052;    85.991; 
 865;    -1.341;    25.036;    85.991; 
 866;    -1.344;    25.029;    85.991; 
 867;    -1.348;    25.016;    85.991; 
 868;    -1.365;    24.977;    85.991; 
 869;    -1.382;    24.950;    85.991; 
 870;    -1.463;    24.868;    85.991; 
 871;    -1.542;    24.833;    85.991; 
 872;    -1.586;    24.824;    85.991; 
 873;    -1.608;    24.822;    85.991; 
 874;    -1.620;    24.820;    85.991; 
 875;    -1.623;    24.820;    85.991; 
 876;    -1.630;    24.819;    85.991; 
 877;    -1.648;    24.817;    85.991; 
 878;    -1.675;    24.815;    85.991; 
 879;    -1.686;    24.815;    85.991; 
 880;    -1.696;    24.814;    85.991; 
 881;    -1.701;    24.814;    85.991; 
 882;    -1.711;    24.813;    85.991; 
 883;    -1.717;    24.813;    85.991; 
 884;    -1.725;    24.812;    85.991; 
 885;    -1.736;    24.811;    85.991; 
 886;    -1.748;    24.810;    85.991; 
 887;    -1.758;    24.809;    85.991; 
 888;    -1.768;    24.809;    85.991; 
 889;    -1.778;    24.808;    85.991; 
 890;    -1.785;    24.807;    85.991; 
 891;    -1.793;    24.806;    85.991; 
 892;    -1.808;    24.805;    85.991; 
 893;    -1.823;    24.803;    85.991; 
 894;    -1.842;    24.803;    85.991; 
 895;    -1.855;    24.802;    85.991; 
 896;    -1.866;    24.802;    85.991; 
 897;    -1.873;    24.802;    85.991; 
 898;    -1.881;    24.801;    85.991; 
 899;    -1.890;    24.801;    85.991; 
 900;    -1.899;    24.800;    85.991; 
 901;    -1.909;    24.800;    85.991; 
 902;    -1.921;    24.799;    85.991; 
 903;    -1.934;    24.799;    85.991; 
 904;    -1.943;    24.798;    85.991; 
 905;    -1.952;    24.798;    85.991; 
 906;    -1.994;    24.799;    85.991; 
 907;    -2.082;    24.822;    85.991; 
 908;    -2.154;    24.868;    85.991; 
 909;    -2.226;    24.969;    85.991; 
 910;    -2.236;    24.996;    85.991; 
 911;    -2.238;    25.003;    85.991; 
 912;    -2.240;    25.006;    85.991; 
 913;    -2.241;    25.010;    85.991; 
 914;    -2.242;    25.011;    85.991; 
 915;    -2.244;    25.015;    85.991; 
 916;    -2.249;    25.026;    85.991; 
 917;    -2.263;    25.059;    85.991; 
 918;    -2.273;    25.089;    85.991; 
 919;    -2.274;    25.094;    85.991; 
 920;    -2.277;    25.103;    85.991; 
 921;    -2.279;    25.109;    85.991; 
 922;    -2.282;    25.117;    85.991; 
 923;    -2.285;    25.124;    85.991; 
 924;    -2.290;    25.139;    85.991; 
 925;    -2.293;    25.149;    85.991; 
 926;    -2.297;    25.160;    85.991; 
 927;    -2.300;    25.169;    85.991; 
 928;    -2.302;    25.176;    85.991; 
 929;    -2.306;    25.187;    85.991; 
 930;    -2.309;    25.195;    85.991; 
 931;    -2.312;    25.206;    85.991; 
 932;    -2.316;    25.216;    85.991; 
 933;    -2.319;    25.224;    85.991; 
 934;    -2.322;    25.232;    85.991; 
 935;    -2.326;    25.242;    85.991; 
 936;    -2.326;    25.243;    85.991; 
 937;    -2.332;    25.257;    85.991; 
 938;    -2.337;    25.273;    85.991; 
 939;    -2.344;    25.292;    85.991; 
 940;    -2.347;    25.301;    85.991; 
 941;    -2.349;    25.305;    85.991; 
 942;    -2.352;    25.314;    85.991; 
 943;    -2.355;    25.322;    85.991; 
 944;    -2.358;    25.332;    85.991; 
 945;    -2.362;    25.342;    85.991; 
 946;    -2.367;    25.354;    85.991; 
 947;    -2.369;    25.360;    85.991; 
 948;    -2.372;    25.367;    85.991; 
 949;    -2.375;    25.374;    85.991; 
 950;    -2.378;    25.383;    85.991; 
 951;    -2.384;    25.397;    85.991; 
 952;    -2.389;    25.409;    85.991; 
 953;    -2.393;    25.420;    85.991; 
 954;    -2.397;    25.433;    85.991; 
 955;    -2.400;    25.440;    85.991; 
 956;    -2.404;    25.449;    85.991; 
 957;    -2.405;    25.453;    85.991; 
 958;    -2.409;    25.461;    85.991; 
 959;    -2.412;    25.470;    85.991; 
 960;    -2.414;    25.474;    85.991; 
 961;    -2.420;    25.489;    85.991; 
 962;    -2.428;    25.509;    85.991; 
 963;    -2.431;    25.516;    85.991; 
 964;    -2.433;    25.521;    85.991; 
 965;    -2.436;    25.530;    85.991; 
 966;    -2.437;    25.530;    85.991; 
 967;    -2.442;    25.541;    85.991; 
 968;    -2.449;    25.559;    85.991; 
 969;    -2.454;    25.573;    85.991; 
 970;    -2.457;    25.579;    85.991; 
 971;    -2.459;    25.584;    85.991; 
 972;    -2.465;    25.597;    85.991; 
 973;    -2.466;    25.600;    85.991; 
 974;    -2.470;    25.608;    85.991; 
 975;    -2.472;    25.613;    85.991; 
 976;    -2.477;    25.623;    85.991; 
 977;    -2.483;    25.637;    85.991; 
 978;    -2.487;    25.644;    85.991; 
 979;    -2.493;    25.658;    85.991; 
 980;    -2.500;    25.676;    85.991; 
 981;    -2.507;    25.693;    85.991; 
 982;    -2.510;    25.702;    85.991; 
 983;    -2.514;    25.712;    85.991; 
 984;    -2.517;    25.718;    85.991; 
 985;    -2.521;    25.728;    85.991; 
 986;    -2.524;    25.736;    85.991; 
 987;    -2.529;    25.748;    85.991; 
 988;    -2.531;    25.754;    85.991; 
 989;    -2.533;    25.759;    85.991; 
 990;    -2.539;    25.771;    85.991; 
 991;    -2.540;    25.775;    85.991; 
 992;    -2.546;    25.787;    85.991; 
 993;    -2.548;    25.792;    85.991; 
 994;    -2.553;    25.802;    85.991; 
 995;    -2.556;    25.809;    85.991; 
 996;    -2.562;    25.821;    85.991; 
 997;    -2.566;    25.830;    85.991; 
 998;    -2.570;    25.839;    85.991; 
 999;    -2.575;    25.849;    85.991; 
1000;    -2.580;    25.860;    85.991; 
1001;    -2.585;    25.870;    85.991; 
1002;    -2.590;    25.883;    85.991; 
1003;    -2.594;    25.891;    85.991; 
1004;    -2.597;    25.899;    85.991; 
1005;    -2.602;    25.908;    85.991; 
1006;    -2.604;    25.913;    85.991; 
1007;    -2.610;    25.925;    85.991; 
1008;    -2.610;    25.925;    85.991; 
1009;    -2.618;    25.942;    85.991; 
1010;    -2.625;    25.955;    85.991; 
1011;    -2.630;    25.967;    85.991; 
1012;    -2.633;    25.973;    85.991; 
1013;    -2.636;    25.980;    85.991; 
1014;    -2.641;    25.989;    85.991; 
1015;    -2.646;    26.001;    85.991; 
1016;    -2.650;    26.007;    85.991; 
1017;    -2.656;    26.020;    85.991; 
1018;    -2.661;    26.032;    85.991; 
1019;    -2.665;    26.041;    85.991; 
1020;    -2.668;    26.048;    85.991; 
1021;    -2.673;    26.058;    85.991; 
1022;    -2.675;    26.062;    85.991; 
1023;    -2.679;    26.069;    85.991; 
1024;    -2.682;    26.075;    85.991; 
1025;    -2.685;    26.079;    85.991; 
1026;    -2.695;    26.098;    85.991; 
1027;    -2.704;    26.117;    85.991; 
1028;    -2.711;    26.133;    85.991; 
1029;    -2.711;    26.133;    85.991; 
1030;    -2.715;    26.142;    85.991; 
1031;    -2.719;    26.149;    85.991; 
1032;    -2.724;    26.160;    85.991; 
1033;    -2.727;    26.166;    85.991; 
1034;    -2.733;    26.176;    85.991; 
1035;    -2.737;    26.185;    85.991; 
1036;    -2.740;    26.190;    85.991; 
1037;    -2.743;    26.197;    85.991; 
1038;    -2.748;    26.204;    85.991; 
1039;    -2.751;    26.210;    85.991; 
1040;    -2.765;    26.238;    85.991; 
1041;    -2.771;    26.249;    85.991; 
1042;    -2.774;    26.256;    85.991; 
1043;    -2.777;    26.262;    85.991; 
1044;    -2.781;    26.269;    85.991; 
1045;    -2.785;    26.277;    85.991; 
1046;    -2.791;    26.289;    85.991; 
1047;    -2.794;    26.294;    85.991; 
1048;    -2.799;    26.304;    85.991; 
1049;    -2.805;    26.316;    85.991; 
1050;    -2.809;    26.324;    85.991; 
1051;    -2.812;    26.329;    85.991; 
1052;    -2.816;    26.336;    85.991; 
1053;    -2.821;    26.344;    85.991; 
1054;    -2.828;    26.356;    85.991; 
1055;    -2.833;    26.365;    85.991; 
1056;    -2.837;    26.373;    85.991; 
1057;    -2.843;    26.384;    85.991; 
1058;    -2.853;    26.402;    85.991; 
1059;    -2.861;    26.420;    85.991; 
1060;    -2.866;    26.430;    85.991; 
1061;    -2.868;    26.433;    85.991; 
1062;    -2.870;    26.437;    85.991; 
1063;    -2.875;    26.446;    85.991; 
1064;    -2.880;    26.455;    85.991; 
1065;    -2.884;    26.463;    85.991; 
1066;    -2.889;    26.472;    85.991; 
1067;    -2.894;    26.480;    85.991; 
1068;    -2.899;    26.489;    85.991; 
1069;    -2.903;    26.497;    85.991; 
1070;    -2.910;    26.510;    85.991; 
1071;    -2.914;    26.517;    85.991; 
1072;    -2.919;    26.524;    85.991; 
1073;    -2.924;    26.534;    85.991; 
1074;    -2.926;    26.538;    85.991; 
1075;    -2.933;    26.550;    85.991; 
1076;    -2.938;    26.558;    85.991; 
1077;    -2.943;    26.567;    85.991; 
1078;    -2.948;    26.575;    85.991; 
1079;    -2.956;    26.589;    85.991; 
1080;    -2.959;    26.595;    85.991; 
1081;    -2.963;    26.603;    85.991; 
1082;    -2.971;    26.618;    85.991; 
1083;    -2.978;    26.631;    85.991; 
1084;    -2.982;    26.639;    85.991; 
1085;    -2.985;    26.644;    85.991; 
1086;    -2.991;    26.654;    85.991; 
1087;    -2.994;    26.661;    85.991; 
1088;    -2.998;    26.668;    85.991; 
1089;    -3.001;    26.672;    85.991; 
1090;    -3.005;    26.679;    85.991; 
1091;    -3.009;    26.685;    85.991; 
1092;    -3.019;    26.701;    85.991; 
1093;    -3.024;    26.711;    85.991; 
1094;    -3.031;    26.723;    85.991; 
1095;    -3.037;    26.734;    85.991; 
1096;    -3.041;    26.741;    85.991; 
1097;    -3.045;    26.747;    85.991; 
1098;    -3.050;    26.755;    85.991; 
1099;    -3.053;    26.760;    85.991; 
1100;    -3.061;    26.773;    85.991; 
1101;    -3.067;    26.783;    85.991; 
1102;    -3.076;    26.799;    85.991; 
1103;    -3.080;    26.806;    85.991; 
1104;    -3.083;    26.812;    85.991; 
1105;    -3.087;    26.819;    85.991; 
1106;    -3.091;    26.825;    85.991; 
1107;    -3.093;    26.829;    85.991; 
1108;    -3.096;    26.833;    85.991; 
1109;    -3.102;    26.841;    85.991; 
1110;    -3.107;    26.849;    85.991; 
1111;    -3.110;    26.853;    85.991; 
1112;    -3.115;    26.860;    85.991; 
1113;    -3.118;    26.863;    85.991; 
1114;    -3.121;    26.867;    85.991; 
1115;    -3.122;    26.867;    85.991; 
1116;    -3.129;    26.876;    85.991; 
1117;    -3.137;    26.886;    85.991; 
1118;    -3.141;    26.890;    85.991; 
1119;    -3.143;    26.892;    85.991; 
1120;    -3.146;    26.895;    85.991; 
1121;    -3.148;    26.896;    85.991; 
1122;    -3.150;    26.898;    85.991; 
1123;    -3.150;    26.897;    85.991; 
1124;    -3.155;    26.901;    85.991; 
1125;    -3.154;    26.900;    85.991; 
1126;    -3.157;    26.902;    85.991; 
1127;    -3.157;    26.902;    85.991; 
1128;    -3.163;    26.906;    85.991; 
1129;    -3.164;    26.906;    85.991; 
1130;    -3.176;    26.912;    85.991; 
1131;    -3.190;    26.920;    85.991; 
1132;    -3.198;    26.924;    85.991; 
1133;    -3.204;    26.927;    85.991; 
1134;    -3.210;    26.930;    85.991; 
1135;    -3.213;    26.931;    85.991; 
1136;    -3.219;    26.934;    85.991; 
1137;    -3.225;    26.936;    85.991; 
1138;    -3.229;    26.937;    85.991; 
1139;    -3.235;    26.939;    85.991; 
1140;    -3.239;    26.940;    85.991; 
1141;    -3.246;    26.942;    85.991; 
1142;    -3.248;    26.943;    85.991; 
1143;    -3.251;    26.943;    85.991; 
1144;    -3.257;    26.944;    85.991; 
1145;    -3.262;    26.945;    85.991; 
1146;    -3.266;    26.946;    85.991; 
1147;    -3.270;    26.946;    85.991; 
1148;    -3.275;    26.946;    85.991; 
1149;    -3.279;    26.946;    85.991; 
1150;    -3.281;    26.946;    85.991; 
1151;    -3.286;    26.946;    85.991; 
1152;    -3.292;    26.946;    85.991; 
1153;    -3.299;    26.946;    85.991; 
1154;    -3.307;    26.945;    85.991; 
1155;    -3.311;    26.945;    85.991; 
1156;    -3.316;    26.944;    85.991; 
1157;    -3.322;    26.943;    85.991; 
1158;    -3.330;    26.942;    85.991; 
1159;    -3.346;    26.941;    85.991; 
1160;    -3.359;    26.939;    85.991; 
1161;    -3.368;    26.938;    85.991; 
1162;    -3.374;    26.938;    85.991; 
1163;    -3.385;    26.936;    85.991; 
1164;    -3.398;    26.935;    85.991; 
1165;    -3.408;    26.934;    85.991; 
1166;    -3.415;    26.933;    85.991; 
1167;    -3.423;    26.932;    85.991; 
1168;    -3.431;    26.930;    85.991; 
1169;    -3.442;    26.929;    85.991; 
1170;    -3.449;    26.928;    85.991; 
1171;    -3.457;    26.926;    85.991; 
1172;    -3.467;    26.925;    85.991; 
1173;    -3.477;    26.923;    85.991; 
1174;    -3.492;    26.921;    85.991; 
1175;    -3.512;    26.918;    85.991; 
1176;    -3.524;    26.917;    85.991; 
1177;    -3.533;    26.916;    85.991; 
1178;    -3.541;    26.915;    85.991; 
1179;    -3.550;    26.914;    85.991; 
1180;    -3.562;    26.912;    85.991; 
1181;    -3.570;    26.911;    85.991; 
1182;    -3.579;    26.910;    85.991; 
1183;    -3.588;    26.909;    85.991; 
1184;    -3.597;    26.907;    85.991; 
1185;    -3.609;    26.906;    85.991; 
1186;    -3.616;    26.904;    85.991; 
1187;    -3.625;    26.903;    85.991; 
1188;    -3.630;    26.902;    85.991; 
1189;    -3.639;    26.900;    85.991; 
1190;    -3.656;    26.897;    85.991; 
1191;    -3.679;    26.895;    85.991; 
1192;    -3.692;    26.893;    85.991; 
1193;    -3.703;    26.892;    85.991; 
1194;    -3.707;    26.892;    85.991; 
1195;    -3.715;    26.891;    85.991; 
1196;    -3.725;    26.890;    85.991; 
1197;    -3.738;    26.888;    85.991; 
1198;    -3.752;    26.887;    85.991; 
1199;    -3.762;    26.885;    85.991; 
1200;    -3.769;    26.885;    85.991; 
1201;    -3.777;    26.884;    85.991; 
1202;    -3.785;    26.882;    85.991; 
1203;    -3.791;    26.881;    85.991; 
