[A]
   1;     3.298;    26.945;    88.445; 
   2;     3.288;    26.947;    88.445; 
   3;     3.279;    26.949;    88.445; 
   4;     3.274;    26.950;    88.445; 
   5;     3.272;    26.950;    88.445; 
   6;     3.271;    26.950;    88.445; 
   7;     3.266;    26.950;    88.445; 
   8;     3.259;    26.951;    88.445; 
   9;     3.245;    26.952;    88.445; 
  10;     3.222;    26.954;    88.445; 
  11;     3.209;    26.956;    88.445; 
  12;     3.198;    26.957;    88.445; 
  13;     3.188;    26.959;    88.445; 
  14;     3.180;    26.960;    88.445; 
  15;     3.173;    26.961;    88.445; 
  16;     3.163;    26.962;    88.445; 
  17;     3.149;    26.963;    88.445; 
  18;     3.132;    26.966;    88.445; 
  19;     3.119;    26.968;    88.445; 
  20;     3.110;    26.969;    88.445; 
  21;     3.101;    26.970;    88.445; 
  22;     3.095;    26.971;    88.445; 
  23;     3.083;    26.973;    88.445; 
  24;     3.074;    26.974;    88.445; 
  25;     3.064;    26.975;    88.445; 
  26;     3.054;    26.976;    88.445; 
  27;     3.045;    26.977;    88.445; 
  28;     3.037;    26.978;    88.445; 
  29;     3.027;    26.979;    88.445; 
  30;     3.018;    26.980;    88.445; 
  31;     3.011;    26.981;    88.445; 
  32;     3.008;    26.981;    88.445; 
  33;     2.999;    26.981;    88.445; 
  34;     2.990;    26.982;    88.445; 
  35;     2.983;    26.982;    88.445; 
  36;     2.976;    26.982;    88.445; 
  37;     2.970;    26.982;    88.445; 
  38;     2.969;    26.981;    88.445; 
  39;     2.966;    26.981;    88.445; 
  40;     2.961;    26.980;    88.445; 
  41;     2.953;    26.980;    88.445; 
  42;     2.948;    26.979;    88.445; 
  43;     2.941;    26.978;    88.445; 
  44;     2.937;    26.977;    88.445; 
  45;     2.925;    26.974;    88.445; 
  46;     2.928;    26.975;    88.445; 
  47;     2.921;    26.973;    88.445; 
  48;     2.919;    26.972;    88.445; 
  49;     2.913;    26.970;    88.445; 
  50;     2.912;    26.969;    88.445; 
  51;     2.909;    26.968;    88.445; 
  52;     2.907;    26.967;    88.445; 
  53;     2.901;    26.964;    88.445; 
  54;     2.897;    26.962;    88.445; 
  55;     2.887;    26.956;    88.445; 
  56;     2.882;    26.954;    88.445; 
  57;     2.874;    26.949;    88.445; 
  58;     2.869;    26.946;    88.445; 
  59;     2.865;    26.944;    88.445; 
  60;     2.863;    26.942;    88.445; 
  61;     2.860;    26.940;    88.445; 
  62;     2.854;    26.935;    88.445; 
  63;     2.850;    26.932;    88.445; 
  64;     2.845;    26.929;    88.445; 
  65;     2.842;    26.926;    88.445; 
  66;     2.841;    26.924;    88.445; 
  67;     2.838;    26.922;    88.445; 
  68;     2.836;    26.919;    88.445; 
  69;     2.832;    26.916;    88.445; 
  70;     2.828;    26.910;    88.445; 
  71;     2.827;    26.909;    88.445; 
  72;     2.822;    26.904;    88.445; 
  73;     2.819;    26.900;    88.445; 
  74;     2.817;    26.896;    88.445; 
  75;     2.812;    26.890;    88.445; 
  76;     2.812;    26.889;    88.445; 
  77;     2.808;    26.883;    88.445; 
  78;     2.802;    26.873;    88.445; 
  79;     2.793;    26.860;    88.445; 
  80;     2.789;    26.853;    88.445; 
  81;     2.785;    26.846;    88.445; 
  82;     2.781;    26.840;    88.445; 
  83;     2.778;    26.834;    88.445; 
  84;     2.774;    26.828;    88.445; 
  85;     2.769;    26.817;    88.445; 
  86;     2.765;    26.811;    88.445; 
  87;     2.762;    26.805;    88.445; 
  88;     2.753;    26.788;    88.445; 
  89;     2.747;    26.779;    88.445; 
  90;     2.741;    26.769;    88.445; 
  91;     2.734;    26.757;    88.445; 
  92;     2.729;    26.748;    88.445; 
  93;     2.726;    26.742;    88.445; 
  94;     2.721;    26.734;    88.445; 
  95;     2.716;    26.725;    88.445; 
  96;     2.711;    26.716;    88.445; 
  97;     2.708;    26.710;    88.445; 
  98;     2.702;    26.700;    88.445; 
  99;     2.697;    26.690;    88.445; 
 100;     2.692;    26.681;    88.445; 
 101;     2.685;    26.669;    88.445; 
 102;     2.680;    26.659;    88.445; 
 103;     2.678;    26.655;    88.445; 
 104;     2.672;    26.644;    88.445; 
 105;     2.667;    26.634;    88.445; 
 106;     2.660;    26.623;    88.445; 
 107;     2.654;    26.610;    88.445; 
 108;     2.650;    26.603;    88.445; 
 109;     2.643;    26.592;    88.445; 
 110;     2.641;    26.587;    88.445; 
 111;     2.635;    26.577;    88.445; 
 112;     2.633;    26.572;    88.445; 
 113;     2.627;    26.562;    88.445; 
 114;     2.623;    26.554;    88.445; 
 115;     2.617;    26.543;    88.445; 
 116;     2.614;    26.536;    88.445; 
 117;     2.608;    26.524;    88.445; 
 118;     2.601;    26.511;    88.445; 
 119;     2.595;    26.501;    88.445; 
 120;     2.588;    26.488;    88.445; 
 121;     2.585;    26.483;    88.445; 
 122;     2.581;    26.476;    88.445; 
 123;     2.577;    26.467;    88.445; 
 124;     2.572;    26.458;    88.445; 
 125;     2.567;    26.449;    88.445; 
 126;     2.565;    26.443;    88.445; 
 127;     2.559;    26.432;    88.445; 
 128;     2.555;    26.425;    88.445; 
 129;     2.550;    26.414;    88.445; 
 130;     2.546;    26.406;    88.445; 
 131;     2.539;    26.392;    88.445; 
 132;     2.534;    26.384;    88.445; 
 133;     2.529;    26.374;    88.445; 
 134;     2.525;    26.366;    88.445; 
 135;     2.518;    26.353;    88.445; 
 136;     2.515;    26.347;    88.445; 
 137;     2.512;    26.340;    88.445; 
 138;     2.507;    26.332;    88.445; 
 139;     2.502;    26.321;    88.445; 
 140;     2.497;    26.311;    88.445; 
 141;     2.491;    26.299;    88.445; 
 142;     2.488;    26.294;    88.445; 
 143;     2.485;    26.286;    88.445; 
 144;     2.481;    26.278;    88.445; 
 145;     2.474;    26.264;    88.445; 
 146;     2.468;    26.253;    88.445; 
 147;     2.460;    26.239;    88.445; 
 148;     2.455;    26.229;    88.445; 
 149;     2.454;    26.226;    88.445; 
 150;     2.451;    26.220;    88.445; 
 151;     2.449;    26.216;    88.445; 
 152;     2.446;    26.209;    88.445; 
 153;     2.443;    26.202;    88.445; 
 154;     2.437;    26.187;    88.445; 
 155;     2.429;    26.171;    88.445; 
 156;     2.424;    26.162;    88.445; 
 157;     2.421;    26.155;    88.445; 
 158;     2.413;    26.140;    88.445; 
 159;     2.410;    26.132;    88.445; 
 160;     2.402;    26.117;    88.445; 
 161;     2.400;    26.113;    88.445; 
 162;     2.395;    26.104;    88.445; 
 163;     2.391;    26.096;    88.445; 
 164;     2.389;    26.091;    88.445; 
 165;     2.383;    26.078;    88.445; 
 166;     2.379;    26.070;    88.445; 
 167;     2.372;    26.056;    88.445; 
 168;     2.365;    26.042;    88.445; 
 169;     2.362;    26.036;    88.445; 
 170;     2.356;    26.025;    88.445; 
 171;     2.354;    26.020;    88.445; 
 172;     2.352;    26.016;    88.445; 
 173;     2.349;    26.008;    88.445; 
 174;     2.346;    26.002;    88.445; 
 175;     2.341;    25.989;    88.445; 
 176;     2.335;    25.977;    88.445; 
 177;     2.330;    25.966;    88.445; 
 178;     2.324;    25.952;    88.445; 
 179;     2.320;    25.945;    88.445; 
 180;     2.316;    25.936;    88.445; 
 181;     2.313;    25.929;    88.445; 
 182;     2.309;    25.919;    88.445; 
 183;     2.304;    25.909;    88.445; 
 184;     2.300;    25.900;    88.445; 
 185;     2.295;    25.888;    88.445; 
 186;     2.291;    25.880;    88.445; 
 187;     2.287;    25.872;    88.445; 
 188;     2.284;    25.864;    88.445; 
 189;     2.279;    25.853;    88.445; 
 190;     2.277;    25.849;    88.445; 
 191;     2.272;    25.837;    88.445; 
 192;     2.270;    25.831;    88.445; 
 193;     2.266;    25.820;    88.445; 
 194;     2.264;    25.816;    88.445; 
 195;     2.262;    25.809;    88.445; 
 196;     2.260;    25.804;    88.445; 
 197;     2.257;    25.795;    88.445; 
 198;     2.251;    25.779;    88.445; 
 199;     2.241;    25.754;    88.445; 
 200;     2.230;    25.731;    88.445; 
 201;     2.223;    25.718;    88.445; 
 202;     2.219;    25.711;    88.445; 
 203;     2.216;    25.705;    88.445; 
 204;     2.214;    25.701;    88.445; 
 205;     2.211;    25.695;    88.445; 
 206;     2.211;    25.692;    88.445; 
 207;     2.206;    25.682;    88.445; 
 208;     2.204;    25.675;    88.445; 
 209;     2.200;    25.666;    88.445; 
 210;     2.196;    25.655;    88.445; 
 211;     2.192;    25.647;    88.445; 
 212;     2.187;    25.633;    88.445; 
 213;     2.184;    25.626;    88.445; 
 214;     2.179;    25.615;    88.445; 
 215;     2.177;    25.608;    88.445; 
 216;     2.173;    25.599;    88.445; 
 217;     2.169;    25.589;    88.445; 
 218;     2.166;    25.580;    88.445; 
 219;     2.162;    25.571;    88.445; 
 220;     2.157;    25.557;    88.445; 
 221;     2.153;    25.549;    88.445; 
 222;     2.148;    25.536;    88.445; 
 223;     2.143;    25.525;    88.445; 
 224;     2.140;    25.517;    88.445; 
 225;     2.137;    25.510;    88.445; 
 226;     2.135;    25.503;    88.445; 
 227;     2.131;    25.493;    88.445; 
 228;     2.129;    25.488;    88.445; 
 229;     2.126;    25.480;    88.445; 
 230;     2.122;    25.468;    88.445; 
 231;     2.118;    25.456;    88.445; 
 232;     2.114;    25.446;    88.445; 
 233;     2.110;    25.437;    88.445; 
 234;     2.106;    25.425;    88.445; 
 235;     2.102;    25.414;    88.445; 
 236;     2.097;    25.403;    88.445; 
 237;     2.093;    25.393;    88.445; 
 238;     2.093;    25.392;    88.445; 
 239;     2.089;    25.379;    88.445; 
 240;     2.086;    25.369;    88.445; 
 241;     2.083;    25.361;    88.445; 
 242;     2.079;    25.350;    88.445; 
 243;     2.077;    25.343;    88.445; 
 244;     2.072;    25.330;    88.445; 
 245;     2.068;    25.320;    88.445; 
 246;     2.064;    25.307;    88.445; 
 247;     2.062;    25.302;    88.445; 
 248;     2.058;    25.291;    88.445; 
 249;     2.054;    25.278;    88.445; 
 250;     2.052;    25.274;    88.445; 
 251;     2.047;    25.260;    88.445; 
 252;     2.045;    25.252;    88.445; 
 253;     2.043;    25.245;    88.445; 
 254;     2.039;    25.234;    88.445; 
 255;     2.037;    25.229;    88.445; 
 256;     2.035;    25.220;    88.445; 
 257;     2.031;    25.209;    88.445; 
 258;     2.030;    25.203;    88.445; 
 259;     2.026;    25.192;    88.445; 
 260;     2.022;    25.176;    88.445; 
 261;     2.014;    25.155;    88.445; 
 262;     2.010;    25.145;    88.445; 
 263;     2.008;    25.137;    88.445; 
 264;     2.007;    25.134;    88.445; 
 265;     2.004;    25.125;    88.445; 
 266;     2.000;    25.114;    88.445; 
 267;     1.996;    25.100;    88.445; 
 268;     1.993;    25.092;    88.445; 
 269;     1.990;    25.081;    88.445; 
 270;     1.988;    25.074;    88.445; 
 271;     1.984;    25.064;    88.445; 
 272;     1.980;    25.050;    88.445; 
 273;     1.971;    25.026;    88.445; 
 274;     1.966;    25.014;    88.445; 
 275;     1.963;    25.006;    88.445; 
 276;     1.952;    24.983;    88.445; 
 277;     1.933;    24.950;    88.445; 
 278;     1.921;    24.932;    88.445; 
 279;     1.906;    24.912;    88.445; 
 280;     1.803;    24.834;    88.445; 
 281;     1.709;    24.812;    88.445; 
 282;     1.679;    24.811;    88.445; 
 283;     1.665;    24.812;    88.445; 
 284;     1.655;    24.812;    88.445; 
 285;     1.645;    24.812;    88.445; 
 286;     1.624;    24.813;    88.445; 
 287;     1.604;    24.815;    88.445; 
 288;     1.593;    24.816;    88.445; 
 289;     1.587;    24.816;    88.445; 
 290;     1.578;    24.817;    88.445; 
 291;     1.567;    24.818;    88.445; 
 292;     1.559;    24.818;    88.445; 
 293;     1.551;    24.819;    88.445; 
 294;     1.543;    24.819;    88.445; 
 295;     1.535;    24.819;    88.445; 
 296;     1.525;    24.820;    88.445; 
 297;     1.509;    24.820;    88.445; 
 298;     1.492;    24.822;    88.445; 
 299;     1.477;    24.823;    88.445; 
 300;     1.467;    24.824;    88.445; 
 301;     1.459;    24.825;    88.445; 
 302;     1.451;    24.825;    88.445; 
 303;     1.441;    24.826;    88.445; 
 304;     1.432;    24.826;    88.445; 
 305;     1.418;    24.827;    88.445; 
 306;     1.406;    24.828;    88.445; 
 307;     1.398;    24.829;    88.445; 
 308;     1.393;    24.829;    88.445; 
 309;     1.387;    24.829;    88.445; 
 310;     1.375;    24.830;    88.445; 
 311;     1.361;    24.831;    88.445; 
 312;     1.346;    24.832;    88.445; 
 313;     1.335;    24.833;    88.445; 
 314;     1.320;    24.834;    88.445; 
 315;     1.304;    24.836;    88.445; 
 316;     1.284;    24.839;    88.445; 
 317;     1.203;    24.867;    88.445; 
 318;     1.138;    24.913;    88.445; 
 319;     1.068;    25.025;    88.445; 
 320;     1.058;    25.060;    88.445; 
 321;     1.057;    25.066;    88.445; 
 322;     1.055;    25.075;    88.445; 
 323;     1.053;    25.081;    88.445; 
 324;     1.050;    25.090;    88.445; 
 325;     1.044;    25.117;    88.445; 
 326;     1.041;    25.131;    88.445; 
 327;     1.040;    25.136;    88.445; 
 328;     1.039;    25.143;    88.445; 
 329;     1.035;    25.157;    88.445; 
 330;     1.031;    25.183;    88.445; 
 331;     1.030;    25.188;    88.445; 
 332;     1.028;    25.198;    88.445; 
 333;     1.026;    25.213;    88.445; 
 334;     1.024;    25.225;    88.445; 
 335;     1.023;    25.231;    88.445; 
 336;     1.021;    25.240;    88.445; 
 337;     1.022;    25.237;    88.445; 
 338;     1.020;    25.242;    88.445; 
 339;     1.020;    25.243;    88.445; 
 340;     1.015;    25.260;    88.445; 
 341;     1.009;    25.289;    88.445; 
 342;     1.006;    25.304;    88.445; 
 343;     1.005;    25.312;    88.445; 
 344;     1.003;    25.320;    88.445; 
 345;     1.002;    25.328;    88.445; 
 346;      .999;    25.344;    88.445; 
 347;      .997;    25.357;    88.445; 
 348;      .995;    25.368;    88.445; 
 349;      .994;    25.374;    88.445; 
 350;      .992;    25.384;    88.445; 
 351;      .991;    25.391;    88.445; 
 352;      .989;    25.400;    88.445; 
 353;      .987;    25.407;    88.445; 
 354;      .985;    25.414;    88.445; 
 355;      .984;    25.420;    88.445; 
 356;      .981;    25.431;    88.445; 
 357;      .978;    25.446;    88.445; 
 358;      .976;    25.454;    88.445; 
 359;      .973;    25.466;    88.445; 
 360;      .971;    25.473;    88.445; 
 361;      .969;    25.483;    88.445; 
 362;      .965;    25.497;    88.445; 
 363;      .962;    25.511;    88.445; 
 364;      .960;    25.524;    88.445; 
 365;      .957;    25.535;    88.445; 
 366;      .956;    25.541;    88.445; 
 367;      .954;    25.550;    88.445; 
 368;      .952;    25.558;    88.445; 
 369;      .951;    25.563;    88.445; 
 370;      .949;    25.570;    88.445; 
 371;      .946;    25.579;    88.445; 
 372;      .943;    25.593;    88.445; 
 373;      .940;    25.605;    88.445; 
 374;      .937;    25.617;    88.445; 
 375;      .934;    25.627;    88.445; 
 376;      .933;    25.632;    88.445; 
 377;      .931;    25.638;    88.445; 
 378;      .926;    25.656;    88.445; 
 379;      .923;    25.668;    88.445; 
 380;      .920;    25.680;    88.445; 
 381;      .919;    25.685;    88.445; 
 382;      .916;    25.695;    88.445; 
 383;      .913;    25.708;    88.445; 
 384;      .911;    25.714;    88.445; 
 385;      .909;    25.723;    88.445; 
 386;      .905;    25.736;    88.445; 
 387;      .902;    25.747;    88.445; 
 388;      .900;    25.756;    88.445; 
 389;      .898;    25.765;    88.445; 
 390;      .895;    25.774;    88.445; 
 391;      .892;    25.784;    88.445; 
 392;      .890;    25.793;    88.445; 
 393;      .888;    25.800;    88.445; 
 394;      .886;    25.804;    88.445; 
 395;      .883;    25.813;    88.445; 
 396;      .881;    25.818;    88.445; 
 397;      .875;    25.836;    88.445; 
 398;      .869;    25.859;    88.445; 
 399;      .865;    25.875;    88.445; 
 400;      .863;    25.883;    88.445; 
 401;      .862;    25.887;    88.445; 
 402;      .862;    25.886;    88.445; 
 403;      .860;    25.891;    88.445; 
 404;      .857;    25.899;    88.445; 
 405;      .848;    25.927;    88.445; 
 406;      .842;    25.952;    88.445; 
 407;      .841;    25.958;    88.445; 
 408;      .839;    25.963;    88.445; 
 409;      .838;    25.966;    88.445; 
 410;      .835;    25.977;    88.445; 
 411;      .832;    25.987;    88.445; 
 412;      .830;    25.995;    88.445; 
 413;      .827;    26.002;    88.445; 
 414;      .825;    26.010;    88.445; 
 415;      .822;    26.020;    88.445; 
 416;      .819;    26.028;    88.445; 
 417;      .814;    26.044;    88.445; 
 418;      .811;    26.051;    88.445; 
 419;      .807;    26.064;    88.445; 
 420;      .804;    26.076;    88.445; 
 421;      .802;    26.082;    88.445; 
 422;      .798;    26.092;    88.445; 
 423;      .797;    26.096;    88.445; 
 424;      .793;    26.106;    88.445; 
 425;      .787;    26.124;    88.445; 
 426;      .783;    26.138;    88.445; 
 427;      .780;    26.147;    88.445; 
 428;      .778;    26.154;    88.445; 
 429;      .774;    26.165;    88.445; 
 430;      .772;    26.174;    88.445; 
 431;      .769;    26.181;    88.445; 
 432;      .765;    26.194;    88.445; 
 433;      .764;    26.197;    88.445; 
 434;      .759;    26.211;    88.445; 
 435;      .757;    26.216;    88.445; 
 436;      .755;    26.223;    88.445; 
 437;      .752;    26.229;    88.445; 
 438;      .746;    26.247;    88.445; 
 439;      .741;    26.261;    88.445; 
 440;      .738;    26.271;    88.445; 
 441;      .735;    26.279;    88.445; 
 442;      .731;    26.289;    88.445; 
 443;      .728;    26.299;    88.445; 
 444;      .724;    26.309;    88.445; 
 445;      .722;    26.318;    88.445; 
 446;      .718;    26.328;    88.445; 
 447;      .713;    26.341;    88.445; 
 448;      .711;    26.349;    88.445; 
 449;      .708;    26.356;    88.445; 
 450;      .707;    26.359;    88.445; 
 451;      .705;    26.364;    88.445; 
 452;      .702;    26.372;    88.445; 
 453;      .696;    26.385;    88.445; 
 454;      .687;    26.412;    88.445; 
 455;      .683;    26.423;    88.445; 
 456;      .681;    26.430;    88.445; 
 457;      .679;    26.437;    88.445; 
 458;      .677;    26.443;    88.445; 
 459;      .674;    26.450;    88.445; 
 460;      .672;    26.455;    88.445; 
 461;      .671;    26.455;    88.445; 
 462;      .666;    26.466;    88.445; 
 463;      .656;    26.493;    88.445; 
 464;      .649;    26.516;    88.445; 
 465;      .647;    26.523;    88.445; 
 466;      .645;    26.528;    88.445; 
 467;      .644;    26.528;    88.445; 
 468;      .641;    26.536;    88.445; 
 469;      .640;    26.539;    88.445; 
 470;      .636;    26.547;    88.445; 
 471;      .629;    26.565;    88.445; 
 472;      .624;    26.580;    88.445; 
 473;      .620;    26.589;    88.445; 
 474;      .618;    26.597;    88.445; 
 475;      .613;    26.609;    88.445; 
 476;      .610;    26.616;    88.445; 
 477;      .605;    26.630;    88.445; 
 478;      .603;    26.638;    88.445; 
 479;      .598;    26.651;    88.445; 
 480;      .595;    26.659;    88.445; 
 481;      .592;    26.664;    88.445; 
 482;      .588;    26.677;    88.445; 
 483;      .585;    26.683;    88.445; 
 484;      .582;    26.691;    88.445; 
 485;      .580;    26.697;    88.445; 
 486;      .577;    26.703;    88.445; 
 487;      .571;    26.718;    88.445; 
 488;      .565;    26.732;    88.445; 
 489;      .560;    26.744;    88.445; 
 490;      .557;    26.754;    88.445; 
 491;      .553;    26.764;    88.445; 
 492;      .550;    26.772;    88.445; 
 493;      .547;    26.780;    88.445; 
 494;      .543;    26.789;    88.445; 
 495;      .540;    26.798;    88.445; 
 496;      .535;    26.808;    88.445; 
 497;      .531;    26.820;    88.445; 
 498;      .527;    26.830;    88.445; 
 499;      .522;    26.842;    88.445; 
 500;      .521;    26.844;    88.445; 
 501;      .516;    26.856;    88.445; 
 502;      .513;    26.864;    88.445; 
 503;      .510;    26.871;    88.445; 
 504;      .505;    26.884;    88.445; 
 505;      .501;    26.892;    88.445; 
 506;      .496;    26.906;    88.445; 
 507;      .492;    26.916;    88.445; 
 508;      .489;    26.923;    88.445; 
 509;      .485;    26.933;    88.445; 
 510;      .483;    26.937;    88.445; 
 511;      .478;    26.949;    88.445; 
 512;      .473;    26.962;    88.445; 
 513;      .470;    26.968;    88.445; 
 514;      .466;    26.976;    88.445; 
 515;      .461;    26.989;    88.445; 
 516;      .458;    26.995;    88.445; 
 517;      .455;    27.001;    88.445; 
 518;      .451;    27.009;    88.445; 
 519;      .448;    27.017;    88.445; 
 520;      .445;    27.023;    88.445; 
 521;      .442;    27.029;    88.445; 
 522;      .440;    27.031;    88.445; 
 523;      .437;    27.037;    88.445; 
 524;      .433;    27.043;    88.445; 
 525;      .433;    27.042;    88.445; 
 526;      .429;    27.049;    88.445; 
 527;      .427;    27.051;    88.445; 
 528;      .423;    27.055;    88.445; 
 529;      .421;    27.057;    88.445; 
 530;      .420;    27.059;    88.445; 
 531;      .414;    27.066;    88.445; 
 532;      .412;    27.068;    88.445; 
 533;      .407;    27.073;    88.445; 
 534;      .399;    27.081;    88.445; 
 535;      .398;    27.081;    88.445; 
 536;      .390;    27.089;    88.445; 
 537;      .390;    27.089;    88.445; 
 538;      .386;    27.092;    88.445; 
 539;      .381;    27.095;    88.445; 
 540;      .380;    27.096;    88.445; 
 541;      .374;    27.099;    88.445; 
 542;      .372;    27.101;    88.445; 
 543;      .368;    27.103;    88.445; 
 544;      .362;    27.106;    88.445; 
 545;      .360;    27.107;    88.445; 
 546;      .354;    27.110;    88.445; 
 547;      .349;    27.112;    88.445; 
 548;      .343;    27.114;    88.445; 
 549;      .340;    27.115;    88.445; 
 550;      .335;    27.117;    88.445; 
 551;      .335;    27.117;    88.445; 
 552;      .327;    27.119;    88.445; 
 553;      .319;    27.121;    88.445; 
 554;      .314;    27.123;    88.445; 
 555;      .310;    27.124;    88.445; 
 556;      .306;    27.125;    88.445; 
 557;      .301;    27.126;    88.445; 
 558;      .296;    27.126;    88.445; 
 559;      .291;    27.127;    88.445; 
 560;      .286;    27.128;    88.445; 
 561;      .281;    27.128;    88.445; 
 562;      .274;    27.129;    88.445; 
 563;      .268;    27.129;    88.445; 
 564;      .263;    27.129;    88.445; 
 565;      .257;    27.129;    88.445; 
 566;      .248;    27.130;    88.445; 
 567;      .240;    27.130;    88.445; 
 568;      .233;    27.130;    88.445; 
 569;      .226;    27.129;    88.445; 
 570;      .218;    27.129;    88.445; 
 571;      .210;    27.129;    88.445; 
 572;      .193;    27.129;    88.445; 
 573;      .177;    27.129;    88.445; 
 574;      .166;    27.129;    88.445; 
 575;      .155;    27.129;    88.445; 
 576;      .145;    27.129;    88.445; 
 577;      .136;    27.129;    88.445; 
 578;      .125;    27.129;    88.445; 
 579;      .116;    27.129;    88.445; 
 580;      .103;    27.129;    88.445; 
 581;      .097;    27.129;    88.445; 
 582;      .084;    27.129;    88.445; 
 583;      .072;    27.129;    88.445; 
 584;      .061;    27.129;    88.445; 
 585;      .049;    27.129;    88.445; 
 586;      .040;    27.129;    88.445; 
 587;      .030;    27.129;    88.445; 
 588;      .021;    27.129;    88.445; 
 589;      .011;    27.129;    88.445; 
 590;     0.000;    27.129;    88.445; 
 591;     -.009;    27.129;    88.445; 
 592;     -.019;    27.129;    88.445; 
 593;     -.033;    27.129;    88.445; 
 594;     -.045;    27.129;    88.445; 
 595;     -.058;    27.129;    88.445; 
 596;     -.068;    27.129;    88.445; 
 597;     -.079;    27.129;    88.445; 
 598;     -.088;    27.129;    88.445; 
 599;     -.097;    27.129;    88.445; 
 600;     -.107;    27.129;    88.445; 
 601;     -.116;    27.129;    88.445; 
 602;     -.126;    27.129;    88.445; 
 603;     -.138;    27.129;    88.445; 
 604;     -.150;    27.129;    88.445; 
 605;     -.160;    27.128;    88.445; 
 606;     -.168;    27.128;    88.445; 
 607;     -.173;    27.128;    88.445; 
 608;     -.187;    27.128;    88.445; 
 609;     -.209;    27.128;    88.445; 
 610;     -.223;    27.128;    88.445; 
 611;     -.231;    27.128;    88.445; 
 612;     -.238;    27.128;    88.445; 
 613;     -.245;    27.128;    88.445; 
 614;     -.253;    27.128;    88.445; 
 615;     -.259;    27.128;    88.445; 
 616;     -.264;    27.128;    88.445; 
 617;     -.267;    27.127;    88.445; 
 618;     -.273;    27.126;    88.445; 
 619;     -.276;    27.126;    88.445; 
 620;     -.278;    27.125;    88.445; 
 621;     -.282;    27.124;    88.445; 
 622;     -.282;    27.124;    88.445; 
 623;     -.286;    27.123;    88.445; 
 624;     -.285;    27.123;    88.445; 
 625;     -.288;    27.122;    88.445; 
 626;     -.299;    27.117;    88.445; 
 627;     -.321;    27.110;    88.445; 
 628;     -.340;    27.105;    88.445; 
 629;     -.345;    27.103;    88.445; 
 630;     -.347;    27.103;    88.445; 
 631;     -.350;    27.101;    88.445; 
 632;     -.355;    27.099;    88.445; 
 633;     -.358;    27.098;    88.445; 
 634;     -.360;    27.097;    88.445; 
 635;     -.364;    27.095;    88.445; 
 636;     -.366;    27.093;    88.445; 
 637;     -.367;    27.093;    88.445; 
 638;     -.374;    27.088;    88.445; 
 639;     -.375;    27.087;    88.445; 
 640;     -.376;    27.086;    88.445; 
 641;     -.379;    27.084;    88.445; 
 642;     -.381;    27.082;    88.445; 
 643;     -.383;    27.080;    88.445; 
 644;     -.385;    27.078;    88.445; 
 645;     -.390;    27.073;    88.445; 
 646;     -.400;    27.063;    88.445; 
 647;     -.407;    27.057;    88.445; 
 648;     -.413;    27.051;    88.445; 
 649;     -.414;    27.049;    88.445; 
 650;     -.415;    27.048;    88.445; 
 651;     -.415;    27.048;    88.445; 
 652;     -.419;    27.043;    88.445; 
 653;     -.420;    27.041;    88.445; 
 654;     -.422;    27.038;    88.445; 
 655;     -.429;    27.027;    88.445; 
 656;     -.431;    27.024;    88.445; 
 657;     -.435;    27.018;    88.445; 
 658;     -.437;    27.013;    88.445; 
 659;     -.438;    27.011;    88.445; 
 660;     -.438;    27.011;    88.445; 
 661;     -.442;    27.001;    88.445; 
 662;     -.444;    26.997;    88.445; 
 663;     -.445;    26.993;    88.445; 
 664;     -.450;    26.980;    88.445; 
 665;     -.458;    26.963;    88.445; 
 666;     -.465;    26.947;    88.445; 
 667;     -.469;    26.938;    88.445; 
 668;     -.473;    26.930;    88.445; 
 669;     -.475;    26.924;    88.445; 
 670;     -.479;    26.916;    88.445; 
 671;     -.481;    26.909;    88.445; 
 672;     -.484;    26.902;    88.445; 
 673;     -.488;    26.892;    88.445; 
 674;     -.491;    26.884;    88.445; 
 675;     -.492;    26.881;    88.445; 
 676;     -.499;    26.864;    88.445; 
 677;     -.503;    26.854;    88.445; 
 678;     -.508;    26.842;    88.445; 
 679;     -.512;    26.830;    88.445; 
 680;     -.518;    26.818;    88.445; 
 681;     -.522;    26.808;    88.445; 
 682;     -.525;    26.800;    88.445; 
 683;     -.527;    26.794;    88.445; 
 684;     -.531;    26.785;    88.445; 
 685;     -.535;    26.776;    88.445; 
 686;     -.539;    26.765;    88.445; 
 687;     -.542;    26.756;    88.445; 
 688;     -.546;    26.746;    88.445; 
 689;     -.549;    26.740;    88.445; 
 690;     -.554;    26.727;    88.445; 
 691;     -.557;    26.718;    88.445; 
 692;     -.560;    26.711;    88.445; 
 693;     -.563;    26.701;    88.445; 
 694;     -.569;    26.687;    88.445; 
 695;     -.573;    26.676;    88.445; 
 696;     -.578;    26.664;    88.445; 
 697;     -.582;    26.655;    88.445; 
 698;     -.586;    26.646;    88.445; 
 699;     -.589;    26.638;    88.445; 
 700;     -.592;    26.629;    88.445; 
 701;     -.597;    26.618;    88.445; 
 702;     -.602;    26.605;    88.445; 
 703;     -.605;    26.597;    88.445; 
 704;     -.609;    26.588;    88.445; 
 705;     -.612;    26.579;    88.445; 
 706;     -.615;    26.571;    88.445; 
 707;     -.620;    26.559;    88.445; 
 708;     -.624;    26.550;    88.445; 
 709;     -.626;    26.543;    88.445; 
 710;     -.629;    26.535;    88.445; 
 711;     -.634;    26.522;    88.445; 
 712;     -.635;    26.518;    88.445; 
 713;     -.638;    26.509;    88.445; 
 714;     -.643;    26.496;    88.445; 
 715;     -.648;    26.482;    88.445; 
 716;     -.654;    26.469;    88.445; 
 717;     -.659;    26.457;    88.445; 
 718;     -.662;    26.448;    88.445; 
 719;     -.664;    26.442;    88.445; 
 720;     -.668;    26.433;    88.445; 
 721;     -.670;    26.426;    88.445; 
 722;     -.674;    26.416;    88.445; 
 723;     -.676;    26.410;    88.445; 
 724;     -.679;    26.401;    88.445; 
 725;     -.683;    26.389;    88.445; 
 726;     -.689;    26.374;    88.445; 
 727;     -.693;    26.363;    88.445; 
 728;     -.699;    26.346;    88.445; 
 729;     -.702;    26.340;    88.445; 
 730;     -.704;    26.334;    88.445; 
 731;     -.707;    26.325;    88.445; 
 732;     -.710;    26.317;    88.445; 
 733;     -.714;    26.306;    88.445; 
 734;     -.716;    26.301;    88.445; 
 735;     -.720;    26.287;    88.445; 
 736;     -.723;    26.279;    88.445; 
 737;     -.725;    26.272;    88.445; 
 738;     -.730;    26.258;    88.445; 
 739;     -.735;    26.244;    88.445; 
 740;     -.738;    26.235;    88.445; 
 741;     -.741;    26.228;    88.445; 
 742;     -.741;    26.227;    88.445; 
 743;     -.743;    26.220;    88.445; 
 744;     -.747;    26.206;    88.445; 
 745;     -.757;    26.177;    88.445; 
 746;     -.762;    26.165;    88.445; 
 747;     -.763;    26.161;    88.445; 
 748;     -.766;    26.154;    88.445; 
 749;     -.768;    26.147;    88.445; 
 750;     -.774;    26.132;    88.445; 
 751;     -.776;    26.126;    88.445; 
 752;     -.779;    26.117;    88.445; 
 753;     -.781;    26.109;    88.445; 
 754;     -.784;    26.102;    88.445; 
 755;     -.786;    26.094;    88.445; 
 756;     -.789;    26.084;    88.445; 
 757;     -.792;    26.074;    88.445; 
 758;     -.798;    26.057;    88.445; 
 759;     -.800;    26.050;    88.445; 
 760;     -.804;    26.039;    88.445; 
 761;     -.804;    26.036;    88.445; 
 762;     -.806;    26.031;    88.445; 
 763;     -.809;    26.020;    88.445; 
 764;     -.812;    26.008;    88.445; 
 765;     -.820;    25.984;    88.445; 
 766;     -.825;    25.970;    88.445; 
 767;     -.826;    25.966;    88.445; 
 768;     -.829;    25.958;    88.445; 
 769;     -.831;    25.950;    88.445; 
 770;     -.833;    25.943;    88.445; 
 771;     -.837;    25.932;    88.445; 
 772;     -.840;    25.922;    88.445; 
 773;     -.843;    25.913;    88.445; 
 774;     -.843;    25.912;    88.445; 
 775;     -.846;    25.899;    88.445; 
 776;     -.849;    25.889;    88.445; 
 777;     -.852;    25.879;    88.445; 
 778;     -.854;    25.871;    88.445; 
 779;     -.858;    25.854;    88.445; 
 780;     -.866;    25.831;    88.445; 
 781;     -.870;    25.819;    88.445; 
 782;     -.872;    25.813;    88.445; 
 783;     -.875;    25.805;    88.445; 
 784;     -.878;    25.794;    88.445; 
 785;     -.880;    25.790;    88.445; 
 786;     -.882;    25.780;    88.445; 
 787;     -.884;    25.776;    88.445; 
 788;     -.888;    25.761;    88.445; 
 789;     -.889;    25.757;    88.445; 
 790;     -.893;    25.743;    88.445; 
 791;     -.895;    25.735;    88.445; 
 792;     -.896;    25.730;    88.445; 
 793;     -.899;    25.718;    88.445; 
 794;     -.901;    25.712;    88.445; 
 795;     -.903;    25.705;    88.445; 
 796;     -.905;    25.696;    88.445; 
 797;     -.910;    25.675;    88.445; 
 798;     -.916;    25.655;    88.445; 
 799;     -.918;    25.647;    88.445; 
 800;     -.921;    25.638;    88.445; 
 801;     -.922;    25.634;    88.445; 
 802;     -.924;    25.625;    88.445; 
 803;     -.925;    25.620;    88.445; 
 804;     -.928;    25.610;    88.445; 
 805;     -.931;    25.598;    88.445; 
 806;     -.934;    25.587;    88.445; 
 807;     -.936;    25.578;    88.445; 
 808;     -.939;    25.567;    88.445; 
 809;     -.941;    25.559;    88.445; 
 810;     -.943;    25.550;    88.445; 
 811;     -.946;    25.537;    88.445; 
 812;     -.947;    25.531;    88.445; 
 813;     -.950;    25.519;    88.445; 
 814;     -.952;    25.513;    88.445; 
 815;     -.955;    25.499;    88.445; 
 816;     -.957;    25.489;    88.445; 
 817;     -.961;    25.476;    88.445; 
 818;     -.962;    25.470;    88.445; 
 819;     -.965;    25.460;    88.445; 
 820;     -.966;    25.455;    88.445; 
 821;     -.968;    25.444;    88.445; 
 822;     -.970;    25.433;    88.445; 
 823;     -.972;    25.424;    88.445; 
 824;     -.974;    25.414;    88.445; 
 825;     -.976;    25.408;    88.445; 
 826;     -.979;    25.394;    88.445; 
 827;     -.983;    25.374;    88.445; 
 828;     -.986;    25.363;    88.445; 
 829;     -.986;    25.361;    88.445; 
 830;     -.989;    25.347;    88.445; 
 831;     -.991;    25.338;    88.445; 
 832;     -.992;    25.333;    88.445; 
 833;     -.997;    25.314;    88.445; 
 834;     -.999;    25.306;    88.445; 
 835;    -1.001;    25.297;    88.445; 
 836;    -1.002;    25.290;    88.445; 
 837;    -1.004;    25.280;    88.445; 
 838;    -1.006;    25.271;    88.445; 
 839;    -1.009;    25.258;    88.445; 
 840;    -1.010;    25.252;    88.445; 
 841;    -1.011;    25.244;    88.445; 
 842;    -1.013;    25.234;    88.445; 
 843;    -1.015;    25.224;    88.445; 
 844;    -1.016;    25.216;    88.445; 
 845;    -1.018;    25.206;    88.445; 
 846;    -1.020;    25.193;    88.445; 
 847;    -1.021;    25.188;    88.445; 
 848;    -1.022;    25.180;    88.445; 
 849;    -1.024;    25.167;    88.445; 
 850;    -1.026;    25.154;    88.445; 
 851;    -1.029;    25.135;    88.445; 
 852;    -1.033;    25.118;    88.445; 
 853;    -1.036;    25.107;    88.445; 
 854;    -1.038;    25.096;    88.445; 
 855;    -1.042;    25.082;    88.445; 
 856;    -1.049;    25.057;    88.445; 
 857;    -1.056;    25.038;    88.445; 
 858;    -1.059;    25.028;    88.445; 
 859;    -1.062;    25.021;    88.445; 
 860;    -1.065;    25.012;    88.445; 
 861;    -1.070;    24.998;    88.445; 
 862;    -1.084;    24.967;    88.445; 
 863;    -1.162;    24.872;    88.445; 
 864;    -1.261;    24.824;    88.445; 
 865;    -1.290;    24.818;    88.445; 
 866;    -1.319;    24.814;    88.445; 
 867;    -1.337;    24.813;    88.445; 
 868;    -1.351;    24.812;    88.445; 
 869;    -1.359;    24.811;    88.445; 
 870;    -1.368;    24.810;    88.445; 
 871;    -1.381;    24.810;    88.445; 
 872;    -1.389;    24.809;    88.445; 
 873;    -1.393;    24.808;    88.445; 
 874;    -1.405;    24.807;    88.445; 
 875;    -1.426;    24.806;    88.445; 
 876;    -1.451;    24.805;    88.445; 
 877;    -1.463;    24.805;    88.445; 
 878;    -1.473;    24.805;    88.445; 
 879;    -1.480;    24.805;    88.445; 
 880;    -1.485;    24.805;    88.445; 
 881;    -1.490;    24.804;    88.445; 
 882;    -1.499;    24.804;    88.445; 
 883;    -1.510;    24.803;    88.445; 
 884;    -1.521;    24.803;    88.445; 
 885;    -1.529;    24.802;    88.445; 
 886;    -1.533;    24.802;    88.445; 
 887;    -1.537;    24.801;    88.445; 
 888;    -1.546;    24.800;    88.445; 
 889;    -1.571;    24.798;    88.445; 
 890;    -1.592;    24.797;    88.445; 
 891;    -1.596;    24.796;    88.445; 
 892;    -1.604;    24.796;    88.445; 
 893;    -1.614;    24.795;    88.445; 
 894;    -1.634;    24.794;    88.445; 
 895;    -1.648;    24.794;    88.445; 
 896;    -1.656;    24.794;    88.445; 
 897;    -1.662;    24.793;    88.445; 
 898;    -1.669;    24.793;    88.445; 
 899;    -1.682;    24.792;    88.445; 
 900;    -1.776;    24.805;    88.445; 
 901;    -1.858;    24.847;    88.445; 
 902;    -1.926;    24.921;    88.445; 
 903;    -1.952;    24.971;    88.445; 
 904;    -1.960;    24.992;    88.445; 
 905;    -1.963;    25.001;    88.445; 
 906;    -1.967;    25.011;    88.445; 
 907;    -1.971;    25.021;    88.445; 
 908;    -1.976;    25.037;    88.445; 
 909;    -1.981;    25.051;    88.445; 
 910;    -1.983;    25.057;    88.445; 
 911;    -1.986;    25.065;    88.445; 
 912;    -1.988;    25.072;    88.445; 
 913;    -1.993;    25.087;    88.445; 
 914;    -1.997;    25.100;    88.445; 
 915;    -2.002;    25.116;    88.445; 
 916;    -2.003;    25.119;    88.445; 
 917;    -2.004;    25.122;    88.445; 
 918;    -2.008;    25.132;    88.445; 
 919;    -2.010;    25.138;    88.445; 
 920;    -2.012;    25.141;    88.445; 
 921;    -2.018;    25.156;    88.445; 
 922;    -2.027;    25.183;    88.445; 
 923;    -2.033;    25.208;    88.445; 
 924;    -2.035;    25.213;    88.445; 
 925;    -2.035;    25.216;    88.445; 
 926;    -2.037;    25.221;    88.445; 
 927;    -2.038;    25.223;    88.445; 
 928;    -2.041;    25.232;    88.445; 
 929;    -2.046;    25.245;    88.445; 
 930;    -2.050;    25.257;    88.445; 
 931;    -2.054;    25.269;    88.445; 
 932;    -2.056;    25.277;    88.445; 
 933;    -2.058;    25.282;    88.445; 
 934;    -2.064;    25.298;    88.445; 
 935;    -2.068;    25.312;    88.445; 
 936;    -2.072;    25.325;    88.445; 
 937;    -2.074;    25.329;    88.445; 
 938;    -2.077;    25.337;    88.445; 
 939;    -2.079;    25.345;    88.445; 
 940;    -2.083;    25.353;    88.445; 
 941;    -2.086;    25.362;    88.445; 
 942;    -2.088;    25.367;    88.445; 
 943;    -2.091;    25.375;    88.445; 
 944;    -2.096;    25.387;    88.445; 
 945;    -2.103;    25.405;    88.445; 
 946;    -2.106;    25.414;    88.445; 
 947;    -2.110;    25.424;    88.445; 
 948;    -2.113;    25.435;    88.445; 
 949;    -2.116;    25.443;    88.445; 
 950;    -2.119;    25.451;    88.445; 
 951;    -2.123;    25.459;    88.445; 
 952;    -2.126;    25.467;    88.445; 
 953;    -2.130;    25.477;    88.445; 
 954;    -2.132;    25.484;    88.445; 
 955;    -2.136;    25.492;    88.445; 
 956;    -2.139;    25.499;    88.445; 
 957;    -2.140;    25.501;    88.445; 
 958;    -2.146;    25.514;    88.445; 
 959;    -2.158;    25.545;    88.445; 
 960;    -2.161;    25.554;    88.445; 
 961;    -2.164;    25.561;    88.445; 
 962;    -2.166;    25.566;    88.445; 
 963;    -2.170;    25.577;    88.445; 
 964;    -2.176;    25.592;    88.445; 
 965;    -2.180;    25.602;    88.445; 
 966;    -2.183;    25.610;    88.445; 
 967;    -2.185;    25.615;    88.445; 
 968;    -2.188;    25.624;    88.445; 
 969;    -2.190;    25.629;    88.445; 
 970;    -2.196;    25.643;    88.445; 
 971;    -2.200;    25.651;    88.445; 
 972;    -2.203;    25.658;    88.445; 
 973;    -2.207;    25.668;    88.445; 
 974;    -2.211;    25.677;    88.445; 
 975;    -2.215;    25.686;    88.445; 
 976;    -2.220;    25.699;    88.445; 
 977;    -2.225;    25.713;    88.445; 
 978;    -2.230;    25.724;    88.445; 
 979;    -2.233;    25.733;    88.445; 
 980;    -2.235;    25.736;    88.445; 
 981;    -2.240;    25.748;    88.445; 
 982;    -2.243;    25.754;    88.445; 
 983;    -2.247;    25.762;    88.445; 
 984;    -2.253;    25.779;    88.445; 
 985;    -2.257;    25.788;    88.445; 
 986;    -2.261;    25.796;    88.445; 
 987;    -2.264;    25.804;    88.445; 
 988;    -2.269;    25.816;    88.445; 
 989;    -2.273;    25.826;    88.445; 
 990;    -2.276;    25.831;    88.445; 
 991;    -2.280;    25.841;    88.445; 
 992;    -2.284;    25.848;    88.445; 
 993;    -2.288;    25.858;    88.445; 
 994;    -2.290;    25.862;    88.445; 
 995;    -2.295;    25.872;    88.445; 
 996;    -2.299;    25.881;    88.445; 
 997;    -2.304;    25.890;    88.445; 
 998;    -2.308;    25.897;    88.445; 
 999;    -2.314;    25.911;    88.445; 
1000;    -2.321;    25.926;    88.445; 
1001;    -2.324;    25.932;    88.445; 
1002;    -2.330;    25.946;    88.445; 
1003;    -2.337;    25.963;    88.445; 
1004;    -2.341;    25.972;    88.445; 
1005;    -2.342;    25.975;    88.445; 
1006;    -2.344;    25.979;    88.445; 
1007;    -2.349;    25.990;    88.445; 
1008;    -2.354;    26.001;    88.445; 
1009;    -2.358;    26.008;    88.445; 
1010;    -2.363;    26.020;    88.445; 
1011;    -2.367;    26.028;    88.445; 
1012;    -2.372;    26.039;    88.445; 
1013;    -2.376;    26.047;    88.445; 
1014;    -2.379;    26.053;    88.445; 
1015;    -2.383;    26.060;    88.445; 
1016;    -2.389;    26.073;    88.445; 
1017;    -2.394;    26.084;    88.445; 
1018;    -2.398;    26.091;    88.445; 
1019;    -2.404;    26.104;    88.445; 
1020;    -2.408;    26.113;    88.445; 
1021;    -2.413;    26.123;    88.445; 
1022;    -2.418;    26.134;    88.445; 
1023;    -2.423;    26.144;    88.445; 
1024;    -2.426;    26.152;    88.445; 
1025;    -2.432;    26.164;    88.445; 
1026;    -2.435;    26.170;    88.445; 
1027;    -2.436;    26.172;    88.445; 
1028;    -2.441;    26.182;    88.445; 
1029;    -2.445;    26.188;    88.445; 
1030;    -2.451;    26.200;    88.445; 
1031;    -2.454;    26.206;    88.445; 
1032;    -2.460;    26.216;    88.445; 
1033;    -2.463;    26.222;    88.445; 
1034;    -2.467;    26.229;    88.445; 
1035;    -2.478;    26.249;    88.445; 
1036;    -2.488;    26.270;    88.445; 
1037;    -2.493;    26.281;    88.445; 
1038;    -2.496;    26.288;    88.445; 
1039;    -2.496;    26.289;    88.445; 
1040;    -2.501;    26.297;    88.445; 
1041;    -2.506;    26.307;    88.445; 
1042;    -2.513;    26.322;    88.445; 
1043;    -2.518;    26.331;    88.445; 
1044;    -2.521;    26.338;    88.445; 
1045;    -2.523;    26.342;    88.445; 
1046;    -2.527;    26.349;    88.445; 
1047;    -2.533;    26.361;    88.445; 
1048;    -2.539;    26.372;    88.445; 
1049;    -2.543;    26.380;    88.445; 
1050;    -2.550;    26.393;    88.445; 
1051;    -2.553;    26.400;    88.445; 
1052;    -2.559;    26.412;    88.445; 
1053;    -2.564;    26.421;    88.445; 
1054;    -2.567;    26.428;    88.445; 
1055;    -2.572;    26.437;    88.445; 
1056;    -2.577;    26.445;    88.445; 
1057;    -2.579;    26.450;    88.445; 
1058;    -2.584;    26.459;    88.445; 
1059;    -2.589;    26.468;    88.445; 
1060;    -2.593;    26.474;    88.445; 
1061;    -2.602;    26.492;    88.445; 
1062;    -2.611;    26.511;    88.445; 
1063;    -2.622;    26.538;    88.445; 
1064;    -2.626;    26.547;    88.445; 
1065;    -2.628;    26.553;    88.445; 
1066;    -2.630;    26.558;    88.445; 
1067;    -2.634;    26.566;    88.445; 
1068;    -2.634;    26.567;    88.445; 
1069;    -2.635;    26.569;    88.445; 
1070;    -2.639;    26.574;    88.445; 
1071;    -2.637;    26.571;    88.445; 
1072;    -2.642;    26.579;    88.445; 
1073;    -2.644;    26.581;    88.445; 
1074;    -2.650;    26.590;    88.445; 
1075;    -2.656;    26.599;    88.445; 
1076;    -2.663;    26.609;    88.445; 
1077;    -2.671;    26.622;    88.445; 
1078;    -2.683;    26.642;    88.445; 
1079;    -2.690;    26.654;    88.445; 
1080;    -2.695;    26.664;    88.445; 
1081;    -2.701;    26.673;    88.445; 
1082;    -2.706;    26.683;    88.445; 
1083;    -2.711;    26.693;    88.445; 
1084;    -2.715;    26.700;    88.445; 
1085;    -2.719;    26.707;    88.445; 
1086;    -2.722;    26.711;    88.445; 
1087;    -2.727;    26.720;    88.445; 
1088;    -2.737;    26.737;    88.445; 
1089;    -2.744;    26.750;    88.445; 
1090;    -2.748;    26.758;    88.445; 
1091;    -2.752;    26.764;    88.445; 
1092;    -2.757;    26.772;    88.445; 
1093;    -2.763;    26.783;    88.445; 
1094;    -2.768;    26.792;    88.445; 
1095;    -2.774;    26.803;    88.445; 
1096;    -2.776;    26.807;    88.445; 
1097;    -2.781;    26.814;    88.445; 
1098;    -2.782;    26.815;    88.445; 
1099;    -2.784;    26.818;    88.445; 
1100;    -2.790;    26.827;    88.445; 
1101;    -2.801;    26.844;    88.445; 
1102;    -2.811;    26.861;    88.445; 
1103;    -2.814;    26.866;    88.445; 
1104;    -2.815;    26.867;    88.445; 
1105;    -2.817;    26.868;    88.445; 
1106;    -2.819;    26.871;    88.445; 
1107;    -2.822;    26.875;    88.445; 
1108;    -2.825;    26.878;    88.445; 
1109;    -2.828;    26.881;    88.445; 
1110;    -2.831;    26.885;    88.445; 
1111;    -2.833;    26.887;    88.445; 
1112;    -2.839;    26.892;    88.445; 
1113;    -2.844;    26.897;    88.445; 
1114;    -2.849;    26.901;    88.445; 
1115;    -2.856;    26.907;    88.445; 
1116;    -2.858;    26.909;    88.445; 
1117;    -2.862;    26.911;    88.445; 
1118;    -2.866;    26.914;    88.445; 
1119;    -2.868;    26.915;    88.445; 
1120;    -2.873;    26.918;    88.445; 
1121;    -2.874;    26.919;    88.445; 
1122;    -2.880;    26.922;    88.445; 
1123;    -2.883;    26.924;    88.445; 
1124;    -2.888;    26.926;    88.445; 
1125;    -2.893;    26.928;    88.445; 
1126;    -2.898;    26.931;    88.445; 
1127;    -2.900;    26.931;    88.445; 
1128;    -2.908;    26.934;    88.445; 
1129;    -2.911;    26.935;    88.445; 
1130;    -2.918;    26.937;    88.445; 
1131;    -2.918;    26.937;    88.445; 
1132;    -2.927;    26.939;    88.445; 
1133;    -2.932;    26.940;    88.445; 
1134;    -2.934;    26.940;    88.445; 
1135;    -2.939;    26.941;    88.445; 
1136;    -2.947;    26.942;    88.445; 
1137;    -2.953;    26.942;    88.445; 
1138;    -2.963;    26.943;    88.445; 
1139;    -2.968;    26.944;    88.445; 
1140;    -2.975;    26.944;    88.445; 
1141;    -2.978;    26.944;    88.445; 
1142;    -2.981;    26.944;    88.445; 
1143;    -2.986;    26.943;    88.445; 
1144;    -2.991;    26.943;    88.445; 
1145;    -2.997;    26.943;    88.445; 
1146;    -3.003;    26.942;    88.445; 
1147;    -3.009;    26.941;    88.445; 
1148;    -3.018;    26.940;    88.445; 
1149;    -3.027;    26.939;    88.445; 
1150;    -3.036;    26.938;    88.445; 
1151;    -3.048;    26.937;    88.445; 
1152;    -3.057;    26.936;    88.445; 
1153;    -3.066;    26.935;    88.445; 
1154;    -3.077;    26.933;    88.445; 
1155;    -3.088;    26.932;    88.445; 
1156;    -3.100;    26.930;    88.445; 
1157;    -3.110;    26.929;    88.445; 
