[A]
   1;     3.672;    26.656;    88.434; 
   2;     3.662;    26.658;    88.434; 
   3;     3.649;    26.660;    88.434; 
   4;     3.640;    26.661;    88.434; 
   5;     3.629;    26.662;    88.434; 
   6;     3.618;    26.664;    88.434; 
   7;     3.610;    26.665;    88.434; 
   8;     3.600;    26.666;    88.434; 
   9;     3.588;    26.668;    88.434; 
  10;     3.578;    26.669;    88.434; 
  11;     3.567;    26.671;    88.434; 
  12;     3.554;    26.673;    88.434; 
  13;     3.541;    26.674;    88.434; 
  14;     3.532;    26.676;    88.434; 
  15;     3.524;    26.677;    88.434; 
  16;     3.517;    26.678;    88.434; 
  17;     3.503;    26.680;    88.434; 
  18;     3.492;    26.681;    88.434; 
  19;     3.480;    26.683;    88.434; 
  20;     3.469;    26.684;    88.434; 
  21;     3.460;    26.686;    88.434; 
  22;     3.452;    26.687;    88.434; 
  23;     3.443;    26.688;    88.434; 
  24;     3.434;    26.689;    88.434; 
  25;     3.428;    26.689;    88.434; 
  26;     3.420;    26.690;    88.434; 
  27;     3.414;    26.690;    88.434; 
  28;     3.409;    26.690;    88.434; 
  29;     3.403;    26.690;    88.434; 
  30;     3.399;    26.690;    88.434; 
  31;     3.393;    26.690;    88.434; 
  32;     3.388;    26.690;    88.434; 
  33;     3.385;    26.690;    88.434; 
  34;     3.380;    26.689;    88.434; 
  35;     3.377;    26.689;    88.434; 
  36;     3.370;    26.688;    88.434; 
  37;     3.366;    26.687;    88.434; 
  38;     3.361;    26.686;    88.434; 
  39;     3.357;    26.685;    88.434; 
  40;     3.353;    26.684;    88.434; 
  41;     3.348;    26.682;    88.434; 
  42;     3.340;    26.680;    88.434; 
  43;     3.338;    26.679;    88.434; 
  44;     3.335;    26.678;    88.434; 
  45;     3.332;    26.677;    88.434; 
  46;     3.328;    26.675;    88.434; 
  47;     3.324;    26.673;    88.434; 
  48;     3.320;    26.671;    88.434; 
  49;     3.318;    26.670;    88.434; 
  50;     3.311;    26.666;    88.434; 
  51;     3.306;    26.664;    88.434; 
  52;     3.302;    26.661;    88.434; 
  53;     3.300;    26.660;    88.434; 
  54;     3.295;    26.656;    88.434; 
  55;     3.296;    26.657;    88.434; 
  56;     3.294;    26.655;    88.434; 
  57;     3.288;    26.650;    88.434; 
  58;     3.282;    26.645;    88.434; 
  59;     3.275;    26.639;    88.434; 
  60;     3.275;    26.638;    88.434; 
  61;     3.271;    26.635;    88.434; 
  62;     3.265;    26.628;    88.434; 
  63;     3.256;    26.620;    88.434; 
  64;     3.255;    26.618;    88.434; 
  65;     3.253;    26.617;    88.434; 
  66;     3.246;    26.608;    88.434; 
  67;     3.243;    26.605;    88.434; 
  68;     3.239;    26.600;    88.434; 
  69;     3.233;    26.592;    88.434; 
  70;     3.232;    26.590;    88.434; 
  71;     3.228;    26.584;    88.434; 
  72;     3.226;    26.582;    88.434; 
  73;     3.223;    26.577;    88.434; 
  74;     3.219;    26.570;    88.434; 
  75;     3.215;    26.563;    88.434; 
  76;     3.207;    26.550;    88.434; 
  77;     3.201;    26.541;    88.434; 
  78;     3.198;    26.536;    88.434; 
  79;     3.193;    26.527;    88.434; 
  80;     3.192;    26.525;    88.434; 
  81;     3.188;    26.517;    88.434; 
  82;     3.181;    26.505;    88.434; 
  83;     3.175;    26.494;    88.434; 
  84;     3.166;    26.479;    88.434; 
  85;     3.163;    26.474;    88.434; 
  86;     3.156;    26.463;    88.434; 
  87;     3.153;    26.458;    88.434; 
  88;     3.147;    26.447;    88.434; 
  89;     3.141;    26.437;    88.434; 
  90;     3.138;    26.432;    88.434; 
  91;     3.131;    26.419;    88.434; 
  92;     3.124;    26.407;    88.434; 
  93;     3.117;    26.396;    88.434; 
  94;     3.111;    26.386;    88.434; 
  95;     3.104;    26.375;    88.434; 
  96;     3.102;    26.371;    88.434; 
  97;     3.099;    26.365;    88.434; 
  98;     3.094;    26.356;    88.434; 
  99;     3.090;    26.350;    88.434; 
 100;     3.085;    26.340;    88.434; 
 101;     3.079;    26.330;    88.434; 
 102;     3.074;    26.321;    88.434; 
 103;     3.067;    26.309;    88.434; 
 104;     3.058;    26.293;    88.434; 
 105;     3.055;    26.288;    88.434; 
 106;     3.052;    26.284;    88.434; 
 107;     3.047;    26.273;    88.434; 
 108;     3.043;    26.268;    88.434; 
 109;     3.037;    26.256;    88.434; 
 110;     3.032;    26.247;    88.434; 
 111;     3.027;    26.239;    88.434; 
 112;     3.022;    26.228;    88.434; 
 113;     3.015;    26.216;    88.434; 
 114;     3.011;    26.210;    88.434; 
 115;     3.006;    26.200;    88.434; 
 116;     3.001;    26.192;    88.434; 
 117;     2.997;    26.184;    88.434; 
 118;     2.992;    26.176;    88.434; 
 119;     2.987;    26.166;    88.434; 
 120;     2.981;    26.155;    88.434; 
 121;     2.977;    26.147;    88.434; 
 122;     2.971;    26.136;    88.434; 
 123;     2.966;    26.127;    88.434; 
 124;     2.958;    26.114;    88.434; 
 125;     2.955;    26.109;    88.434; 
 126;     2.949;    26.097;    88.434; 
 127;     2.944;    26.089;    88.434; 
 128;     2.941;    26.082;    88.434; 
 129;     2.937;    26.075;    88.434; 
 130;     2.933;    26.067;    88.434; 
 131;     2.929;    26.059;    88.434; 
 132;     2.923;    26.049;    88.434; 
 133;     2.918;    26.039;    88.434; 
 134;     2.913;    26.029;    88.434; 
 135;     2.908;    26.020;    88.434; 
 136;     2.904;    26.011;    88.434; 
 137;     2.900;    26.004;    88.434; 
 138;     2.897;    25.997;    88.434; 
 139;     2.890;    25.984;    88.434; 
 140;     2.884;    25.972;    88.434; 
 141;     2.877;    25.960;    88.434; 
 142;     2.872;    25.950;    88.434; 
 143;     2.868;    25.944;    88.434; 
 144;     2.863;    25.934;    88.434; 
 145;     2.860;    25.928;    88.434; 
 146;     2.854;    25.917;    88.434; 
 147;     2.852;    25.911;    88.434; 
 148;     2.848;    25.903;    88.434; 
 149;     2.842;    25.891;    88.434; 
 150;     2.838;    25.884;    88.434; 
 151;     2.832;    25.872;    88.434; 
 152;     2.827;    25.862;    88.434; 
 153;     2.823;    25.852;    88.434; 
 154;     2.818;    25.843;    88.434; 
 155;     2.811;    25.829;    88.434; 
 156;     2.807;    25.822;    88.434; 
 157;     2.803;    25.815;    88.434; 
 158;     2.797;    25.802;    88.434; 
 159;     2.795;    25.798;    88.434; 
 160;     2.792;    25.793;    88.434; 
 161;     2.787;    25.783;    88.434; 
 162;     2.784;    25.775;    88.434; 
 163;     2.782;    25.771;    88.434; 
 164;     2.774;    25.753;    88.434; 
 165;     2.765;    25.736;    88.434; 
 166;     2.760;    25.726;    88.434; 
 167;     2.755;    25.716;    88.434; 
 168;     2.751;    25.708;    88.434; 
 169;     2.748;    25.702;    88.434; 
 170;     2.744;    25.694;    88.434; 
 171;     2.738;    25.683;    88.434; 
 172;     2.735;    25.675;    88.434; 
 173;     2.731;    25.668;    88.434; 
 174;     2.726;    25.657;    88.434; 
 175;     2.722;    25.648;    88.434; 
 176;     2.718;    25.640;    88.434; 
 177;     2.714;    25.631;    88.434; 
 178;     2.710;    25.622;    88.434; 
 179;     2.705;    25.612;    88.434; 
 180;     2.702;    25.605;    88.434; 
 181;     2.698;    25.596;    88.434; 
 182;     2.695;    25.588;    88.434; 
 183;     2.690;    25.578;    88.434; 
 184;     2.684;    25.563;    88.434; 
 185;     2.678;    25.551;    88.434; 
 186;     2.671;    25.537;    88.434; 
 187;     2.667;    25.529;    88.434; 
 188;     2.664;    25.523;    88.434; 
 189;     2.662;    25.519;    88.434; 
 190;     2.658;    25.508;    88.434; 
 191;     2.657;    25.505;    88.434; 
 192;     2.651;    25.492;    88.434; 
 193;     2.645;    25.478;    88.434; 
 194;     2.637;    25.462;    88.434; 
 195;     2.634;    25.454;    88.434; 
 196;     2.630;    25.445;    88.434; 
 197;     2.626;    25.438;    88.434; 
 198;     2.624;    25.432;    88.434; 
 199;     2.622;    25.428;    88.434; 
 200;     2.616;    25.413;    88.434; 
 201;     2.614;    25.407;    88.434; 
 202;     2.609;    25.395;    88.434; 
 203;     2.604;    25.384;    88.434; 
 204;     2.599;    25.371;    88.434; 
 205;     2.594;    25.361;    88.434; 
 206;     2.590;    25.352;    88.434; 
 207;     2.588;    25.346;    88.434; 
 208;     2.584;    25.336;    88.434; 
 209;     2.580;    25.326;    88.434; 
 210;     2.574;    25.314;    88.434; 
 211;     2.570;    25.302;    88.434; 
 212;     2.565;    25.292;    88.434; 
 213;     2.563;    25.287;    88.434; 
 214;     2.561;    25.281;    88.434; 
 215;     2.559;    25.276;    88.434; 
 216;     2.556;    25.268;    88.434; 
 217;     2.549;    25.248;    88.434; 
 218;     2.542;    25.233;    88.434; 
 219;     2.537;    25.222;    88.434; 
 220;     2.535;    25.216;    88.434; 
 221;     2.531;    25.208;    88.434; 
 222;     2.525;    25.194;    88.434; 
 223;     2.524;    25.190;    88.434; 
 224;     2.519;    25.178;    88.434; 
 225;     2.515;    25.169;    88.434; 
 226;     2.513;    25.162;    88.434; 
 227;     2.509;    25.153;    88.434; 
 228;     2.507;    25.147;    88.434; 
 229;     2.503;    25.136;    88.434; 
 230;     2.499;    25.126;    88.434; 
 231;     2.494;    25.112;    88.434; 
 232;     2.490;    25.102;    88.434; 
 233;     2.486;    25.092;    88.434; 
 234;     2.481;    25.081;    88.434; 
 235;     2.478;    25.074;    88.434; 
 236;     2.476;    25.067;    88.434; 
 237;     2.472;    25.057;    88.434; 
 238;     2.470;    25.050;    88.434; 
 239;     2.468;    25.045;    88.434; 
 240;     2.464;    25.034;    88.434; 
 241;     2.460;    25.024;    88.434; 
 242;     2.457;    25.013;    88.434; 
 243;     2.453;    25.003;    88.434; 
 244;     2.448;    24.988;    88.434; 
 245;     2.444;    24.977;    88.434; 
 246;     2.440;    24.969;    88.434; 
 247;     2.437;    24.959;    88.434; 
 248;     2.434;    24.952;    88.434; 
 249;     2.433;    24.949;    88.434; 
 250;     2.430;    24.938;    88.434; 
 251;     2.426;    24.926;    88.434; 
 252;     2.422;    24.916;    88.434; 
 253;     2.418;    24.902;    88.434; 
 254;     2.414;    24.892;    88.434; 
 255;     2.409;    24.879;    88.434; 
 256;     2.406;    24.870;    88.434; 
 257;     2.403;    24.863;    88.434; 
 258;     2.401;    24.856;    88.434; 
 259;     2.398;    24.847;    88.434; 
 260;     2.397;    24.842;    88.434; 
 261;     2.394;    24.833;    88.434; 
 262;     2.393;    24.828;    88.434; 
 263;     2.390;    24.818;    88.434; 
 264;     2.386;    24.806;    88.434; 
 265;     2.380;    24.786;    88.434; 
 266;     2.373;    24.766;    88.434; 
 267;     2.368;    24.754;    88.434; 
 268;     2.359;    24.735;    88.434; 
 269;     2.342;    24.701;    88.434; 
 270;     2.327;    24.679;    88.434; 
 271;     2.321;    24.669;    88.434; 
 272;     2.309;    24.652;    88.434; 
 273;     2.254;    24.598;    88.434; 
 274;     2.145;    24.549;    88.434; 
 275;     2.084;    24.543;    88.434; 
 276;     2.058;    24.544;    88.434; 
 277;     2.036;    24.545;    88.434; 
 278;     2.023;    24.547;    88.434; 
 279;     2.013;    24.547;    88.434; 
 280;     2.001;    24.549;    88.434; 
 281;     1.995;    24.549;    88.434; 
 282;     1.989;    24.549;    88.434; 
 283;     1.986;    24.549;    88.434; 
 284;     1.975;    24.550;    88.434; 
 285;     1.955;    24.551;    88.434; 
 286;     1.933;    24.553;    88.434; 
 287;     1.923;    24.554;    88.434; 
 288;     1.913;    24.555;    88.434; 
 289;     1.903;    24.556;    88.434; 
 290;     1.895;    24.557;    88.434; 
 291;     1.887;    24.558;    88.434; 
 292;     1.875;    24.559;    88.434; 
 293;     1.863;    24.560;    88.434; 
 294;     1.852;    24.561;    88.434; 
 295;     1.843;    24.562;    88.434; 
 296;     1.836;    24.562;    88.434; 
 297;     1.830;    24.562;    88.434; 
 298;     1.818;    24.563;    88.434; 
 299;     1.801;    24.564;    88.434; 
 300;     1.787;    24.565;    88.434; 
 301;     1.775;    24.567;    88.434; 
 302;     1.764;    24.568;    88.434; 
 303;     1.755;    24.569;    88.434; 
 304;     1.746;    24.569;    88.434; 
 305;     1.738;    24.570;    88.434; 
 306;     1.734;    24.570;    88.434; 
 307;     1.716;    24.572;    88.434; 
 308;     1.616;    24.602;    88.434; 
 309;     1.597;    24.612;    88.434; 
 310;     1.589;    24.617;    88.434; 
 311;     1.511;    24.685;    88.434; 
 312;     1.468;    24.766;    88.434; 
 313;     1.461;    24.787;    88.434; 
 314;     1.455;    24.811;    88.434; 
 315;     1.453;    24.824;    88.434; 
 316;     1.450;    24.838;    88.434; 
 317;     1.448;    24.849;    88.434; 
 318;     1.445;    24.863;    88.434; 
 319;     1.443;    24.876;    88.434; 
 320;     1.442;    24.883;    88.434; 
 321;     1.439;    24.899;    88.434; 
 322;     1.438;    24.905;    88.434; 
 323;     1.436;    24.914;    88.434; 
 324;     1.434;    24.931;    88.434; 
 325;     1.433;    24.934;    88.434; 
 326;     1.431;    24.942;    88.434; 
 327;     1.429;    24.957;    88.434; 
 328;     1.426;    24.973;    88.434; 
 329;     1.424;    24.987;    88.434; 
 330;     1.423;    24.996;    88.434; 
 331;     1.422;    25.002;    88.434; 
 332;     1.421;    25.007;    88.434; 
 333;     1.418;    25.021;    88.434; 
 334;     1.417;    25.030;    88.434; 
 335;     1.414;    25.045;    88.434; 
 336;     1.412;    25.059;    88.434; 
 337;     1.411;    25.066;    88.434; 
 338;     1.410;    25.071;    88.434; 
 339;     1.408;    25.082;    88.434; 
 340;     1.407;    25.086;    88.434; 
 341;     1.406;    25.093;    88.434; 
 342;     1.402;    25.111;    88.434; 
 343;     1.400;    25.124;    88.434; 
 344;     1.399;    25.130;    88.434; 
 345;     1.397;    25.138;    88.434; 
 346;     1.395;    25.151;    88.434; 
 347;     1.393;    25.162;    88.434; 
 348;     1.390;    25.177;    88.434; 
 349;     1.388;    25.186;    88.434; 
 350;     1.386;    25.196;    88.434; 
 351;     1.385;    25.202;    88.434; 
 352;     1.384;    25.210;    88.434; 
 353;     1.382;    25.218;    88.434; 
 354;     1.380;    25.227;    88.434; 
 355;     1.378;    25.235;    88.434; 
 356;     1.376;    25.241;    88.434; 
 357;     1.375;    25.247;    88.434; 
 358;     1.370;    25.265;    88.434; 
 359;     1.365;    25.288;    88.434; 
 360;     1.363;    25.303;    88.434; 
 361;     1.362;    25.308;    88.434; 
 362;     1.361;    25.313;    88.434; 
 363;     1.360;    25.318;    88.434; 
 364;     1.357;    25.330;    88.434; 
 365;     1.355;    25.338;    88.434; 
 366;     1.354;    25.344;    88.434; 
 367;     1.350;    25.358;    88.434; 
 368;     1.347;    25.370;    88.434; 
 369;     1.345;    25.383;    88.434; 
 370;     1.343;    25.391;    88.434; 
 371;     1.341;    25.399;    88.434; 
 372;     1.338;    25.410;    88.434; 
 373;     1.337;    25.415;    88.434; 
 374;     1.334;    25.427;    88.434; 
 375;     1.331;    25.440;    88.434; 
 376;     1.329;    25.449;    88.434; 
 377;     1.327;    25.454;    88.434; 
 378;     1.325;    25.464;    88.434; 
 379;     1.321;    25.479;    88.434; 
 380;     1.318;    25.490;    88.434; 
 381;     1.315;    25.503;    88.434; 
 382;     1.313;    25.513;    88.434; 
 383;     1.311;    25.520;    88.434; 
 384;     1.309;    25.527;    88.434; 
 385;     1.306;    25.539;    88.434; 
 386;     1.304;    25.549;    88.434; 
 387;     1.302;    25.556;    88.434; 
 388;     1.300;    25.563;    88.434; 
 389;     1.297;    25.571;    88.434; 
 390;     1.294;    25.585;    88.434; 
 391;     1.290;    25.599;    88.434; 
 392;     1.287;    25.610;    88.434; 
 393;     1.284;    25.621;    88.434; 
 394;     1.283;    25.625;    88.434; 
 395;     1.280;    25.632;    88.434; 
 396;     1.278;    25.640;    88.434; 
 397;     1.272;    25.661;    88.434; 
 398;     1.268;    25.677;    88.434; 
 399;     1.265;    25.687;    88.434; 
 400;     1.264;    25.693;    88.434; 
 401;     1.261;    25.702;    88.434; 
 402;     1.259;    25.712;    88.434; 
 403;     1.257;    25.720;    88.434; 
 404;     1.255;    25.725;    88.434; 
 405;     1.252;    25.734;    88.434; 
 406;     1.249;    25.747;    88.434; 
 407;     1.246;    25.757;    88.434; 
 408;     1.243;    25.766;    88.434; 
 409;     1.241;    25.772;    88.434; 
 410;     1.237;    25.784;    88.434; 
 411;     1.235;    25.790;    88.434; 
 412;     1.230;    25.807;    88.434; 
 413;     1.226;    25.823;    88.434; 
 414;     1.223;    25.832;    88.434; 
 415;     1.220;    25.842;    88.434; 
 416;     1.218;    25.851;    88.434; 
 417;     1.215;    25.860;    88.434; 
 418;     1.212;    25.872;    88.434; 
 419;     1.209;    25.880;    88.434; 
 420;     1.209;    25.882;    88.434; 
 421;     1.206;    25.888;    88.434; 
 422;     1.203;    25.897;    88.434; 
 423;     1.201;    25.902;    88.434; 
 424;     1.195;    25.921;    88.434; 
 425;     1.188;    25.942;    88.434; 
 426;     1.183;    25.960;    88.434; 
 427;     1.181;    25.971;    88.434; 
 428;     1.180;    25.972;    88.434; 
 429;     1.178;    25.980;    88.434; 
 430;     1.176;    25.984;    88.434; 
 431;     1.174;    25.991;    88.434; 
 432;     1.170;    26.005;    88.434; 
 433;     1.167;    26.013;    88.434; 
 434;     1.163;    26.023;    88.434; 
 435;     1.161;    26.030;    88.434; 
 436;     1.156;    26.043;    88.434; 
 437;     1.152;    26.058;    88.434; 
 438;     1.149;    26.068;    88.434; 
 439;     1.146;    26.077;    88.434; 
 440;     1.145;    26.080;    88.434; 
 441;     1.141;    26.092;    88.434; 
 442;     1.137;    26.104;    88.434; 
 443;     1.131;    26.122;    88.434; 
 444;     1.130;    26.127;    88.434; 
 445;     1.127;    26.136;    88.434; 
 446;     1.124;    26.143;    88.434; 
 447;     1.121;    26.153;    88.434; 
 448;     1.118;    26.162;    88.434; 
 449;     1.114;    26.173;    88.434; 
 450;     1.111;    26.181;    88.434; 
 451;     1.110;    26.185;    88.434; 
 452;     1.104;    26.202;    88.434; 
 453;     1.102;    26.209;    88.434; 
 454;     1.097;    26.224;    88.434; 
 455;     1.094;    26.230;    88.434; 
 456;     1.091;    26.239;    88.434; 
 457;     1.087;    26.252;    88.434; 
 458;     1.084;    26.261;    88.434; 
 459;     1.080;    26.272;    88.434; 
 460;     1.076;    26.282;    88.434; 
 461;     1.074;    26.289;    88.434; 
 462;     1.070;    26.298;    88.434; 
 463;     1.066;    26.311;    88.434; 
 464;     1.062;    26.321;    88.434; 
 465;     1.059;    26.331;    88.434; 
 466;     1.054;    26.344;    88.434; 
 467;     1.052;    26.348;    88.434; 
 468;     1.048;    26.360;    88.434; 
 469;     1.044;    26.371;    88.434; 
 470;     1.041;    26.380;    88.434; 
 471;     1.037;    26.390;    88.434; 
 472;     1.033;    26.403;    88.434; 
 473;     1.030;    26.410;    88.434; 
 474;     1.027;    26.418;    88.434; 
 475;     1.024;    26.427;    88.434; 
 476;     1.019;    26.440;    88.434; 
 477;     1.016;    26.449;    88.434; 
 478;     1.012;    26.460;    88.434; 
 479;     1.009;    26.467;    88.434; 
 480;     1.007;    26.472;    88.434; 
 481;     1.002;    26.486;    88.434; 
 482;      .998;    26.496;    88.434; 
 483;      .993;    26.509;    88.434; 
 484;      .990;    26.518;    88.434; 
 485;      .987;    26.526;    88.434; 
 486;      .983;    26.536;    88.434; 
 487;      .977;    26.551;    88.434; 
 488;      .974;    26.561;    88.434; 
 489;      .969;    26.576;    88.434; 
 490;      .967;    26.582;    88.434; 
 491;      .964;    26.588;    88.434; 
 492;      .960;    26.599;    88.434; 
 493;      .957;    26.607;    88.434; 
 494;      .953;    26.619;    88.434; 
 495;      .950;    26.627;    88.434; 
 496;      .946;    26.638;    88.434; 
 497;      .943;    26.646;    88.434; 
 498;      .940;    26.653;    88.434; 
 499;      .934;    26.667;    88.434; 
 500;      .932;    26.671;    88.434; 
 501;      .929;    26.679;    88.434; 
 502;      .925;    26.688;    88.434; 
 503;      .921;    26.698;    88.434; 
 504;      .917;    26.708;    88.434; 
 505;      .912;    26.721;    88.434; 
 506;      .909;    26.727;    88.434; 
 507;      .905;    26.736;    88.434; 
 508;      .899;    26.752;    88.434; 
 509;      .895;    26.763;    88.434; 
 510;      .892;    26.768;    88.434; 
 511;      .889;    26.775;    88.434; 
 512;      .888;    26.777;    88.434; 
 513;      .886;    26.780;    88.434; 
 514;      .884;    26.785;    88.434; 
 515;      .880;    26.791;    88.434; 
 516;      .877;    26.796;    88.434; 
 517;      .874;    26.801;    88.434; 
 518;      .869;    26.809;    88.434; 
 519;      .867;    26.812;    88.434; 
 520;      .862;    26.819;    88.434; 
 521;      .860;    26.821;    88.434; 
 522;      .856;    26.827;    88.434; 
 523;      .853;    26.830;    88.434; 
 524;      .852;    26.832;    88.434; 
 525;      .848;    26.836;    88.434; 
 526;      .846;    26.837;    88.434; 
 527;      .842;    26.841;    88.434; 
 528;      .839;    26.844;    88.434; 
 529;      .837;    26.846;    88.434; 
 530;      .832;    26.849;    88.434; 
 531;      .830;    26.851;    88.434; 
 532;      .826;    26.853;    88.434; 
 533;      .821;    26.857;    88.434; 
 534;      .814;    26.861;    88.434; 
 535;      .807;    26.866;    88.434; 
 536;      .802;    26.869;    88.434; 
 537;      .798;    26.872;    88.434; 
 538;      .797;    26.872;    88.434; 
 539;      .795;    26.873;    88.434; 
 540;      .790;    26.875;    88.434; 
 541;      .788;    26.875;    88.434; 
 542;      .785;    26.876;    88.434; 
 543;      .780;    26.878;    88.434; 
 544;      .776;    26.879;    88.434; 
 545;      .770;    26.882;    88.434; 
 546;      .762;    26.884;    88.434; 
 547;      .748;    26.888;    88.434; 
 548;      .739;    26.891;    88.434; 
 549;      .738;    26.891;    88.434; 
 550;      .734;    26.892;    88.434; 
 551;      .731;    26.893;    88.434; 
 552;      .728;    26.893;    88.434; 
 553;      .723;    26.894;    88.434; 
 554;      .720;    26.894;    88.434; 
 555;      .715;    26.895;    88.434; 
 556;      .712;    26.895;    88.434; 
 557;      .704;    26.895;    88.434; 
 558;      .693;    26.896;    88.434; 
 559;      .684;    26.896;    88.434; 
 560;      .677;    26.896;    88.434; 
 561;      .671;    26.896;    88.434; 
 562;      .662;    26.897;    88.434; 
 563;      .655;    26.897;    88.434; 
 564;      .649;    26.896;    88.434; 
 565;      .643;    26.896;    88.434; 
 566;      .630;    26.896;    88.434; 
 567;      .599;    26.896;    88.434; 
 568;      .583;    26.897;    88.434; 
 569;      .578;    26.898;    88.434; 
 570;      .570;    26.898;    88.434; 
 571;      .561;    26.898;    88.434; 
 572;      .551;    26.898;    88.434; 
 573;      .543;    26.899;    88.434; 
 574;      .537;    26.899;    88.434; 
 575;      .533;    26.898;    88.434; 
 576;      .520;    26.898;    88.434; 
 577;      .502;    26.898;    88.434; 
 578;      .486;    26.899;    88.434; 
 579;      .474;    26.899;    88.434; 
 580;      .468;    26.899;    88.434; 
 581;      .459;    26.900;    88.434; 
 582;      .451;    26.900;    88.434; 
 583;      .445;    26.900;    88.434; 
 584;      .428;    26.900;    88.434; 
 585;      .411;    26.900;    88.434; 
 586;      .398;    26.901;    88.434; 
 587;      .392;    26.901;    88.434; 
 588;      .385;    26.901;    88.434; 
 589;      .376;    26.901;    88.434; 
 590;      .365;    26.901;    88.434; 
 591;      .353;    26.901;    88.434; 
 592;      .337;    26.902;    88.434; 
 593;      .326;    26.902;    88.434; 
 594;      .317;    26.903;    88.434; 
 595;      .308;    26.903;    88.434; 
 596;      .298;    26.903;    88.434; 
 597;      .283;    26.903;    88.434; 
 598;      .272;    26.904;    88.434; 
 599;      .264;    26.904;    88.434; 
 600;      .252;    26.905;    88.434; 
 601;      .245;    26.905;    88.434; 
 602;      .237;    26.905;    88.434; 
 603;      .228;    26.905;    88.434; 
 604;      .219;    26.905;    88.434; 
 605;      .211;    26.904;    88.434; 
 606;      .201;    26.904;    88.434; 
 607;      .189;    26.904;    88.434; 
 608;      .182;    26.904;    88.434; 
 609;      .177;    26.903;    88.434; 
 610;      .171;    26.903;    88.434; 
 611;      .160;    26.902;    88.434; 
 612;      .153;    26.901;    88.434; 
 613;      .148;    26.901;    88.434; 
 614;      .144;    26.900;    88.434; 
 615;      .137;    26.899;    88.434; 
 616;      .133;    26.898;    88.434; 
 617;      .128;    26.897;    88.434; 
 618;      .125;    26.897;    88.434; 
 619;      .120;    26.895;    88.434; 
 620;      .118;    26.894;    88.434; 
 621;      .114;    26.893;    88.434; 
 622;      .106;    26.890;    88.434; 
 623;      .100;    26.888;    88.434; 
 624;      .095;    26.886;    88.434; 
 625;      .092;    26.885;    88.434; 
 626;      .087;    26.883;    88.434; 
 627;      .084;    26.881;    88.434; 
 628;      .083;    26.880;    88.434; 
 629;      .077;    26.877;    88.434; 
 630;      .074;    26.875;    88.434; 
 631;      .068;    26.872;    88.434; 
 632;      .061;    26.868;    88.434; 
 633;      .056;    26.864;    88.434; 
 634;      .055;    26.863;    88.434; 
 635;      .049;    26.859;    88.434; 
 636;      .045;    26.856;    88.434; 
 637;      .044;    26.855;    88.434; 
 638;      .040;    26.851;    88.434; 
 639;      .038;    26.849;    88.434; 
 640;      .032;    26.844;    88.434; 
 641;      .031;    26.842;    88.434; 
 642;      .023;    26.834;    88.434; 
 643;      .022;    26.833;    88.434; 
 644;      .017;    26.827;    88.434; 
 645;      .015;    26.825;    88.434; 
 646;      .013;    26.822;    88.434; 
 647;      .012;    26.820;    88.434; 
 648;      .008;    26.814;    88.434; 
 649;      .005;    26.810;    88.434; 
 650;      .003;    26.806;    88.434; 
 651;    -0.000;    26.800;    88.434; 
 652;     -.004;    26.793;    88.434; 
 653;     -.005;    26.790;    88.434; 
 654;     -.010;    26.781;    88.434; 
 655;     -.013;    26.775;    88.434; 
 656;     -.017;    26.766;    88.434; 
 657;     -.020;    26.759;    88.434; 
 658;     -.025;    26.749;    88.434; 
 659;     -.029;    26.739;    88.434; 
 660;     -.032;    26.733;    88.434; 
 661;     -.035;    26.725;    88.434; 
 662;     -.041;    26.710;    88.434; 
 663;     -.046;    26.699;    88.434; 
 664;     -.048;    26.694;    88.434; 
 665;     -.051;    26.685;    88.434; 
 666;     -.055;    26.676;    88.434; 
 667;     -.058;    26.667;    88.434; 
 668;     -.066;    26.650;    88.434; 
 669;     -.071;    26.638;    88.434; 
 670;     -.076;    26.626;    88.434; 
 671;     -.080;    26.618;    88.434; 
 672;     -.081;    26.614;    88.434; 
 673;     -.085;    26.605;    88.434; 
 674;     -.088;    26.598;    88.434; 
 675;     -.094;    26.583;    88.434; 
 676;     -.100;    26.569;    88.434; 
 677;     -.107;    26.555;    88.434; 
 678;     -.110;    26.547;    88.434; 
 679;     -.112;    26.542;    88.434; 
 680;     -.117;    26.532;    88.434; 
 681;     -.120;    26.524;    88.434; 
 682;     -.123;    26.517;    88.434; 
 683;     -.129;    26.503;    88.434; 
 684;     -.132;    26.497;    88.434; 
 685;     -.134;    26.490;    88.434; 
 686;     -.138;    26.481;    88.434; 
 687;     -.142;    26.470;    88.434; 
 688;     -.148;    26.457;    88.434; 
 689;     -.152;    26.448;    88.434; 
 690;     -.156;    26.436;    88.434; 
 691;     -.161;    26.425;    88.434; 
 692;     -.166;    26.415;    88.434; 
 693;     -.167;    26.411;    88.434; 
 694;     -.171;    26.403;    88.434; 
 695;     -.174;    26.393;    88.434; 
 696;     -.177;    26.385;    88.434; 
 697;     -.181;    26.377;    88.434; 
 698;     -.186;    26.365;    88.434; 
 699;     -.189;    26.356;    88.434; 
 700;     -.193;    26.345;    88.434; 
 701;     -.197;    26.335;    88.434; 
 702;     -.201;    26.325;    88.434; 
 703;     -.206;    26.314;    88.434; 
 704;     -.209;    26.305;    88.434; 
 705;     -.213;    26.295;    88.434; 
 706;     -.217;    26.285;    88.434; 
 707;     -.219;    26.281;    88.434; 
 708;     -.224;    26.268;    88.434; 
 709;     -.228;    26.257;    88.434; 
 710;     -.231;    26.250;    88.434; 
 711;     -.235;    26.239;    88.434; 
 712;     -.239;    26.229;    88.434; 
 713;     -.242;    26.220;    88.434; 
 714;     -.246;    26.210;    88.434; 
 715;     -.249;    26.203;    88.434; 
 716;     -.253;    26.191;    88.434; 
 717;     -.257;    26.180;    88.434; 
 718;     -.261;    26.169;    88.434; 
 719;     -.265;    26.160;    88.434; 
 720;     -.268;    26.150;    88.434; 
 721;     -.270;    26.145;    88.434; 
 722;     -.275;    26.133;    88.434; 
 723;     -.278;    26.122;    88.434; 
 724;     -.283;    26.110;    88.434; 
 725;     -.289;    26.093;    88.434; 
 726;     -.294;    26.082;    88.434; 
 727;     -.297;    26.074;    88.434; 
 728;     -.300;    26.068;    88.434; 
 729;     -.303;    26.060;    88.434; 
 730;     -.306;    26.051;    88.434; 
 731;     -.308;    26.044;    88.434; 
 732;     -.311;    26.037;    88.434; 
 733;     -.314;    26.028;    88.434; 
 734;     -.320;    26.012;    88.434; 
 735;     -.327;    25.993;    88.434; 
 736;     -.331;    25.983;    88.434; 
 737;     -.332;    25.981;    88.434; 
 738;     -.334;    25.975;    88.434; 
 739;     -.335;    25.970;    88.434; 
 740;     -.338;    25.963;    88.434; 
 741;     -.341;    25.950;    88.434; 
 742;     -.345;    25.939;    88.434; 
 743;     -.347;    25.934;    88.434; 
 744;     -.353;    25.915;    88.434; 
 745;     -.360;    25.895;    88.434; 
 746;     -.368;    25.877;    88.434; 
 747;     -.372;    25.868;    88.434; 
 748;     -.372;    25.866;    88.434; 
 749;     -.376;    25.857;    88.434; 
 750;     -.378;    25.851;    88.434; 
 751;     -.380;    25.846;    88.434; 
 752;     -.383;    25.837;    88.434; 
 753;     -.384;    25.831;    88.434; 
 754;     -.385;    25.827;    88.434; 
 755;     -.389;    25.814;    88.434; 
 756;     -.397;    25.792;    88.434; 
 757;     -.404;    25.772;    88.434; 
 758;     -.407;    25.765;    88.434; 
 759;     -.409;    25.760;    88.434; 
 760;     -.411;    25.752;    88.434; 
 761;     -.414;    25.744;    88.434; 
 762;     -.417;    25.736;    88.434; 
 763;     -.419;    25.728;    88.434; 
 764;     -.423;    25.715;    88.434; 
 765;     -.426;    25.708;    88.434; 
 766;     -.430;    25.694;    88.434; 
 767;     -.433;    25.687;    88.434; 
 768;     -.435;    25.678;    88.434; 
 769;     -.439;    25.667;    88.434; 
 770;     -.443;    25.654;    88.434; 
 771;     -.446;    25.645;    88.434; 
 772;     -.450;    25.635;    88.434; 
 773;     -.451;    25.629;    88.434; 
 774;     -.455;    25.617;    88.434; 
 775;     -.458;    25.608;    88.434; 
 776;     -.461;    25.599;    88.434; 
 777;     -.464;    25.589;    88.434; 
 778;     -.467;    25.579;    88.434; 
 779;     -.470;    25.568;    88.434; 
 780;     -.472;    25.562;    88.434; 
 781;     -.475;    25.553;    88.434; 
 782;     -.478;    25.543;    88.434; 
 783;     -.479;    25.536;    88.434; 
 784;     -.481;    25.530;    88.434; 
 785;     -.484;    25.518;    88.434; 
 786;     -.488;    25.504;    88.434; 
 787;     -.493;    25.488;    88.434; 
 788;     -.496;    25.478;    88.434; 
 789;     -.498;    25.471;    88.434; 
 790;     -.500;    25.462;    88.434; 
 791;     -.502;    25.455;    88.434; 
 792;     -.505;    25.446;    88.434; 
 793;     -.508;    25.434;    88.434; 
 794;     -.511;    25.425;    88.434; 
 795;     -.514;    25.412;    88.434; 
 796;     -.517;    25.402;    88.434; 
 797;     -.519;    25.395;    88.434; 
 798;     -.522;    25.385;    88.434; 
 799;     -.524;    25.376;    88.434; 
 800;     -.528;    25.365;    88.434; 
 801;     -.530;    25.354;    88.434; 
 802;     -.533;    25.344;    88.434; 
 803;     -.536;    25.335;    88.434; 
 804;     -.538;    25.327;    88.434; 
 805;     -.541;    25.314;    88.434; 
 806;     -.544;    25.304;    88.434; 
 807;     -.546;    25.297;    88.434; 
 808;     -.549;    25.287;    88.434; 
 809;     -.551;    25.278;    88.434; 
 810;     -.554;    25.265;    88.434; 
 811;     -.559;    25.249;    88.434; 
 812;     -.561;    25.240;    88.434; 
 813;     -.563;    25.233;    88.434; 
 814;     -.565;    25.224;    88.434; 
 815;     -.567;    25.216;    88.434; 
 816;     -.569;    25.208;    88.434; 
 817;     -.571;    25.201;    88.434; 
 818;     -.573;    25.193;    88.434; 
 819;     -.574;    25.185;    88.434; 
 820;     -.576;    25.175;    88.434; 
 821;     -.578;    25.164;    88.434; 
 822;     -.582;    25.150;    88.434; 
 823;     -.585;    25.134;    88.434; 
 824;     -.587;    25.125;    88.434; 
 825;     -.590;    25.115;    88.434; 
 826;     -.592;    25.105;    88.434; 
 827;     -.595;    25.095;    88.434; 
 828;     -.597;    25.085;    88.434; 
 829;     -.599;    25.076;    88.434; 
 830;     -.600;    25.069;    88.434; 
 831;     -.603;    25.055;    88.434; 
 832;     -.605;    25.048;    88.434; 
 833;     -.607;    25.038;    88.434; 
 834;     -.610;    25.027;    88.434; 
 835;     -.612;    25.016;    88.434; 
 836;     -.613;    25.010;    88.434; 
 837;     -.616;    24.998;    88.434; 
 838;     -.617;    24.990;    88.434; 
 839;     -.620;    24.979;    88.434; 
 840;     -.621;    24.969;    88.434; 
 841;     -.623;    24.962;    88.434; 
 842;     -.625;    24.952;    88.434; 
 843;     -.627;    24.941;    88.434; 
 844;     -.629;    24.929;    88.434; 
 845;     -.631;    24.917;    88.434; 
 846;     -.634;    24.905;    88.434; 
 847;     -.637;    24.890;    88.434; 
 848;     -.644;    24.866;    88.434; 
 849;     -.648;    24.852;    88.434; 
 850;     -.651;    24.841;    88.434; 
 851;     -.656;    24.826;    88.434; 
 852;     -.662;    24.810;    88.434; 
 853;     -.670;    24.789;    88.434; 
 854;     -.691;    24.750;    88.434; 
 855;     -.798;    24.652;    88.434; 
 856;     -.881;    24.625;    88.434; 
 857;     -.913;    24.621;    88.434; 
 858;     -.928;    24.620;    88.434; 
 859;     -.935;    24.620;    88.434; 
 860;     -.942;    24.619;    88.434; 
 861;     -.956;    24.618;    88.434; 
 862;     -.979;    24.617;    88.434; 
 863;     -.996;    24.617;    88.434; 
 864;    -1.006;    24.616;    88.434; 
 865;    -1.012;    24.616;    88.434; 
 866;    -1.021;    24.616;    88.434; 
 867;    -1.032;    24.616;    88.434; 
 868;    -1.042;    24.615;    88.434; 
 869;    -1.053;    24.615;    88.434; 
 870;    -1.065;    24.614;    88.434; 
 871;    -1.077;    24.614;    88.434; 
 872;    -1.083;    24.614;    88.434; 
 873;    -1.090;    24.613;    88.434; 
 874;    -1.100;    24.613;    88.434; 
 875;    -1.117;    24.612;    88.434; 
 876;    -1.131;    24.612;    88.434; 
 877;    -1.141;    24.611;    88.434; 
 878;    -1.149;    24.611;    88.434; 
 879;    -1.153;    24.611;    88.434; 
 880;    -1.157;    24.610;    88.434; 
 881;    -1.160;    24.610;    88.434; 
 882;    -1.170;    24.609;    88.434; 
 883;    -1.193;    24.607;    88.434; 
 884;    -1.208;    24.606;    88.434; 
 885;    -1.218;    24.606;    88.434; 
 886;    -1.226;    24.605;    88.434; 
 887;    -1.240;    24.605;    88.434; 
 888;    -1.268;    24.605;    88.434; 
 889;    -1.284;    24.606;    88.434; 
 890;    -1.294;    24.606;    88.434; 
 891;    -1.307;    24.607;    88.434; 
 892;    -1.374;    24.620;    88.434; 
 893;    -1.476;    24.679;    88.434; 
 894;    -1.542;    24.774;    88.434; 
 895;    -1.545;    24.780;    88.434; 
 896;    -1.547;    24.783;    88.434; 
 897;    -1.553;    24.795;    88.434; 
 898;    -1.562;    24.816;    88.434; 
 899;    -1.570;    24.839;    88.434; 
 900;    -1.575;    24.855;    88.434; 
 901;    -1.578;    24.863;    88.434; 
 902;    -1.582;    24.876;    88.434; 
 903;    -1.585;    24.885;    88.434; 
 904;    -1.590;    24.901;    88.434; 
 905;    -1.592;    24.909;    88.434; 
 906;    -1.596;    24.921;    88.434; 
 907;    -1.600;    24.936;    88.434; 
 908;    -1.604;    24.952;    88.434; 
 909;    -1.606;    24.962;    88.434; 
 910;    -1.607;    24.965;    88.434; 
 911;    -1.609;    24.971;    88.434; 
 912;    -1.612;    24.980;    88.434; 
 913;    -1.614;    24.988;    88.434; 
 914;    -1.619;    25.002;    88.434; 
 915;    -1.622;    25.012;    88.434; 
 916;    -1.624;    25.020;    88.434; 
 917;    -1.628;    25.030;    88.434; 
 918;    -1.631;    25.042;    88.434; 
 919;    -1.634;    25.051;    88.434; 
 920;    -1.638;    25.063;    88.434; 
 921;    -1.641;    25.071;    88.434; 
 922;    -1.642;    25.075;    88.434; 
 923;    -1.644;    25.082;    88.434; 
 924;    -1.650;    25.098;    88.434; 
 925;    -1.655;    25.114;    88.434; 
 926;    -1.659;    25.127;    88.434; 
 927;    -1.661;    25.133;    88.434; 
 928;    -1.663;    25.140;    88.434; 
 929;    -1.664;    25.144;    88.434; 
 930;    -1.668;    25.154;    88.434; 
 931;    -1.673;    25.171;    88.434; 
 932;    -1.679;    25.190;    88.434; 
 933;    -1.680;    25.194;    88.434; 
 934;    -1.682;    25.200;    88.434; 
 935;    -1.685;    25.210;    88.434; 
 936;    -1.688;    25.217;    88.434; 
 937;    -1.690;    25.222;    88.434; 
 938;    -1.694;    25.234;    88.434; 
 939;    -1.697;    25.243;    88.434; 
 940;    -1.702;    25.257;    88.434; 
 941;    -1.703;    25.261;    88.434; 
 942;    -1.708;    25.275;    88.434; 
 943;    -1.711;    25.281;    88.434; 
 944;    -1.714;    25.291;    88.434; 
 945;    -1.717;    25.297;    88.434; 
 946;    -1.721;    25.310;    88.434; 
 947;    -1.725;    25.321;    88.434; 
 948;    -1.728;    25.328;    88.434; 
 949;    -1.731;    25.336;    88.434; 
 950;    -1.736;    25.349;    88.434; 
 951;    -1.741;    25.363;    88.434; 
 952;    -1.743;    25.369;    88.434; 
 953;    -1.746;    25.378;    88.434; 
 954;    -1.752;    25.395;    88.434; 
 955;    -1.755;    25.403;    88.434; 
 956;    -1.758;    25.412;    88.434; 
 957;    -1.763;    25.423;    88.434; 
 958;    -1.766;    25.432;    88.434; 
 959;    -1.768;    25.438;    88.434; 
 960;    -1.771;    25.446;    88.434; 
 961;    -1.774;    25.454;    88.434; 
 962;    -1.778;    25.462;    88.434; 
 963;    -1.782;    25.472;    88.434; 
 964;    -1.787;    25.484;    88.434; 
 965;    -1.789;    25.489;    88.434; 
 966;    -1.792;    25.497;    88.434; 
 967;    -1.800;    25.516;    88.434; 
 968;    -1.805;    25.528;    88.434; 
 969;    -1.809;    25.540;    88.434; 
 970;    -1.812;    25.548;    88.434; 
 971;    -1.815;    25.554;    88.434; 
 972;    -1.819;    25.566;    88.434; 
 973;    -1.822;    25.572;    88.434; 
 974;    -1.825;    25.579;    88.434; 
 975;    -1.828;    25.586;    88.434; 
 976;    -1.832;    25.596;    88.434; 
 977;    -1.837;    25.607;    88.434; 
 978;    -1.843;    25.623;    88.434; 
 979;    -1.846;    25.631;    88.434; 
 980;    -1.848;    25.636;    88.434; 
 981;    -1.854;    25.650;    88.434; 
 982;    -1.857;    25.656;    88.434; 
 983;    -1.860;    25.664;    88.434; 
 984;    -1.863;    25.671;    88.434; 
 985;    -1.867;    25.680;    88.434; 
 986;    -1.870;    25.686;    88.434; 
 987;    -1.874;    25.693;    88.434; 
 988;    -1.878;    25.702;    88.434; 
 989;    -1.889;    25.728;    88.434; 
 990;    -1.895;    25.745;    88.434; 
 991;    -1.897;    25.748;    88.434; 
 992;    -1.900;    25.757;    88.434; 
 993;    -1.904;    25.766;    88.434; 
 994;    -1.906;    25.770;    88.434; 
 995;    -1.909;    25.777;    88.434; 
 996;    -1.911;    25.782;    88.434; 
 997;    -1.917;    25.794;    88.434; 
 998;    -1.921;    25.803;    88.434; 
 999;    -1.927;    25.815;    88.434; 
1000;    -1.931;    25.825;    88.434; 
1001;    -1.935;    25.833;    88.434; 
1002;    -1.940;    25.844;    88.434; 
1003;    -1.946;    25.858;    88.434; 
1004;    -1.951;    25.869;    88.434; 
1005;    -1.954;    25.877;    88.434; 
1006;    -1.958;    25.885;    88.434; 
1007;    -1.961;    25.893;    88.434; 
1008;    -1.965;    25.900;    88.434; 
1009;    -1.969;    25.909;    88.434; 
1010;    -1.974;    25.920;    88.434; 
1011;    -1.975;    25.923;    88.434; 
1012;    -1.979;    25.930;    88.434; 
1013;    -1.987;    25.946;    88.434; 
1014;    -1.992;    25.958;    88.434; 
1015;    -1.999;    25.973;    88.434; 
1016;    -2.001;    25.979;    88.434; 
1017;    -2.005;    25.987;    88.434; 
1018;    -2.008;    25.992;    88.434; 
1019;    -2.012;    26.001;    88.434; 
1020;    -2.018;    26.012;    88.434; 
1021;    -2.023;    26.024;    88.434; 
1022;    -2.030;    26.040;    88.434; 
1023;    -2.034;    26.050;    88.434; 
1024;    -2.037;    26.056;    88.434; 
1025;    -2.042;    26.068;    88.434; 
1026;    -2.045;    26.073;    88.434; 
1027;    -2.048;    26.080;    88.434; 
1028;    -2.051;    26.086;    88.434; 
1029;    -2.057;    26.098;    88.434; 
1030;    -2.060;    26.104;    88.434; 
1031;    -2.067;    26.119;    88.434; 
1032;    -2.067;    26.118;    88.434; 
1033;    -2.072;    26.128;    88.434; 
1034;    -2.079;    26.141;    88.434; 
1035;    -2.084;    26.152;    88.434; 
1036;    -2.090;    26.165;    88.434; 
1037;    -2.094;    26.173;    88.434; 
1038;    -2.098;    26.180;    88.434; 
1039;    -2.104;    26.193;    88.434; 
1040;    -2.108;    26.202;    88.434; 
1041;    -2.114;    26.215;    88.434; 
1042;    -2.116;    26.220;    88.434; 
1043;    -2.121;    26.230;    88.434; 
1044;    -2.126;    26.239;    88.434; 
1045;    -2.129;    26.247;    88.434; 
1046;    -2.134;    26.256;    88.434; 
1047;    -2.138;    26.263;    88.434; 
1048;    -2.142;    26.271;    88.434; 
1049;    -2.147;    26.281;    88.434; 
1050;    -2.148;    26.284;    88.434; 
1051;    -2.153;    26.293;    88.434; 
1052;    -2.159;    26.305;    88.434; 
1053;    -2.166;    26.318;    88.434; 
1054;    -2.173;    26.332;    88.434; 
1055;    -2.177;    26.340;    88.434; 
1056;    -2.180;    26.345;    88.434; 
1057;    -2.185;    26.355;    88.434; 
1058;    -2.191;    26.366;    88.434; 
1059;    -2.196;    26.376;    88.434; 
1060;    -2.200;    26.384;    88.434; 
1061;    -2.201;    26.387;    88.434; 
1062;    -2.205;    26.394;    88.434; 
1063;    -2.210;    26.402;    88.434; 
1064;    -2.221;    26.424;    88.434; 
1065;    -2.228;    26.438;    88.434; 
1066;    -2.231;    26.445;    88.434; 
1067;    -2.234;    26.450;    88.434; 
1068;    -2.236;    26.455;    88.434; 
1069;    -2.242;    26.466;    88.434; 
1070;    -2.248;    26.477;    88.434; 
1071;    -2.255;    26.489;    88.434; 
1072;    -2.257;    26.493;    88.434; 
1073;    -2.262;    26.503;    88.434; 
1074;    -2.270;    26.519;    88.434; 
1075;    -2.276;    26.529;    88.434; 
1076;    -2.281;    26.540;    88.434; 
1077;    -2.285;    26.548;    88.434; 
1078;    -2.287;    26.552;    88.434; 
1079;    -2.293;    26.563;    88.434; 
1080;    -2.297;    26.570;    88.434; 
1081;    -2.301;    26.576;    88.434; 
1082;    -2.306;    26.586;    88.434; 
1083;    -2.312;    26.596;    88.434; 
1084;    -2.317;    26.606;    88.434; 
1085;    -2.324;    26.619;    88.434; 
1086;    -2.331;    26.632;    88.434; 
1087;    -2.335;    26.639;    88.434; 
1088;    -2.339;    26.647;    88.434; 
1089;    -2.345;    26.657;    88.434; 
1090;    -2.347;    26.661;    88.434; 
1091;    -2.351;    26.669;    88.434; 
1092;    -2.356;    26.677;    88.434; 
1093;    -2.360;    26.683;    88.434; 
1094;    -2.366;    26.693;    88.434; 
1095;    -2.368;    26.697;    88.434; 
1096;    -2.372;    26.701;    88.434; 
1097;    -2.374;    26.705;    88.434; 
1098;    -2.378;    26.710;    88.434; 
1099;    -2.382;    26.716;    88.434; 
1100;    -2.385;    26.719;    88.434; 
1101;    -2.388;    26.723;    88.434; 
1102;    -2.390;    26.724;    88.434; 
1103;    -2.394;    26.728;    88.434; 
1104;    -2.396;    26.730;    88.434; 
1105;    -2.400;    26.734;    88.434; 
1106;    -2.406;    26.739;    88.434; 
1107;    -2.409;    26.742;    88.434; 
1108;    -2.418;    26.750;    88.434; 
1109;    -2.422;    26.753;    88.434; 
1110;    -2.426;    26.756;    88.434; 
1111;    -2.427;    26.757;    88.434; 
1112;    -2.428;    26.757;    88.434; 
1113;    -2.429;    26.758;    88.434; 
1114;    -2.439;    26.764;    88.434; 
1115;    -2.445;    26.767;    88.434; 
1116;    -2.451;    26.771;    88.434; 
1117;    -2.458;    26.774;    88.434; 
1118;    -2.464;    26.778;    88.434; 
1119;    -2.465;    26.778;    88.434; 
1120;    -2.472;    26.781;    88.434; 
1121;    -2.474;    26.782;    88.434; 
1122;    -2.476;    26.782;    88.434; 
1123;    -2.482;    26.784;    88.434; 
1124;    -2.485;    26.785;    88.434; 
1125;    -2.489;    26.786;    88.434; 
1126;    -2.493;    26.787;    88.434; 
1127;    -2.496;    26.787;    88.434; 
1128;    -2.501;    26.788;    88.434; 
1129;    -2.511;    26.790;    88.434; 
1130;    -2.518;    26.791;    88.434; 
1131;    -2.525;    26.792;    88.434; 
1132;    -2.531;    26.793;    88.434; 
1133;    -2.532;    26.793;    88.434; 
1134;    -2.534;    26.792;    88.434; 
1135;    -2.537;    26.792;    88.434; 
1136;    -2.539;    26.792;    88.434; 
1137;    -2.544;    26.792;    88.434; 
1138;    -2.549;    26.791;    88.434; 
1139;    -2.560;    26.791;    88.434; 
1140;    -2.575;    26.790;    88.434; 
1141;    -2.584;    26.789;    88.434; 
1142;    -2.590;    26.789;    88.434; 
1143;    -2.596;    26.788;    88.434; 
1144;    -2.599;    26.788;    88.434; 
1145;    -2.607;    26.787;    88.434; 
1146;    -2.621;    26.785;    88.434; 
1147;    -2.639;    26.783;    88.434; 
1148;    -2.652;    26.782;    88.434; 
1149;    -2.660;    26.781;    88.434; 
