[A]
   1;     3.009;    26.846;    88.421; 
   2;     2.998;    26.845;    88.421; 
   3;     2.993;    26.844;    88.421; 
   4;     2.988;    26.844;    88.421; 
   5;     2.982;    26.843;    88.421; 
   6;     2.976;    26.841;    88.421; 
   7;     2.972;    26.841;    88.421; 
   8;     2.968;    26.840;    88.421; 
   9;     2.962;    26.838;    88.421; 
  10;     2.962;    26.838;    88.421; 
  11;     2.961;    26.837;    88.421; 
  12;     2.958;    26.836;    88.421; 
  13;     2.957;    26.835;    88.421; 
  14;     2.955;    26.834;    88.421; 
  15;     2.954;    26.833;    88.421; 
  16;     2.947;    26.830;    88.421; 
  17;     2.943;    26.827;    88.421; 
  18;     2.935;    26.823;    88.421; 
  19;     2.928;    26.819;    88.421; 
  20;     2.928;    26.818;    88.421; 
  21;     2.922;    26.814;    88.421; 
  22;     2.916;    26.810;    88.421; 
  23;     2.906;    26.803;    88.421; 
  24;     2.901;    26.800;    88.421; 
  25;     2.894;    26.795;    88.421; 
  26;     2.883;    26.787;    88.421; 
  27;     2.880;    26.784;    88.421; 
  28;     2.880;    26.784;    88.421; 
  29;     2.876;    26.781;    88.421; 
  30;     2.876;    26.780;    88.421; 
  31;     2.872;    26.777;    88.421; 
  32;     2.873;    26.777;    88.421; 
  33;     2.868;    26.772;    88.421; 
  34;     2.868;    26.771;    88.421; 
  35;     2.864;    26.766;    88.421; 
  36;     2.860;    26.761;    88.421; 
  37;     2.856;    26.756;    88.421; 
  38;     2.852;    26.750;    88.421; 
  39;     2.850;    26.747;    88.421; 
  40;     2.845;    26.738;    88.421; 
  41;     2.841;    26.732;    88.421; 
  42;     2.837;    26.726;    88.421; 
  43;     2.831;    26.716;    88.421; 
  44;     2.826;    26.707;    88.421; 
  45;     2.822;    26.701;    88.421; 
  46;     2.817;    26.692;    88.421; 
  47;     2.812;    26.683;    88.421; 
  48;     2.807;    26.673;    88.421; 
  49;     2.804;    26.668;    88.421; 
  50;     2.801;    26.662;    88.421; 
  51;     2.791;    26.645;    88.421; 
  52;     2.785;    26.635;    88.421; 
  53;     2.778;    26.624;    88.421; 
  54;     2.777;    26.620;    88.421; 
  55;     2.771;    26.609;    88.421; 
  56;     2.764;    26.599;    88.421; 
  57;     2.758;    26.588;    88.421; 
  58;     2.753;    26.579;    88.421; 
  59;     2.748;    26.571;    88.421; 
  60;     2.742;    26.561;    88.421; 
  61;     2.737;    26.552;    88.421; 
  62;     2.733;    26.545;    88.421; 
  63;     2.726;    26.533;    88.421; 
  64;     2.723;    26.528;    88.421; 
  65;     2.720;    26.522;    88.421; 
  66;     2.717;    26.516;    88.421; 
  67;     2.711;    26.506;    88.421; 
  68;     2.710;    26.503;    88.421; 
  69;     2.704;    26.491;    88.421; 
  70;     2.695;    26.474;    88.421; 
  71;     2.686;    26.459;    88.421; 
  72;     2.679;    26.448;    88.421; 
  73;     2.672;    26.437;    88.421; 
  74;     2.670;    26.432;    88.421; 
  75;     2.666;    26.425;    88.421; 
  76;     2.663;    26.420;    88.421; 
  77;     2.658;    26.412;    88.421; 
  78;     2.656;    26.406;    88.421; 
  79;     2.651;    26.397;    88.421; 
  80;     2.645;    26.386;    88.421; 
  81;     2.640;    26.376;    88.421; 
  82;     2.632;    26.361;    88.421; 
  83;     2.627;    26.352;    88.421; 
  84;     2.624;    26.347;    88.421; 
  85;     2.620;    26.340;    88.421; 
  86;     2.612;    26.326;    88.421; 
  87;     2.604;    26.311;    88.421; 
  88;     2.599;    26.303;    88.421; 
  89;     2.595;    26.296;    88.421; 
  90;     2.592;    26.289;    88.421; 
  91;     2.588;    26.283;    88.421; 
  92;     2.586;    26.278;    88.421; 
  93;     2.585;    26.275;    88.421; 
  94;     2.579;    26.263;    88.421; 
  95;     2.575;    26.254;    88.421; 
  96;     2.566;    26.236;    88.421; 
  97;     2.560;    26.225;    88.421; 
  98;     2.555;    26.216;    88.421; 
  99;     2.549;    26.203;    88.421; 
 100;     2.546;    26.199;    88.421; 
 101;     2.543;    26.193;    88.421; 
 102;     2.535;    26.176;    88.421; 
 103;     2.531;    26.168;    88.421; 
 104;     2.527;    26.160;    88.421; 
 105;     2.526;    26.158;    88.421; 
 106;     2.516;    26.139;    88.421; 
 107;     2.510;    26.127;    88.421; 
 108;     2.503;    26.116;    88.421; 
 109;     2.498;    26.106;    88.421; 
 110;     2.494;    26.099;    88.421; 
 111;     2.492;    26.094;    88.421; 
 112;     2.487;    26.085;    88.421; 
 113;     2.482;    26.075;    88.421; 
 114;     2.479;    26.070;    88.421; 
 115;     2.475;    26.060;    88.421; 
 116;     2.470;    26.050;    88.421; 
 117;     2.466;    26.042;    88.421; 
 118;     2.461;    26.032;    88.421; 
 119;     2.454;    26.018;    88.421; 
 120;     2.446;    26.004;    88.421; 
 121;     2.442;    25.996;    88.421; 
 122;     2.438;    25.989;    88.421; 
 123;     2.434;    25.981;    88.421; 
 124;     2.431;    25.974;    88.421; 
 125;     2.430;    25.971;    88.421; 
 126;     2.427;    25.965;    88.421; 
 127;     2.424;    25.957;    88.421; 
 128;     2.425;    25.959;    88.421; 
 129;     2.421;    25.948;    88.421; 
 130;     2.410;    25.921;    88.421; 
 131;     2.393;    25.889;    88.421; 
 132;     2.388;    25.880;    88.421; 
 133;     2.383;    25.873;    88.421; 
 134;     2.379;    25.865;    88.421; 
 135;     2.378;    25.862;    88.421; 
 136;     2.373;    25.853;    88.421; 
 137;     2.370;    25.847;    88.421; 
 138;     2.368;    25.843;    88.421; 
 139;     2.364;    25.833;    88.421; 
 140;     2.361;    25.828;    88.421; 
 141;     2.359;    25.821;    88.421; 
 142;     2.354;    25.810;    88.421; 
 143;     2.351;    25.803;    88.421; 
 144;     2.346;    25.791;    88.421; 
 145;     2.342;    25.783;    88.421; 
 146;     2.336;    25.768;    88.421; 
 147;     2.330;    25.756;    88.421; 
 148;     2.325;    25.744;    88.421; 
 149;     2.321;    25.736;    88.421; 
 150;     2.318;    25.730;    88.421; 
 151;     2.315;    25.723;    88.421; 
 152;     2.315;    25.722;    88.421; 
 153;     2.312;    25.716;    88.421; 
 154;     2.307;    25.702;    88.421; 
 155;     2.296;    25.678;    88.421; 
 156;     2.286;    25.658;    88.421; 
 157;     2.285;    25.654;    88.421; 
 158;     2.284;    25.652;    88.421; 
 159;     2.278;    25.640;    88.421; 
 160;     2.273;    25.629;    88.421; 
 161;     2.270;    25.622;    88.421; 
 162;     2.265;    25.612;    88.421; 
 163;     2.263;    25.607;    88.421; 
 164;     2.258;    25.596;    88.421; 
 165;     2.258;    25.593;    88.421; 
 166;     2.252;    25.581;    88.421; 
 167;     2.247;    25.568;    88.421; 
 168;     2.241;    25.554;    88.421; 
 169;     2.235;    25.543;    88.421; 
 170;     2.232;    25.536;    88.421; 
 171;     2.227;    25.525;    88.421; 
 172;     2.227;    25.525;    88.421; 
 173;     2.223;    25.513;    88.421; 
 174;     2.220;    25.506;    88.421; 
 175;     2.215;    25.495;    88.421; 
 176;     2.209;    25.481;    88.421; 
 177;     2.207;    25.475;    88.421; 
 178;     2.202;    25.463;    88.421; 
 179;     2.198;    25.454;    88.421; 
 180;     2.193;    25.443;    88.421; 
 181;     2.188;    25.431;    88.421; 
 182;     2.183;    25.420;    88.421; 
 183;     2.181;    25.414;    88.421; 
 184;     2.176;    25.403;    88.421; 
 185;     2.174;    25.397;    88.421; 
 186;     2.170;    25.388;    88.421; 
 187;     2.166;    25.377;    88.421; 
 188;     2.163;    25.369;    88.421; 
 189;     2.159;    25.359;    88.421; 
 190;     2.156;    25.351;    88.421; 
 191;     2.151;    25.339;    88.421; 
 192;     2.147;    25.330;    88.421; 
 193;     2.143;    25.318;    88.421; 
 194;     2.140;    25.312;    88.421; 
 195;     2.138;    25.306;    88.421; 
 196;     2.136;    25.300;    88.421; 
 197;     2.133;    25.291;    88.421; 
 198;     2.129;    25.278;    88.421; 
 199;     2.121;    25.257;    88.421; 
 200;     2.116;    25.245;    88.421; 
 201;     2.113;    25.238;    88.421; 
 202;     2.111;    25.232;    88.421; 
 203;     2.106;    25.221;    88.421; 
 204;     2.104;    25.215;    88.421; 
 205;     2.101;    25.206;    88.421; 
 206;     2.095;    25.192;    88.421; 
 207;     2.093;    25.185;    88.421; 
 208;     2.090;    25.176;    88.421; 
 209;     2.086;    25.165;    88.421; 
 210;     2.083;    25.157;    88.421; 
 211;     2.079;    25.147;    88.421; 
 212;     2.077;    25.139;    88.421; 
 213;     2.075;    25.135;    88.421; 
 214;     2.072;    25.124;    88.421; 
 215;     2.070;    25.118;    88.421; 
 216;     2.065;    25.102;    88.421; 
 217;     2.060;    25.088;    88.421; 
 218;     2.057;    25.080;    88.421; 
 219;     2.055;    25.073;    88.421; 
 220;     2.051;    25.061;    88.421; 
 221;     2.046;    25.047;    88.421; 
 222;     2.043;    25.038;    88.421; 
 223;     2.037;    25.023;    88.421; 
 224;     2.037;    25.021;    88.421; 
 225;     2.034;    25.013;    88.421; 
 226;     2.034;    25.010;    88.421; 
 227;     2.031;    25.000;    88.421; 
 228;     2.029;    24.994;    88.421; 
 229;     2.026;    24.983;    88.421; 
 230;     2.021;    24.967;    88.421; 
 231;     2.012;    24.942;    88.421; 
 232;     2.006;    24.927;    88.421; 
 233;     2.001;    24.915;    88.421; 
 234;     1.993;    24.897;    88.421; 
 235;     1.983;    24.877;    88.421; 
 236;     1.979;    24.869;    88.421; 
 237;     1.973;    24.858;    88.421; 
 238;     1.968;    24.848;    88.421; 
 239;     1.957;    24.829;    88.421; 
 240;     1.936;    24.798;    88.421; 
 241;     1.825;    24.713;    88.421; 
 242;     1.753;    24.694;    88.421; 
 243;     1.695;    24.692;    88.421; 
 244;     1.683;    24.693;    88.421; 
 245;     1.675;    24.693;    88.421; 
 246;     1.659;    24.694;    88.421; 
 247;     1.639;    24.696;    88.421; 
 248;     1.632;    24.696;    88.421; 
 249;     1.623;    24.697;    88.421; 
 250;     1.615;    24.698;    88.421; 
 251;     1.606;    24.698;    88.421; 
 252;     1.592;    24.699;    88.421; 
 253;     1.582;    24.700;    88.421; 
 254;     1.574;    24.701;    88.421; 
 255;     1.566;    24.701;    88.421; 
 256;     1.555;    24.702;    88.421; 
 257;     1.546;    24.702;    88.421; 
 258;     1.526;    24.704;    88.421; 
 259;     1.516;    24.705;    88.421; 
 260;     1.509;    24.705;    88.421; 
 261;     1.504;    24.705;    88.421; 
 262;     1.499;    24.705;    88.421; 
 263;     1.489;    24.706;    88.421; 
 264;     1.476;    24.706;    88.421; 
 265;     1.450;    24.708;    88.421; 
 266;     1.441;    24.709;    88.421; 
 267;     1.434;    24.710;    88.421; 
 268;     1.429;    24.710;    88.421; 
 269;     1.426;    24.710;    88.421; 
 270;     1.416;    24.710;    88.421; 
 271;     1.386;    24.712;    88.421; 
 272;     1.367;    24.715;    88.421; 
 273;     1.361;    24.715;    88.421; 
 274;     1.353;    24.716;    88.421; 
 275;     1.346;    24.717;    88.421; 
 276;     1.325;    24.720;    88.421; 
 277;     1.286;    24.728;    88.421; 
 278;     1.256;    24.738;    88.421; 
 279;     1.139;    24.825;    88.421; 
 280;     1.092;    24.921;    88.421; 
 281;     1.088;    24.933;    88.421; 
 282;     1.085;    24.947;    88.421; 
 283;     1.082;    24.956;    88.421; 
 284;     1.081;    24.960;    88.421; 
 285;     1.078;    24.971;    88.421; 
 286;     1.075;    24.980;    88.421; 
 287;     1.068;    25.008;    88.421; 
 288;     1.064;    25.030;    88.421; 
 289;     1.063;    25.033;    88.421; 
 290;     1.062;    25.040;    88.421; 
 291;     1.058;    25.057;    88.421; 
 292;     1.055;    25.086;    88.421; 
 293;     1.053;    25.095;    88.421; 
 294;     1.052;    25.104;    88.421; 
 295;     1.051;    25.112;    88.421; 
 296;     1.050;    25.117;    88.421; 
 297;     1.048;    25.127;    88.421; 
 298;     1.047;    25.137;    88.421; 
 299;     1.045;    25.148;    88.421; 
 300;     1.044;    25.153;    88.421; 
 301;     1.042;    25.165;    88.421; 
 302;     1.040;    25.172;    88.421; 
 303;     1.039;    25.180;    88.421; 
 304;     1.037;    25.187;    88.421; 
 305;     1.036;    25.192;    88.421; 
 306;     1.033;    25.205;    88.421; 
 307;     1.030;    25.220;    88.421; 
 308;     1.027;    25.233;    88.421; 
 309;     1.026;    25.237;    88.421; 
 310;     1.026;    25.238;    88.421; 
 311;     1.022;    25.254;    88.421; 
 312;     1.020;    25.261;    88.421; 
 313;     1.016;    25.281;    88.421; 
 314;     1.012;    25.300;    88.421; 
 315;     1.010;    25.315;    88.421; 
 316;     1.008;    25.327;    88.421; 
 317;     1.008;    25.327;    88.421; 
 318;     1.006;    25.335;    88.421; 
 319;     1.004;    25.342;    88.421; 
 320;     1.002;    25.355;    88.421; 
 321;      .999;    25.373;    88.421; 
 322;      .997;    25.382;    88.421; 
 323;      .996;    25.388;    88.421; 
 324;      .995;    25.393;    88.421; 
 325;      .993;    25.400;    88.421; 
 326;      .990;    25.413;    88.421; 
 327;      .988;    25.422;    88.421; 
 328;      .986;    25.429;    88.421; 
 329;      .983;    25.442;    88.421; 
 330;      .981;    25.449;    88.421; 
 331;      .977;    25.468;    88.421; 
 332;      .976;    25.475;    88.421; 
 333;      .974;    25.482;    88.421; 
 334;      .972;    25.489;    88.421; 
 335;      .970;    25.496;    88.421; 
 336;      .967;    25.511;    88.421; 
 337;      .963;    25.524;    88.421; 
 338;      .961;    25.532;    88.421; 
 339;      .959;    25.541;    88.421; 
 340;      .957;    25.548;    88.421; 
 341;      .954;    25.560;    88.421; 
 342;      .952;    25.569;    88.421; 
 343;      .949;    25.580;    88.421; 
 344;      .947;    25.590;    88.421; 
 345;      .944;    25.598;    88.421; 
 346;      .942;    25.607;    88.421; 
 347;      .939;    25.617;    88.421; 
 348;      .935;    25.631;    88.421; 
 349;      .932;    25.645;    88.421; 
 350;      .929;    25.654;    88.421; 
 351;      .927;    25.664;    88.421; 
 352;      .926;    25.669;    88.421; 
 353;      .923;    25.679;    88.421; 
 354;      .920;    25.689;    88.421; 
 355;      .917;    25.697;    88.421; 
 356;      .915;    25.705;    88.421; 
 357;      .912;    25.715;    88.421; 
 358;      .910;    25.723;    88.421; 
 359;      .904;    25.743;    88.421; 
 360;      .901;    25.754;    88.421; 
 361;      .899;    25.763;    88.421; 
 362;      .897;    25.769;    88.421; 
 363;      .897;    25.768;    88.421; 
 364;      .895;    25.773;    88.421; 
 365;      .890;    25.789;    88.421; 
 366;      .882;    25.815;    88.421; 
 367;      .880;    25.823;    88.421; 
 368;      .878;    25.828;    88.421; 
 369;      .876;    25.835;    88.421; 
 370;      .873;    25.848;    88.421; 
 371;      .868;    25.862;    88.421; 
 372;      .865;    25.874;    88.421; 
 373;      .862;    25.887;    88.421; 
 374;      .860;    25.892;    88.421; 
 375;      .857;    25.903;    88.421; 
 376;      .855;    25.910;    88.421; 
 377;      .853;    25.918;    88.421; 
 378;      .850;    25.925;    88.421; 
 379;      .847;    25.936;    88.421; 
 380;      .843;    25.948;    88.421; 
 381;      .840;    25.958;    88.421; 
 382;      .837;    25.966;    88.421; 
 383;      .834;    25.974;    88.421; 
 384;      .831;    25.985;    88.421; 
 385;      .826;    26.001;    88.421; 
 386;      .823;    26.013;    88.421; 
 387;      .820;    26.022;    88.421; 
 388;      .817;    26.031;    88.421; 
 389;      .814;    26.041;    88.421; 
 390;      .812;    26.048;    88.421; 
 391;      .807;    26.062;    88.421; 
 392;      .805;    26.068;    88.421; 
 393;      .803;    26.076;    88.421; 
 394;      .799;    26.089;    88.421; 
 395;      .795;    26.098;    88.421; 
 396;      .794;    26.104;    88.421; 
 397;      .791;    26.111;    88.421; 
 398;      .787;    26.123;    88.421; 
 399;      .782;    26.136;    88.421; 
 400;      .778;    26.149;    88.421; 
 401;      .775;    26.158;    88.421; 
 402;      .774;    26.162;    88.421; 
 403;      .770;    26.172;    88.421; 
 404;      .766;    26.184;    88.421; 
 405;      .763;    26.195;    88.421; 
 406;      .759;    26.207;    88.421; 
 407;      .756;    26.214;    88.421; 
 408;      .753;    26.223;    88.421; 
 409;      .750;    26.233;    88.421; 
 410;      .747;    26.240;    88.421; 
 411;      .742;    26.254;    88.421; 
 412;      .741;    26.258;    88.421; 
 413;      .738;    26.265;    88.421; 
 414;      .732;    26.282;    88.421; 
 415;      .727;    26.299;    88.421; 
 416;      .723;    26.312;    88.421; 
 417;      .720;    26.322;    88.421; 
 418;      .719;    26.324;    88.421; 
 419;      .717;    26.328;    88.421; 
 420;      .713;    26.340;    88.421; 
 421;      .708;    26.352;    88.421; 
 422;      .704;    26.363;    88.421; 
 423;      .700;    26.377;    88.421; 
 424;      .697;    26.384;    88.421; 
 425;      .696;    26.385;    88.421; 
 426;      .693;    26.393;    88.421; 
 427;      .691;    26.399;    88.421; 
 428;      .686;    26.412;    88.421; 
 429;      .676;    26.440;    88.421; 
 430;      .672;    26.454;    88.421; 
 431;      .671;    26.458;    88.421; 
 432;      .668;    26.466;    88.421; 
 433;      .667;    26.468;    88.421; 
 434;      .665;    26.474;    88.421; 
 435;      .662;    26.482;    88.421; 
 436;      .657;    26.493;    88.421; 
 437;      .654;    26.502;    88.421; 
 438;      .649;    26.515;    88.421; 
 439;      .644;    26.526;    88.421; 
 440;      .640;    26.539;    88.421; 
 441;      .637;    26.546;    88.421; 
 442;      .634;    26.555;    88.421; 
 443;      .632;    26.559;    88.421; 
 444;      .628;    26.570;    88.421; 
 445;      .624;    26.579;    88.421; 
 446;      .620;    26.589;    88.421; 
 447;      .618;    26.595;    88.421; 
 448;      .612;    26.610;    88.421; 
 449;      .604;    26.632;    88.421; 
 450;      .599;    26.647;    88.421; 
 451;      .597;    26.655;    88.421; 
 452;      .595;    26.659;    88.421; 
 453;      .595;    26.660;    88.421; 
 454;      .593;    26.665;    88.421; 
 455;      .592;    26.665;    88.421; 
 456;      .585;    26.681;    88.421; 
 457;      .576;    26.706;    88.421; 
 458;      .571;    26.718;    88.421; 
 459;      .569;    26.725;    88.421; 
 460;      .568;    26.728;    88.421; 
 461;      .565;    26.733;    88.421; 
 462;      .561;    26.743;    88.421; 
 463;      .556;    26.758;    88.421; 
 464;      .552;    26.765;    88.421; 
 465;      .547;    26.778;    88.421; 
 466;      .545;    26.783;    88.421; 
 467;      .541;    26.794;    88.421; 
 468;      .538;    26.799;    88.421; 
 469;      .534;    26.808;    88.421; 
 470;      .527;    26.826;    88.421; 
 471;      .520;    26.845;    88.421; 
 472;      .516;    26.854;    88.421; 
 473;      .512;    26.864;    88.421; 
 474;      .509;    26.874;    88.421; 
 475;      .508;    26.876;    88.421; 
 476;      .505;    26.883;    88.421; 
 477;      .502;    26.891;    88.421; 
 478;      .501;    26.892;    88.421; 
 479;      .499;    26.894;    88.421; 
 480;      .497;    26.899;    88.421; 
 481;      .492;    26.908;    88.421; 
 482;      .487;    26.916;    88.421; 
 483;      .483;    26.924;    88.421; 
 484;      .480;    26.929;    88.421; 
 485;      .478;    26.932;    88.421; 
 486;      .472;    26.943;    88.421; 
 487;      .471;    26.944;    88.421; 
 488;      .468;    26.947;    88.421; 
 489;      .465;    26.951;    88.421; 
 490;      .462;    26.954;    88.421; 
 491;      .463;    26.953;    88.421; 
 492;      .459;    26.958;    88.421; 
 493;      .458;    26.959;    88.421; 
 494;      .457;    26.959;    88.421; 
 495;      .450;    26.966;    88.421; 
 496;      .441;    26.974;    88.421; 
 497;      .437;    26.978;    88.421; 
 498;      .434;    26.980;    88.421; 
 499;      .426;    26.988;    88.421; 
 500;      .423;    26.990;    88.421; 
 501;      .418;    26.993;    88.421; 
 502;      .416;    26.994;    88.421; 
 503;      .412;    26.997;    88.421; 
 504;      .411;    26.998;    88.421; 
 505;      .404;    27.001;    88.421; 
 506;      .401;    27.003;    88.421; 
 507;      .399;    27.004;    88.421; 
 508;      .392;    27.008;    88.421; 
 509;      .390;    27.008;    88.421; 
 510;      .386;    27.010;    88.421; 
 511;      .382;    27.011;    88.421; 
 512;      .377;    27.013;    88.421; 
 513;      .375;    27.013;    88.421; 
 514;      .373;    27.014;    88.421; 
 515;      .367;    27.015;    88.421; 
 516;      .362;    27.016;    88.421; 
 517;      .357;    27.017;    88.421; 
 518;      .352;    27.018;    88.421; 
 519;      .347;    27.019;    88.421; 
 520;      .343;    27.019;    88.421; 
 521;      .337;    27.020;    88.421; 
 522;      .324;    27.022;    88.421; 
 523;      .317;    27.022;    88.421; 
 524;      .308;    27.023;    88.421; 
 525;      .305;    27.023;    88.421; 
 526;      .299;    27.024;    88.421; 
 527;      .297;    27.024;    88.421; 
 528;      .291;    27.024;    88.421; 
 529;      .276;    27.024;    88.421; 
 530;      .263;    27.024;    88.421; 
 531;      .257;    27.024;    88.421; 
 532;      .251;    27.024;    88.421; 
 533;      .240;    27.024;    88.421; 
 534;      .215;    27.026;    88.421; 
 535;      .204;    27.027;    88.421; 
 536;      .195;    27.027;    88.421; 
 537;      .189;    27.027;    88.421; 
 538;      .184;    27.027;    88.421; 
 539;      .180;    27.027;    88.421; 
 540;      .167;    27.027;    88.421; 
 541;      .159;    27.027;    88.421; 
 542;      .150;    27.027;    88.421; 
 543;      .140;    27.027;    88.421; 
 544;      .134;    27.027;    88.421; 
 545;      .123;    27.027;    88.421; 
 546;      .112;    27.027;    88.421; 
 547;      .098;    27.026;    88.421; 
 548;      .081;    27.027;    88.421; 
 549;      .068;    27.027;    88.421; 
 550;      .064;    27.027;    88.421; 
 551;      .058;    27.026;    88.421; 
 552;      .054;    27.026;    88.421; 
 553;      .035;    27.026;    88.421; 
 554;      .020;    27.025;    88.421; 
 555;      .004;    27.026;    88.421; 
 556;     -.006;    27.026;    88.421; 
 557;     -.016;    27.026;    88.421; 
 558;     -.031;    27.026;    88.421; 
 559;     -.047;    27.027;    88.421; 
 560;     -.057;    27.027;    88.421; 
 561;     -.065;    27.028;    88.421; 
 562;     -.074;    27.028;    88.421; 
 563;     -.083;    27.028;    88.421; 
 564;     -.090;    27.028;    88.421; 
 565;     -.100;    27.028;    88.421; 
 566;     -.110;    27.028;    88.421; 
 567;     -.120;    27.028;    88.421; 
 568;     -.128;    27.028;    88.421; 
 569;     -.138;    27.028;    88.421; 
 570;     -.147;    27.028;    88.421; 
 571;     -.157;    27.028;    88.421; 
 572;     -.173;    27.028;    88.421; 
 573;     -.185;    27.028;    88.421; 
 574;     -.196;    27.028;    88.421; 
 575;     -.202;    27.028;    88.421; 
 576;     -.210;    27.028;    88.421; 
 577;     -.218;    27.028;    88.421; 
 578;     -.224;    27.028;    88.421; 
 579;     -.230;    27.027;    88.421; 
 580;     -.235;    27.027;    88.421; 
 581;     -.240;    27.026;    88.421; 
 582;     -.246;    27.025;    88.421; 
 583;     -.250;    27.024;    88.421; 
 584;     -.254;    27.024;    88.421; 
 585;     -.256;    27.023;    88.421; 
 586;     -.259;    27.022;    88.421; 
 587;     -.260;    27.022;    88.421; 
 588;     -.265;    27.020;    88.421; 
 589;     -.273;    27.017;    88.421; 
 590;     -.280;    27.015;    88.421; 
 591;     -.283;    27.014;    88.421; 
 592;     -.285;    27.013;    88.421; 
 593;     -.290;    27.010;    88.421; 
 594;     -.295;    27.008;    88.421; 
 595;     -.299;    27.006;    88.421; 
 596;     -.305;    27.003;    88.421; 
 597;     -.314;    26.998;    88.421; 
 598;     -.318;    26.996;    88.421; 
 599;     -.323;    26.993;    88.421; 
 600;     -.327;    26.991;    88.421; 
 601;     -.331;    26.988;    88.421; 
 602;     -.333;    26.986;    88.421; 
 603;     -.337;    26.983;    88.421; 
 604;     -.338;    26.982;    88.421; 
 605;     -.344;    26.977;    88.421; 
 606;     -.351;    26.972;    88.421; 
 607;     -.354;    26.969;    88.421; 
 608;     -.360;    26.963;    88.421; 
 609;     -.362;    26.961;    88.421; 
 610;     -.365;    26.958;    88.421; 
 611;     -.367;    26.957;    88.421; 
 612;     -.371;    26.952;    88.421; 
 613;     -.374;    26.948;    88.421; 
 614;     -.377;    26.944;    88.421; 
 615;     -.380;    26.941;    88.421; 
 616;     -.382;    26.937;    88.421; 
 617;     -.385;    26.933;    88.421; 
 618;     -.387;    26.930;    88.421; 
 619;     -.390;    26.925;    88.421; 
 620;     -.392;    26.921;    88.421; 
 621;     -.393;    26.919;    88.421; 
 622;     -.396;    26.913;    88.421; 
 623;     -.395;    26.913;    88.421; 
 624;     -.397;    26.908;    88.421; 
 625;     -.405;    26.891;    88.421; 
 626;     -.411;    26.878;    88.421; 
 627;     -.418;    26.862;    88.421; 
 628;     -.421;    26.856;    88.421; 
 629;     -.426;    26.846;    88.421; 
 630;     -.429;    26.840;    88.421; 
 631;     -.434;    26.828;    88.421; 
 632;     -.437;    26.822;    88.421; 
 633;     -.438;    26.818;    88.421; 
 634;     -.440;    26.814;    88.421; 
 635;     -.445;    26.800;    88.421; 
 636;     -.447;    26.796;    88.421; 
 637;     -.447;    26.793;    88.421; 
 638;     -.450;    26.785;    88.421; 
 639;     -.457;    26.766;    88.421; 
 640;     -.465;    26.746;    88.421; 
 641;     -.474;    26.726;    88.421; 
 642;     -.477;    26.721;    88.421; 
 643;     -.479;    26.715;    88.421; 
 644;     -.482;    26.709;    88.421; 
 645;     -.482;    26.707;    88.421; 
 646;     -.489;    26.689;    88.421; 
 647;     -.495;    26.675;    88.421; 
 648;     -.500;    26.664;    88.421; 
 649;     -.508;    26.648;    88.421; 
 650;     -.510;    26.643;    88.421; 
 651;     -.513;    26.636;    88.421; 
 652;     -.517;    26.627;    88.421; 
 653;     -.519;    26.620;    88.421; 
 654;     -.524;    26.609;    88.421; 
 655;     -.525;    26.605;    88.421; 
 656;     -.527;    26.600;    88.421; 
 657;     -.528;    26.598;    88.421; 
 658;     -.531;    26.587;    88.421; 
 659;     -.540;    26.563;    88.421; 
 660;     -.553;    26.535;    88.421; 
 661;     -.556;    26.528;    88.421; 
 662;     -.559;    26.522;    88.421; 
 663;     -.560;    26.518;    88.421; 
 664;     -.562;    26.513;    88.421; 
 665;     -.566;    26.504;    88.421; 
 666;     -.567;    26.500;    88.421; 
 667;     -.573;    26.485;    88.421; 
 668;     -.579;    26.470;    88.421; 
 669;     -.584;    26.458;    88.421; 
 670;     -.587;    26.452;    88.421; 
 671;     -.590;    26.444;    88.421; 
 672;     -.593;    26.437;    88.421; 
 673;     -.595;    26.432;    88.421; 
 674;     -.598;    26.422;    88.421; 
 675;     -.602;    26.411;    88.421; 
 676;     -.607;    26.399;    88.421; 
 677;     -.611;    26.389;    88.421; 
 678;     -.615;    26.379;    88.421; 
 679;     -.618;    26.370;    88.421; 
 680;     -.622;    26.359;    88.421; 
 681;     -.626;    26.348;    88.421; 
 682;     -.633;    26.333;    88.421; 
 683;     -.635;    26.327;    88.421; 
 684;     -.637;    26.321;    88.421; 
 685;     -.641;    26.310;    88.421; 
 686;     -.644;    26.301;    88.421; 
 687;     -.648;    26.291;    88.421; 
 688;     -.653;    26.277;    88.421; 
 689;     -.656;    26.271;    88.421; 
 690;     -.656;    26.270;    88.421; 
 691;     -.657;    26.265;    88.421; 
 692;     -.659;    26.258;    88.421; 
 693;     -.667;    26.236;    88.421; 
 694;     -.678;    26.208;    88.421; 
 695;     -.681;    26.200;    88.421; 
 696;     -.682;    26.198;    88.421; 
 697;     -.684;    26.192;    88.421; 
 698;     -.685;    26.189;    88.421; 
 699;     -.690;    26.173;    88.421; 
 700;     -.698;    26.152;    88.421; 
 701;     -.702;    26.143;    88.421; 
 702;     -.705;    26.134;    88.421; 
 703;     -.707;    26.129;    88.421; 
 704;     -.710;    26.121;    88.421; 
 705;     -.712;    26.113;    88.421; 
 706;     -.716;    26.103;    88.421; 
 707;     -.720;    26.092;    88.421; 
 708;     -.723;    26.082;    88.421; 
 709;     -.727;    26.071;    88.421; 
 710;     -.729;    26.066;    88.421; 
 711;     -.732;    26.056;    88.421; 
 712;     -.735;    26.046;    88.421; 
 713;     -.739;    26.036;    88.421; 
 714;     -.742;    26.025;    88.421; 
 715;     -.746;    26.015;    88.421; 
 716;     -.750;    26.004;    88.421; 
 717;     -.753;    25.993;    88.421; 
 718;     -.756;    25.984;    88.421; 
 719;     -.759;    25.976;    88.421; 
 720;     -.762;    25.966;    88.421; 
 721;     -.765;    25.957;    88.421; 
 722;     -.768;    25.948;    88.421; 
 723;     -.771;    25.940;    88.421; 
 724;     -.774;    25.930;    88.421; 
 725;     -.778;    25.917;    88.421; 
 726;     -.781;    25.907;    88.421; 
 727;     -.785;    25.896;    88.421; 
 728;     -.789;    25.883;    88.421; 
 729;     -.791;    25.878;    88.421; 
 730;     -.795;    25.864;    88.421; 
 731;     -.797;    25.858;    88.421; 
 732;     -.800;    25.847;    88.421; 
 733;     -.804;    25.837;    88.421; 
 734;     -.807;    25.825;    88.421; 
 735;     -.809;    25.819;    88.421; 
 736;     -.812;    25.810;    88.421; 
 737;     -.817;    25.795;    88.421; 
 738;     -.819;    25.787;    88.421; 
 739;     -.822;    25.778;    88.421; 
 740;     -.826;    25.765;    88.421; 
 741;     -.828;    25.758;    88.421; 
 742;     -.832;    25.747;    88.421; 
 743;     -.834;    25.738;    88.421; 
 744;     -.839;    25.722;    88.421; 
 745;     -.841;    25.716;    88.421; 
 746;     -.844;    25.706;    88.421; 
 747;     -.847;    25.696;    88.421; 
 748;     -.850;    25.688;    88.421; 
 749;     -.853;    25.676;    88.421; 
 750;     -.855;    25.669;    88.421; 
 751;     -.859;    25.656;    88.421; 
 752;     -.861;    25.648;    88.421; 
 753;     -.864;    25.638;    88.421; 
 754;     -.868;    25.626;    88.421; 
 755;     -.870;    25.618;    88.421; 
 756;     -.873;    25.606;    88.421; 
 757;     -.877;    25.595;    88.421; 
 758;     -.879;    25.587;    88.421; 
 759;     -.881;    25.579;    88.421; 
 760;     -.885;    25.564;    88.421; 
 761;     -.888;    25.555;    88.421; 
 762;     -.891;    25.545;    88.421; 
 763;     -.894;    25.535;    88.421; 
 764;     -.896;    25.526;    88.421; 
 765;     -.899;    25.516;    88.421; 
 766;     -.901;    25.507;    88.421; 
 767;     -.903;    25.500;    88.421; 
 768;     -.906;    25.488;    88.421; 
 769;     -.907;    25.483;    88.421; 
 770;     -.910;    25.471;    88.421; 
 771;     -.913;    25.461;    88.421; 
 772;     -.917;    25.445;    88.421; 
 773;     -.921;    25.433;    88.421; 
 774;     -.923;    25.425;    88.421; 
 775;     -.924;    25.419;    88.421; 
 776;     -.926;    25.411;    88.421; 
 777;     -.928;    25.403;    88.421; 
 778;     -.930;    25.394;    88.421; 
 779;     -.932;    25.386;    88.421; 
 780;     -.935;    25.372;    88.421; 
 781;     -.938;    25.361;    88.421; 
 782;     -.941;    25.347;    88.421; 
 783;     -.945;    25.333;    88.421; 
 784;     -.947;    25.324;    88.421; 
 785;     -.949;    25.316;    88.421; 
 786;     -.951;    25.306;    88.421; 
 787;     -.953;    25.299;    88.421; 
 788;     -.955;    25.292;    88.421; 
 789;     -.958;    25.278;    88.421; 
 790;     -.961;    25.264;    88.421; 
 791;     -.964;    25.253;    88.421; 
 792;     -.966;    25.245;    88.421; 
 793;     -.969;    25.231;    88.421; 
 794;     -.970;    25.227;    88.421; 
 795;     -.972;    25.220;    88.421; 
 796;     -.972;    25.218;    88.421; 
 797;     -.975;    25.204;    88.421; 
 798;     -.976;    25.197;    88.421; 
 799;     -.977;    25.190;    88.421; 
 800;     -.979;    25.177;    88.421; 
 801;     -.982;    25.163;    88.421; 
 802;     -.982;    25.161;    88.421; 
 803;     -.984;    25.150;    88.421; 
 804;     -.985;    25.142;    88.421; 
 805;     -.986;    25.136;    88.421; 
 806;     -.988;    25.124;    88.421; 
 807;     -.992;    25.102;    88.421; 
 808;     -.999;    25.073;    88.421; 
 809;    -1.006;    25.051;    88.421; 
 810;    -1.006;    25.048;    88.421; 
 811;    -1.008;    25.041;    88.421; 
 812;    -1.008;    25.041;    88.421; 
 813;    -1.009;    25.038;    88.421; 
 814;    -1.010;    25.030;    88.421; 
 815;    -1.012;    25.022;    88.421; 
 816;    -1.014;    25.011;    88.421; 
 817;    -1.020;    24.985;    88.421; 
 818;    -1.025;    24.969;    88.421; 
 819;    -1.028;    24.957;    88.421; 
 820;    -1.032;    24.944;    88.421; 
 821;    -1.039;    24.924;    88.421; 
 822;    -1.048;    24.901;    88.421; 
 823;    -1.057;    24.883;    88.421; 
 824;    -1.086;    24.835;    88.421; 
 825;    -1.230;    24.738;    88.421; 
 826;    -1.272;    24.730;    88.421; 
 827;    -1.294;    24.728;    88.421; 
 828;    -1.312;    24.726;    88.421; 
 829;    -1.328;    24.726;    88.421; 
 830;    -1.339;    24.725;    88.421; 
 831;    -1.348;    24.725;    88.421; 
 832;    -1.361;    24.724;    88.421; 
 833;    -1.373;    24.724;    88.421; 
 834;    -1.384;    24.724;    88.421; 
 835;    -1.393;    24.723;    88.421; 
 836;    -1.399;    24.723;    88.421; 
 837;    -1.410;    24.722;    88.421; 
 838;    -1.417;    24.722;    88.421; 
 839;    -1.434;    24.721;    88.421; 
 840;    -1.445;    24.721;    88.421; 
 841;    -1.455;    24.720;    88.421; 
 842;    -1.464;    24.720;    88.421; 
 843;    -1.470;    24.719;    88.421; 
 844;    -1.480;    24.718;    88.421; 
 845;    -1.492;    24.718;    88.421; 
 846;    -1.504;    24.717;    88.421; 
 847;    -1.511;    24.716;    88.421; 
 848;    -1.519;    24.716;    88.421; 
 849;    -1.536;    24.714;    88.421; 
 850;    -1.561;    24.714;    88.421; 
 851;    -1.579;    24.714;    88.421; 
 852;    -1.585;    24.714;    88.421; 
 853;    -1.588;    24.714;    88.421; 
 854;    -1.596;    24.714;    88.421; 
 855;    -1.599;    24.713;    88.421; 
 856;    -1.610;    24.713;    88.421; 
 857;    -1.622;    24.712;    88.421; 
 858;    -1.639;    24.711;    88.421; 
 859;    -1.648;    24.711;    88.421; 
 860;    -1.665;    24.711;    88.421; 
 861;    -1.744;    24.723;    88.421; 
 862;    -1.816;    24.756;    88.421; 
 863;    -1.885;    24.819;    88.421; 
 864;    -1.919;    24.873;    88.421; 
 865;    -1.929;    24.896;    88.421; 
 866;    -1.935;    24.909;    88.421; 
 867;    -1.937;    24.915;    88.421; 
 868;    -1.944;    24.933;    88.421; 
 869;    -1.954;    24.965;    88.421; 
 870;    -1.958;    24.981;    88.421; 
 871;    -1.960;    24.986;    88.421; 
 872;    -1.961;    24.990;    88.421; 
 873;    -1.963;    24.996;    88.421; 
 874;    -1.966;    25.004;    88.421; 
 875;    -1.968;    25.010;    88.421; 
 876;    -1.972;    25.024;    88.421; 
 877;    -1.977;    25.038;    88.421; 
 878;    -1.982;    25.053;    88.421; 
 879;    -1.985;    25.065;    88.421; 
 880;    -1.986;    25.069;    88.421; 
 881;    -1.989;    25.080;    88.421; 
 882;    -1.992;    25.087;    88.421; 
 883;    -1.995;    25.097;    88.421; 
 884;    -1.998;    25.107;    88.421; 
 885;    -2.001;    25.117;    88.421; 
 886;    -2.003;    25.122;    88.421; 
 887;    -2.007;    25.133;    88.421; 
 888;    -2.011;    25.145;    88.421; 
 889;    -2.015;    25.158;    88.421; 
 890;    -2.018;    25.167;    88.421; 
 891;    -2.019;    25.172;    88.421; 
 892;    -2.022;    25.181;    88.421; 
 893;    -2.025;    25.186;    88.421; 
 894;    -2.027;    25.192;    88.421; 
 895;    -2.030;    25.201;    88.421; 
 896;    -2.034;    25.212;    88.421; 
 897;    -2.041;    25.232;    88.421; 
 898;    -2.046;    25.246;    88.421; 
 899;    -2.049;    25.255;    88.421; 
 900;    -2.051;    25.264;    88.421; 
 901;    -2.053;    25.269;    88.421; 
 902;    -2.057;    25.278;    88.421; 
 903;    -2.060;    25.287;    88.421; 
 904;    -2.064;    25.298;    88.421; 
 905;    -2.067;    25.308;    88.421; 
 906;    -2.070;    25.314;    88.421; 
 907;    -2.073;    25.322;    88.421; 
 908;    -2.077;    25.333;    88.421; 
 909;    -2.081;    25.344;    88.421; 
 910;    -2.086;    25.358;    88.421; 
 911;    -2.089;    25.367;    88.421; 
 912;    -2.093;    25.377;    88.421; 
 913;    -2.095;    25.384;    88.421; 
 914;    -2.099;    25.393;    88.421; 
 915;    -2.102;    25.401;    88.421; 
 916;    -2.106;    25.413;    88.421; 
 917;    -2.110;    25.421;    88.421; 
 918;    -2.113;    25.430;    88.421; 
 919;    -2.117;    25.440;    88.421; 
 920;    -2.120;    25.447;    88.421; 
 921;    -2.122;    25.452;    88.421; 
 922;    -2.126;    25.461;    88.421; 
 923;    -2.130;    25.471;    88.421; 
 924;    -2.135;    25.483;    88.421; 
 925;    -2.143;    25.504;    88.421; 
 926;    -2.147;    25.515;    88.421; 
 927;    -2.151;    25.524;    88.421; 
 928;    -2.154;    25.534;    88.421; 
 929;    -2.157;    25.540;    88.421; 
 930;    -2.161;    25.552;    88.421; 
 931;    -2.165;    25.561;    88.421; 
 932;    -2.168;    25.569;    88.421; 
 933;    -2.169;    25.572;    88.421; 
 934;    -2.174;    25.584;    88.421; 
 935;    -2.178;    25.593;    88.421; 
 936;    -2.185;    25.610;    88.421; 
 937;    -2.189;    25.620;    88.421; 
 938;    -2.190;    25.623;    88.421; 
 939;    -2.195;    25.635;    88.421; 
 940;    -2.198;    25.641;    88.421; 
 941;    -2.201;    25.649;    88.421; 
 942;    -2.205;    25.658;    88.421; 
 943;    -2.209;    25.666;    88.421; 
 944;    -2.212;    25.672;    88.421; 
 945;    -2.218;    25.687;    88.421; 
 946;    -2.224;    25.701;    88.421; 
 947;    -2.228;    25.711;    88.421; 
 948;    -2.233;    25.722;    88.421; 
 949;    -2.237;    25.731;    88.421; 
 950;    -2.240;    25.739;    88.421; 
 951;    -2.242;    25.744;    88.421; 
 952;    -2.249;    25.761;    88.421; 
 953;    -2.253;    25.770;    88.421; 
 954;    -2.259;    25.784;    88.421; 
 955;    -2.262;    25.793;    88.421; 
 956;    -2.265;    25.799;    88.421; 
 957;    -2.268;    25.806;    88.421; 
 958;    -2.271;    25.812;    88.421; 
 959;    -2.276;    25.822;    88.421; 
 960;    -2.279;    25.829;    88.421; 
 961;    -2.284;    25.841;    88.421; 
 962;    -2.291;    25.855;    88.421; 
 963;    -2.296;    25.867;    88.421; 
 964;    -2.298;    25.873;    88.421; 
 965;    -2.302;    25.882;    88.421; 
 966;    -2.305;    25.887;    88.421; 
 967;    -2.309;    25.896;    88.421; 
 968;    -2.314;    25.906;    88.421; 
 969;    -2.318;    25.915;    88.421; 
 970;    -2.322;    25.924;    88.421; 
 971;    -2.326;    25.930;    88.421; 
 972;    -2.330;    25.940;    88.421; 
 973;    -2.339;    25.958;    88.421; 
 974;    -2.345;    25.972;    88.421; 
 975;    -2.348;    25.979;    88.421; 
 976;    -2.352;    25.987;    88.421; 
 977;    -2.354;    25.993;    88.421; 
 978;    -2.358;    26.000;    88.421; 
 979;    -2.365;    26.016;    88.421; 
 980;    -2.369;    26.025;    88.421; 
 981;    -2.374;    26.036;    88.421; 
 982;    -2.377;    26.041;    88.421; 
 983;    -2.381;    26.050;    88.421; 
 984;    -2.385;    26.059;    88.421; 
 985;    -2.388;    26.064;    88.421; 
 986;    -2.393;    26.074;    88.421; 
 987;    -2.397;    26.083;    88.421; 
 988;    -2.404;    26.095;    88.421; 
 989;    -2.408;    26.104;    88.421; 
 990;    -2.415;    26.120;    88.421; 
 991;    -2.418;    26.127;    88.421; 
 992;    -2.424;    26.138;    88.421; 
 993;    -2.427;    26.145;    88.421; 
 994;    -2.432;    26.155;    88.421; 
 995;    -2.437;    26.165;    88.421; 
 996;    -2.441;    26.174;    88.421; 
 997;    -2.446;    26.184;    88.421; 
 998;    -2.450;    26.192;    88.421; 
 999;    -2.455;    26.203;    88.421; 
1000;    -2.457;    26.206;    88.421; 
1001;    -2.463;    26.218;    88.421; 
1002;    -2.469;    26.229;    88.421; 
1003;    -2.472;    26.235;    88.421; 
1004;    -2.476;    26.243;    88.421; 
1005;    -2.481;    26.251;    88.421; 
1006;    -2.489;    26.269;    88.421; 
1007;    -2.496;    26.282;    88.421; 
1008;    -2.498;    26.287;    88.421; 
1009;    -2.502;    26.294;    88.421; 
1010;    -2.505;    26.299;    88.421; 
1011;    -2.511;    26.311;    88.421; 
1012;    -2.517;    26.322;    88.421; 
1013;    -2.520;    26.329;    88.421; 
1014;    -2.525;    26.338;    88.421; 
1015;    -2.532;    26.351;    88.421; 
1016;    -2.538;    26.363;    88.421; 
1017;    -2.543;    26.374;    88.421; 
1018;    -2.547;    26.381;    88.421; 
1019;    -2.551;    26.388;    88.421; 
1020;    -2.554;    26.395;    88.421; 
1021;    -2.560;    26.405;    88.421; 
1022;    -2.566;    26.417;    88.421; 
1023;    -2.571;    26.427;    88.421; 
1024;    -2.576;    26.437;    88.421; 
1025;    -2.582;    26.448;    88.421; 
1026;    -2.586;    26.457;    88.421; 
1027;    -2.587;    26.458;    88.421; 
1028;    -2.594;    26.471;    88.421; 
1029;    -2.598;    26.477;    88.421; 
1030;    -2.603;    26.486;    88.421; 
1031;    -2.608;    26.496;    88.421; 
1032;    -2.613;    26.506;    88.421; 
1033;    -2.619;    26.517;    88.421; 
1034;    -2.625;    26.529;    88.421; 
1035;    -2.630;    26.538;    88.421; 
1036;    -2.635;    26.547;    88.421; 
1037;    -2.641;    26.559;    88.421; 
1038;    -2.645;    26.567;    88.421; 
1039;    -2.647;    26.570;    88.421; 
1040;    -2.652;    26.580;    88.421; 
1041;    -2.657;    26.588;    88.421; 
1042;    -2.661;    26.595;    88.421; 
1043;    -2.665;    26.603;    88.421; 
1044;    -2.671;    26.613;    88.421; 
1045;    -2.675;    26.620;    88.421; 
1046;    -2.683;    26.634;    88.421; 
1047;    -2.688;    26.643;    88.421; 
1048;    -2.689;    26.644;    88.421; 
1049;    -2.693;    26.651;    88.421; 
1050;    -2.706;    26.673;    88.421; 
1051;    -2.713;    26.686;    88.421; 
1052;    -2.715;    26.691;    88.421; 
1053;    -2.722;    26.704;    88.421; 
1054;    -2.726;    26.711;    88.421; 
1055;    -2.734;    26.726;    88.421; 
1056;    -2.740;    26.738;    88.421; 
1057;    -2.744;    26.746;    88.421; 
1058;    -2.748;    26.753;    88.421; 
1059;    -2.750;    26.756;    88.421; 
1060;    -2.754;    26.762;    88.421; 
1061;    -2.757;    26.767;    88.421; 
1062;    -2.758;    26.768;    88.421; 
1063;    -2.760;    26.771;    88.421; 
1064;    -2.760;    26.770;    88.421; 
1065;    -2.763;    26.774;    88.421; 
1066;    -2.763;    26.773;    88.421; 
1067;    -2.766;    26.777;    88.421; 
1068;    -2.774;    26.785;    88.421; 
1069;    -2.798;    26.815;    88.421; 
1070;    -2.809;    26.831;    88.421; 
1071;    -2.813;    26.836;    88.421; 
1072;    -2.815;    26.838;    88.421; 
1073;    -2.815;    26.838;    88.421; 
1074;    -2.814;    26.837;    88.421; 
1075;    -2.817;    26.839;    88.421; 
1076;    -2.817;    26.839;    88.421; 
1077;    -2.816;    26.838;    88.421; 
1078;    -2.819;    26.840;    88.421; 
1079;    -2.815;    26.837;    88.421; 
1080;    -2.821;    26.841;    88.421; 
1081;    -2.818;    26.838;    88.421; 
1082;    -2.819;    26.839;    88.421; 
1083;    -2.821;    26.839;    88.421; 
1084;    -2.827;    26.842;    88.421; 
1085;    -2.844;    26.850;    88.421; 
1086;    -2.855;    26.856;    88.421; 
1087;    -2.866;    26.862;    88.421; 
1088;    -2.870;    26.863;    88.421; 
1089;    -2.872;    26.864;    88.421; 
1090;    -2.878;    26.866;    88.421; 
1091;    -2.879;    26.866;    88.421; 
1092;    -2.884;    26.868;    88.421; 
1093;    -2.888;    26.869;    88.421; 
1094;    -2.887;    26.868;    88.421; 
1095;    -2.890;    26.869;    88.421; 
1096;    -2.891;    26.869;    88.421; 
1097;    -2.898;    26.869;    88.421; 
1098;    -2.910;    26.871;    88.421; 
1099;    -2.917;    26.872;    88.421; 
1100;    -2.928;    26.874;    88.421; 
1101;    -2.936;    26.874;    88.421; 
1102;    -2.942;    26.875;    88.421; 
1103;    -2.946;    26.875;    88.421; 
1104;    -2.947;    26.875;    88.421; 
1105;    -2.952;    26.875;    88.421; 
1106;    -2.953;    26.875;    88.421; 
1107;    -2.958;    26.874;    88.421; 
