[A]
   1;     3.343;    26.957;    88.428; 
   2;     3.333;    26.958;    88.428; 
   3;     3.323;    26.960;    88.428; 
   4;     3.316;    26.961;    88.428; 
   5;     3.305;    26.962;    88.428; 
   6;     3.294;    26.963;    88.428; 
   7;     3.281;    26.965;    88.428; 
   8;     3.271;    26.966;    88.428; 
   9;     3.262;    26.967;    88.428; 
  10;     3.249;    26.969;    88.428; 
  11;     3.238;    26.971;    88.428; 
  12;     3.228;    26.972;    88.428; 
  13;     3.221;    26.973;    88.428; 
  14;     3.207;    26.975;    88.428; 
  15;     3.195;    26.977;    88.428; 
  16;     3.186;    26.978;    88.428; 
  17;     3.176;    26.979;    88.428; 
  18;     3.166;    26.980;    88.428; 
  19;     3.156;    26.982;    88.428; 
  20;     3.149;    26.983;    88.428; 
  21;     3.141;    26.983;    88.428; 
  22;     3.134;    26.984;    88.428; 
  23;     3.126;    26.985;    88.428; 
  24;     3.118;    26.985;    88.428; 
  25;     3.112;    26.986;    88.428; 
  26;     3.107;    26.986;    88.428; 
  27;     3.100;    26.986;    88.428; 
  28;     3.097;    26.986;    88.428; 
  29;     3.091;    26.985;    88.428; 
  30;     3.085;    26.985;    88.428; 
  31;     3.083;    26.985;    88.428; 
  32;     3.076;    26.984;    88.428; 
  33;     3.070;    26.983;    88.428; 
  34;     3.066;    26.982;    88.428; 
  35;     3.062;    26.981;    88.428; 
  36;     3.058;    26.980;    88.428; 
  37;     3.052;    26.979;    88.428; 
  38;     3.048;    26.978;    88.428; 
  39;     3.044;    26.977;    88.428; 
  40;     3.040;    26.976;    88.428; 
  41;     3.035;    26.974;    88.428; 
  42;     3.033;    26.973;    88.428; 
  43;     3.026;    26.970;    88.428; 
  44;     3.023;    26.969;    88.428; 
  45;     3.020;    26.967;    88.428; 
  46;     3.014;    26.964;    88.428; 
  47;     3.010;    26.962;    88.428; 
  48;     3.006;    26.960;    88.428; 
  49;     3.003;    26.958;    88.428; 
  50;     2.999;    26.955;    88.428; 
  51;     2.995;    26.953;    88.428; 
  52;     2.989;    26.949;    88.428; 
  53;     2.987;    26.947;    88.428; 
  54;     2.984;    26.944;    88.428; 
  55;     2.980;    26.941;    88.428; 
  56;     2.974;    26.936;    88.428; 
  57;     2.972;    26.934;    88.428; 
  58;     2.964;    26.927;    88.428; 
  59;     2.964;    26.927;    88.428; 
  60;     2.958;    26.920;    88.428; 
  61;     2.956;    26.918;    88.428; 
  62;     2.952;    26.913;    88.428; 
  63;     2.948;    26.908;    88.428; 
  64;     2.945;    26.905;    88.428; 
  65;     2.942;    26.901;    88.428; 
  66;     2.938;    26.895;    88.428; 
  67;     2.934;    26.889;    88.428; 
  68;     2.931;    26.883;    88.428; 
  69;     2.927;    26.877;    88.428; 
  70;     2.922;    26.869;    88.428; 
  71;     2.917;    26.861;    88.428; 
  72;     2.914;    26.856;    88.428; 
  73;     2.909;    26.848;    88.428; 
  74;     2.905;    26.840;    88.428; 
  75;     2.899;    26.829;    88.428; 
  76;     2.895;    26.822;    88.428; 
  77;     2.891;    26.815;    88.428; 
  78;     2.888;    26.809;    88.428; 
  79;     2.878;    26.793;    88.428; 
  80;     2.870;    26.779;    88.428; 
  81;     2.866;    26.771;    88.428; 
  82;     2.859;    26.760;    88.428; 
  83;     2.855;    26.752;    88.428; 
  84;     2.850;    26.744;    88.428; 
  85;     2.845;    26.735;    88.428; 
  86;     2.841;    26.728;    88.428; 
  87;     2.837;    26.722;    88.428; 
  88;     2.831;    26.710;    88.428; 
  89;     2.826;    26.702;    88.428; 
  90;     2.820;    26.691;    88.428; 
  91;     2.815;    26.683;    88.428; 
  92;     2.812;    26.676;    88.428; 
  93;     2.809;    26.670;    88.428; 
  94;     2.804;    26.661;    88.428; 
  95;     2.795;    26.644;    88.428; 
  96;     2.787;    26.630;    88.428; 
  97;     2.780;    26.620;    88.428; 
  98;     2.775;    26.611;    88.428; 
  99;     2.773;    26.606;    88.428; 
 100;     2.767;    26.597;    88.428; 
 101;     2.763;    26.589;    88.428; 
 102;     2.759;    26.582;    88.428; 
 103;     2.755;    26.574;    88.428; 
 104;     2.751;    26.566;    88.428; 
 105;     2.743;    26.551;    88.428; 
 106;     2.739;    26.544;    88.428; 
 107;     2.731;    26.529;    88.428; 
 108;     2.727;    26.522;    88.428; 
 109;     2.721;    26.511;    88.428; 
 110;     2.717;    26.504;    88.428; 
 111;     2.713;    26.498;    88.428; 
 112;     2.708;    26.487;    88.428; 
 113;     2.705;    26.481;    88.428; 
 114;     2.698;    26.469;    88.428; 
 115;     2.691;    26.457;    88.428; 
 116;     2.687;    26.449;    88.428; 
 117;     2.684;    26.444;    88.428; 
 118;     2.679;    26.434;    88.428; 
 119;     2.674;    26.424;    88.428; 
 120;     2.671;    26.418;    88.428; 
 121;     2.664;    26.405;    88.428; 
 122;     2.659;    26.396;    88.428; 
 123;     2.655;    26.387;    88.428; 
 124;     2.649;    26.377;    88.428; 
 125;     2.643;    26.365;    88.428; 
 126;     2.640;    26.359;    88.428; 
 127;     2.637;    26.353;    88.428; 
 128;     2.632;    26.344;    88.428; 
 129;     2.626;    26.332;    88.428; 
 130;     2.621;    26.322;    88.428; 
 131;     2.617;    26.313;    88.428; 
 132;     2.610;    26.300;    88.428; 
 133;     2.608;    26.296;    88.428; 
 134;     2.603;    26.287;    88.428; 
 135;     2.600;    26.280;    88.428; 
 136;     2.592;    26.265;    88.428; 
 137;     2.586;    26.255;    88.428; 
 138;     2.579;    26.241;    88.428; 
 139;     2.575;    26.233;    88.428; 
 140;     2.574;    26.231;    88.428; 
 141;     2.571;    26.224;    88.428; 
 142;     2.568;    26.218;    88.428; 
 143;     2.561;    26.205;    88.428; 
 144;     2.553;    26.189;    88.428; 
 145;     2.550;    26.183;    88.428; 
 146;     2.544;    26.171;    88.428; 
 147;     2.540;    26.163;    88.428; 
 148;     2.537;    26.157;    88.428; 
 149;     2.531;    26.145;    88.428; 
 150;     2.527;    26.136;    88.428; 
 151;     2.524;    26.130;    88.428; 
 152;     2.518;    26.118;    88.428; 
 153;     2.514;    26.109;    88.428; 
 154;     2.509;    26.099;    88.428; 
 155;     2.504;    26.090;    88.428; 
 156;     2.500;    26.082;    88.428; 
 157;     2.495;    26.071;    88.428; 
 158;     2.490;    26.061;    88.428; 
 159;     2.485;    26.050;    88.428; 
 160;     2.480;    26.039;    88.428; 
 161;     2.476;    26.033;    88.428; 
 162;     2.473;    26.026;    88.428; 
 163;     2.469;    26.018;    88.428; 
 164;     2.466;    26.011;    88.428; 
 165;     2.461;    25.998;    88.428; 
 166;     2.453;    25.983;    88.428; 
 167;     2.450;    25.976;    88.428; 
 168;     2.445;    25.966;    88.428; 
 169;     2.441;    25.957;    88.428; 
 170;     2.436;    25.947;    88.428; 
 171;     2.433;    25.941;    88.428; 
 172;     2.430;    25.934;    88.428; 
 173;     2.426;    25.925;    88.428; 
 174;     2.421;    25.913;    88.428; 
 175;     2.417;    25.905;    88.428; 
 176;     2.410;    25.890;    88.428; 
 177;     2.409;    25.886;    88.428; 
 178;     2.404;    25.875;    88.428; 
 179;     2.401;    25.869;    88.428; 
 180;     2.397;    25.859;    88.428; 
 181;     2.393;    25.850;    88.428; 
 182;     2.386;    25.835;    88.428; 
 183;     2.381;    25.824;    88.428; 
 184;     2.378;    25.816;    88.428; 
 185;     2.375;    25.810;    88.428; 
 186;     2.370;    25.799;    88.428; 
 187;     2.364;    25.784;    88.428; 
 188;     2.361;    25.777;    88.428; 
 189;     2.358;    25.771;    88.428; 
 190;     2.354;    25.761;    88.428; 
 191;     2.350;    25.753;    88.428; 
 192;     2.345;    25.740;    88.428; 
 193;     2.341;    25.731;    88.428; 
 194;     2.336;    25.720;    88.428; 
 195;     2.333;    25.713;    88.428; 
 196;     2.331;    25.708;    88.428; 
 197;     2.325;    25.693;    88.428; 
 198;     2.323;    25.688;    88.428; 
 199;     2.317;    25.674;    88.428; 
 200;     2.311;    25.658;    88.428; 
 201;     2.309;    25.654;    88.428; 
 202;     2.308;    25.650;    88.428; 
 203;     2.302;    25.637;    88.428; 
 204;     2.300;    25.631;    88.428; 
 205;     2.295;    25.618;    88.428; 
 206;     2.290;    25.607;    88.428; 
 207;     2.287;    25.600;    88.428; 
 208;     2.283;    25.590;    88.428; 
 209;     2.279;    25.581;    88.428; 
 210;     2.276;    25.572;    88.428; 
 211;     2.270;    25.559;    88.428; 
 212;     2.264;    25.545;    88.428; 
 213;     2.263;    25.541;    88.428; 
 214;     2.259;    25.532;    88.428; 
 215;     2.255;    25.521;    88.428; 
 216;     2.253;    25.516;    88.428; 
 217;     2.249;    25.505;    88.428; 
 218;     2.244;    25.495;    88.428; 
 219;     2.241;    25.486;    88.428; 
 220;     2.237;    25.477;    88.428; 
 221;     2.233;    25.465;    88.428; 
 222;     2.231;    25.460;    88.428; 
 223;     2.227;    25.451;    88.428; 
 224;     2.224;    25.442;    88.428; 
 225;     2.220;    25.430;    88.428; 
 226;     2.217;    25.422;    88.428; 
 227;     2.213;    25.412;    88.428; 
 228;     2.211;    25.405;    88.428; 
 229;     2.206;    25.392;    88.428; 
 230;     2.203;    25.383;    88.428; 
 231;     2.201;    25.376;    88.428; 
 232;     2.198;    25.367;    88.428; 
 233;     2.196;    25.361;    88.428; 
 234;     2.194;    25.354;    88.428; 
 235;     2.188;    25.336;    88.428; 
 236;     2.181;    25.317;    88.428; 
 237;     2.175;    25.304;    88.428; 
 238;     2.175;    25.302;    88.428; 
 239;     2.171;    25.292;    88.428; 
 240;     2.169;    25.285;    88.428; 
 241;     2.166;    25.276;    88.428; 
 242;     2.163;    25.267;    88.428; 
 243;     2.159;    25.254;    88.428; 
 244;     2.155;    25.243;    88.428; 
 245;     2.151;    25.232;    88.428; 
 246;     2.149;    25.227;    88.428; 
 247;     2.146;    25.219;    88.428; 
 248;     2.143;    25.210;    88.428; 
 249;     2.141;    25.202;    88.428; 
 250;     2.139;    25.194;    88.428; 
 251;     2.135;    25.182;    88.428; 
 252;     2.130;    25.167;    88.428; 
 253;     2.126;    25.155;    88.428; 
 254;     2.122;    25.145;    88.428; 
 255;     2.121;    25.140;    88.428; 
 256;     2.118;    25.132;    88.428; 
 257;     2.116;    25.124;    88.428; 
 258;     2.111;    25.109;    88.428; 
 259;     2.104;    25.089;    88.428; 
 260;     2.101;    25.081;    88.428; 
 261;     2.097;    25.069;    88.428; 
 262;     2.095;    25.064;    88.428; 
 263;     2.088;    25.046;    88.428; 
 264;     2.080;    25.027;    88.428; 
 265;     2.074;    25.015;    88.428; 
 266;     2.070;    25.005;    88.428; 
 267;     2.067;    24.998;    88.428; 
 268;     2.049;    24.964;    88.428; 
 269;     2.020;    24.923;    88.428; 
 270;     1.978;    24.881;    88.428; 
 271;     1.871;    24.830;    88.428; 
 272;     1.831;    24.823;    88.428; 
 273;     1.790;    24.820;    88.428; 
 274;     1.777;    24.821;    88.428; 
 275;     1.771;    24.820;    88.428; 
 276;     1.749;    24.821;    88.428; 
 277;     1.719;    24.824;    88.428; 
 278;     1.711;    24.825;    88.428; 
 279;     1.707;    24.825;    88.428; 
 280;     1.685;    24.827;    88.428; 
 281;     1.667;    24.830;    88.428; 
 282;     1.654;    24.833;    88.428; 
 283;     1.650;    24.833;    88.428; 
 284;     1.648;    24.833;    88.428; 
 285;     1.644;    24.834;    88.428; 
 286;     1.639;    24.834;    88.428; 
 287;     1.633;    24.834;    88.428; 
 288;     1.629;    24.834;    88.428; 
 289;     1.623;    24.834;    88.428; 
 290;     1.619;    24.834;    88.428; 
 291;     1.615;    24.834;    88.428; 
 292;     1.587;    24.833;    88.428; 
 293;     1.540;    24.839;    88.428; 
 294;     1.532;    24.840;    88.428; 
 295;     1.527;    24.840;    88.428; 
 296;     1.524;    24.841;    88.428; 
 297;     1.519;    24.841;    88.428; 
 298;     1.509;    24.842;    88.428; 
 299;     1.498;    24.842;    88.428; 
 300;     1.483;    24.844;    88.428; 
 301;     1.474;    24.844;    88.428; 
 302;     1.464;    24.845;    88.428; 
 303;     1.459;    24.845;    88.428; 
 304;     1.455;    24.846;    88.428; 
 305;     1.446;    24.846;    88.428; 
 306;     1.432;    24.846;    88.428; 
 307;     1.376;    24.855;    88.428; 
 308;     1.312;    24.879;    88.428; 
 309;     1.246;    24.927;    88.428; 
 310;     1.175;    25.046;    88.428; 
 311;     1.169;    25.068;    88.428; 
 312;     1.166;    25.077;    88.428; 
 313;     1.163;    25.090;    88.428; 
 314;     1.161;    25.102;    88.428; 
 315;     1.159;    25.110;    88.428; 
 316;     1.155;    25.125;    88.428; 
 317;     1.152;    25.138;    88.428; 
 318;     1.151;    25.147;    88.428; 
 319;     1.148;    25.159;    88.428; 
 320;     1.146;    25.171;    88.428; 
 321;     1.143;    25.182;    88.428; 
 322;     1.141;    25.194;    88.428; 
 323;     1.139;    25.206;    88.428; 
 324;     1.137;    25.215;    88.428; 
 325;     1.135;    25.227;    88.428; 
 326;     1.133;    25.238;    88.428; 
 327;     1.131;    25.244;    88.428; 
 328;     1.129;    25.257;    88.428; 
 329;     1.127;    25.267;    88.428; 
 330;     1.125;    25.279;    88.428; 
 331;     1.123;    25.290;    88.428; 
 332;     1.120;    25.306;    88.428; 
 333;     1.119;    25.313;    88.428; 
 334;     1.117;    25.320;    88.428; 
 335;     1.116;    25.328;    88.428; 
 336;     1.114;    25.337;    88.428; 
 337;     1.113;    25.341;    88.428; 
 338;     1.110;    25.351;    88.428; 
 339;     1.106;    25.373;    88.428; 
 340;     1.102;    25.395;    88.428; 
 341;     1.102;    25.396;    88.428; 
 342;     1.101;    25.401;    88.428; 
 343;     1.099;    25.410;    88.428; 
 344;     1.098;    25.416;    88.428; 
 345;     1.095;    25.425;    88.428; 
 346;     1.093;    25.434;    88.428; 
 347;     1.090;    25.448;    88.428; 
 348;     1.087;    25.460;    88.428; 
 349;     1.086;    25.467;    88.428; 
 350;     1.083;    25.478;    88.428; 
 351;     1.081;    25.487;    88.428; 
 352;     1.079;    25.495;    88.428; 
 353;     1.076;    25.510;    88.428; 
 354;     1.072;    25.525;    88.428; 
 355;     1.071;    25.531;    88.428; 
 356;     1.070;    25.537;    88.428; 
 357;     1.068;    25.545;    88.428; 
 358;     1.065;    25.558;    88.428; 
 359;     1.062;    25.570;    88.428; 
 360;     1.060;    25.578;    88.428; 
 361;     1.056;    25.593;    88.428; 
 362;     1.054;    25.602;    88.428; 
 363;     1.053;    25.608;    88.428; 
 364;     1.051;    25.617;    88.428; 
 365;     1.048;    25.627;    88.428; 
 366;     1.046;    25.637;    88.428; 
 367;     1.043;    25.648;    88.428; 
 368;     1.041;    25.654;    88.428; 
 369;     1.038;    25.664;    88.428; 
 370;     1.036;    25.675;    88.428; 
 371;     1.034;    25.682;    88.428; 
 372;     1.032;    25.689;    88.428; 
 373;     1.026;    25.711;    88.428; 
 374;     1.024;    25.720;    88.428; 
 375;     1.022;    25.729;    88.428; 
 376;     1.019;    25.739;    88.428; 
 377;     1.017;    25.748;    88.428; 
 378;     1.015;    25.755;    88.428; 
 379;     1.013;    25.765;    88.428; 
 380;     1.011;    25.770;    88.428; 
 381;     1.008;    25.780;    88.428; 
 382;     1.005;    25.791;    88.428; 
 383;     1.001;    25.806;    88.428; 
 384;      .997;    25.818;    88.428; 
 385;      .995;    25.827;    88.428; 
 386;      .993;    25.835;    88.428; 
 387;      .990;    25.845;    88.428; 
 388;      .988;    25.853;    88.428; 
 389;      .985;    25.862;    88.428; 
 390;      .982;    25.873;    88.428; 
 391;      .979;    25.882;    88.428; 
 392;      .977;    25.890;    88.428; 
 393;      .974;    25.898;    88.428; 
 394;      .971;    25.909;    88.428; 
 395;      .967;    25.921;    88.428; 
 396;      .964;    25.932;    88.428; 
 397;      .961;    25.942;    88.428; 
 398;      .958;    25.950;    88.428; 
 399;      .954;    25.965;    88.428; 
 400;      .950;    25.978;    88.428; 
 401;      .948;    25.987;    88.428; 
 402;      .945;    25.994;    88.428; 
 403;      .943;    26.004;    88.428; 
 404;      .940;    26.012;    88.428; 
 405;      .937;    26.022;    88.428; 
 406;      .934;    26.033;    88.428; 
 407;      .931;    26.039;    88.428; 
 408;      .928;    26.051;    88.428; 
 409;      .925;    26.061;    88.428; 
 410;      .922;    26.071;    88.428; 
 411;      .919;    26.080;    88.428; 
 412;      .915;    26.093;    88.428; 
 413;      .912;    26.103;    88.428; 
 414;      .909;    26.111;    88.428; 
 415;      .905;    26.122;    88.428; 
 416;      .903;    26.131;    88.428; 
 417;      .899;    26.142;    88.428; 
 418;      .897;    26.149;    88.428; 
 419;      .892;    26.163;    88.428; 
 420;      .891;    26.167;    88.428; 
 421;      .887;    26.178;    88.428; 
 422;      .885;    26.187;    88.428; 
 423;      .882;    26.194;    88.428; 
 424;      .877;    26.208;    88.428; 
 425;      .875;    26.216;    88.428; 
 426;      .871;    26.226;    88.428; 
 427;      .870;    26.228;    88.428; 
 428;      .864;    26.245;    88.428; 
 429;      .860;    26.257;    88.428; 
 430;      .856;    26.268;    88.428; 
 431;      .852;    26.281;    88.428; 
 432;      .848;    26.295;    88.428; 
 433;      .845;    26.306;    88.428; 
 434;      .843;    26.312;    88.428; 
 435;      .840;    26.318;    88.428; 
 436;      .838;    26.326;    88.428; 
 437;      .834;    26.337;    88.428; 
 438;      .829;    26.349;    88.428; 
 439;      .826;    26.360;    88.428; 
 440;      .822;    26.371;    88.428; 
 441;      .819;    26.380;    88.428; 
 442;      .816;    26.389;    88.428; 
 443;      .813;    26.397;    88.428; 
 444;      .810;    26.407;    88.428; 
 445;      .806;    26.416;    88.428; 
 446;      .803;    26.424;    88.428; 
 447;      .800;    26.433;    88.428; 
 448;      .796;    26.446;    88.428; 
 449;      .792;    26.456;    88.428; 
 450;      .787;    26.469;    88.428; 
 451;      .784;    26.478;    88.428; 
 452;      .781;    26.488;    88.428; 
 453;      .778;    26.496;    88.428; 
 454;      .774;    26.506;    88.428; 
 455;      .771;    26.514;    88.428; 
 456;      .766;    26.530;    88.428; 
 457;      .764;    26.535;    88.428; 
 458;      .760;    26.545;    88.428; 
 459;      .757;    26.552;    88.428; 
 460;      .753;    26.561;    88.428; 
 461;      .747;    26.578;    88.428; 
 462;      .743;    26.590;    88.428; 
 463;      .739;    26.601;    88.428; 
 464;      .737;    26.606;    88.428; 
 465;      .734;    26.613;    88.428; 
 466;      .731;    26.621;    88.428; 
 467;      .726;    26.635;    88.428; 
 468;      .721;    26.650;    88.428; 
 469;      .718;    26.657;    88.428; 
 470;      .715;    26.666;    88.428; 
 471;      .712;    26.673;    88.428; 
 472;      .709;    26.682;    88.428; 
 473;      .704;    26.693;    88.428; 
 474;      .701;    26.702;    88.428; 
 475;      .696;    26.714;    88.428; 
 476;      .693;    26.721;    88.428; 
 477;      .690;    26.730;    88.428; 
 478;      .685;    26.742;    88.428; 
 479;      .681;    26.753;    88.428; 
 480;      .676;    26.764;    88.428; 
 481;      .674;    26.770;    88.428; 
 482;      .671;    26.777;    88.428; 
 483;      .665;    26.791;    88.428; 
 484;      .662;    26.799;    88.428; 
 485;      .657;    26.812;    88.428; 
 486;      .654;    26.820;    88.428; 
 487;      .651;    26.828;    88.428; 
 488;      .646;    26.841;    88.428; 
 489;      .641;    26.853;    88.428; 
 490;      .638;    26.860;    88.428; 
 491;      .634;    26.870;    88.428; 
 492;      .631;    26.877;    88.428; 
 493;      .628;    26.887;    88.428; 
 494;      .625;    26.893;    88.428; 
 495;      .621;    26.903;    88.428; 
 496;      .617;    26.912;    88.428; 
 497;      .612;    26.924;    88.428; 
 498;      .608;    26.933;    88.428; 
 499;      .605;    26.941;    88.428; 
 500;      .600;    26.953;    88.428; 
 501;      .597;    26.961;    88.428; 
 502;      .593;    26.971;    88.428; 
 503;      .588;    26.981;    88.428; 
 504;      .583;    26.994;    88.428; 
 505;      .579;    27.004;    88.428; 
 506;      .576;    27.011;    88.428; 
 507;      .574;    27.017;    88.428; 
 508;      .571;    27.023;    88.428; 
 509;      .567;    27.031;    88.428; 
 510;      .566;    27.034;    88.428; 
 511;      .562;    27.040;    88.428; 
 512;      .560;    27.043;    88.428; 
 513;      .558;    27.047;    88.428; 
 514;      .556;    27.050;    88.428; 
 515;      .551;    27.057;    88.428; 
 516;      .549;    27.061;    88.428; 
 517;      .547;    27.062;    88.428; 
 518;      .542;    27.069;    88.428; 
 519;      .539;    27.073;    88.428; 
 520;      .536;    27.076;    88.428; 
 521;      .530;    27.083;    88.428; 
 522;      .528;    27.086;    88.428; 
 523;      .524;    27.089;    88.428; 
 524;      .521;    27.092;    88.428; 
 525;      .517;    27.096;    88.428; 
 526;      .511;    27.101;    88.428; 
 527;      .510;    27.102;    88.428; 
 528;      .508;    27.104;    88.428; 
 529;      .501;    27.109;    88.428; 
 530;      .501;    27.109;    88.428; 
 531;      .494;    27.114;    88.428; 
 532;      .491;    27.115;    88.428; 
 533;      .486;    27.118;    88.428; 
 534;      .483;    27.120;    88.428; 
 535;      .477;    27.123;    88.428; 
 536;      .474;    27.125;    88.428; 
 537;      .467;    27.128;    88.428; 
 538;      .465;    27.129;    88.428; 
 539;      .459;    27.131;    88.428; 
 540;      .456;    27.132;    88.428; 
 541;      .455;    27.132;    88.428; 
 542;      .450;    27.134;    88.428; 
 543;      .442;    27.136;    88.428; 
 544;      .436;    27.138;    88.428; 
 545;      .432;    27.139;    88.428; 
 546;      .428;    27.140;    88.428; 
 547;      .423;    27.141;    88.428; 
 548;      .421;    27.141;    88.428; 
 549;      .413;    27.142;    88.428; 
 550;      .408;    27.143;    88.428; 
 551;      .402;    27.144;    88.428; 
 552;      .395;    27.145;    88.428; 
 553;      .389;    27.145;    88.428; 
 554;      .383;    27.146;    88.428; 
 555;      .375;    27.146;    88.428; 
 556;      .370;    27.146;    88.428; 
 557;      .364;    27.146;    88.428; 
 558;      .360;    27.146;    88.428; 
 559;      .354;    27.146;    88.428; 
 560;      .344;    27.146;    88.428; 
 561;      .329;    27.146;    88.428; 
 562;      .313;    27.146;    88.428; 
 563;      .306;    27.146;    88.428; 
 564;      .299;    27.146;    88.428; 
 565;      .288;    27.146;    88.428; 
 566;      .279;    27.146;    88.428; 
 567;      .269;    27.145;    88.428; 
 568;      .258;    27.145;    88.428; 
 569;      .245;    27.145;    88.428; 
 570;      .226;    27.146;    88.428; 
 571;      .213;    27.146;    88.428; 
 572;      .205;    27.146;    88.428; 
 573;      .198;    27.146;    88.428; 
 574;      .188;    27.146;    88.428; 
 575;      .172;    27.147;    88.428; 
 576;      .164;    27.147;    88.428; 
 577;      .156;    27.147;    88.428; 
 578;      .148;    27.147;    88.428; 
 579;      .139;    27.147;    88.428; 
 580;      .131;    27.147;    88.428; 
 581;      .118;    27.147;    88.428; 
 582;      .106;    27.147;    88.428; 
 583;      .094;    27.147;    88.428; 
 584;      .085;    27.147;    88.428; 
 585;      .077;    27.147;    88.428; 
 586;      .064;    27.147;    88.428; 
 587;      .053;    27.147;    88.428; 
 588;      .041;    27.147;    88.428; 
 589;      .033;    27.147;    88.428; 
 590;      .020;    27.147;    88.428; 
 591;      .010;    27.147;    88.428; 
 592;      .002;    27.147;    88.428; 
 593;     -.009;    27.147;    88.428; 
 594;     -.017;    27.146;    88.428; 
 595;     -.032;    27.146;    88.428; 
 596;     -.045;    27.146;    88.428; 
 597;     -.056;    27.146;    88.428; 
 598;     -.068;    27.147;    88.428; 
 599;     -.077;    27.147;    88.428; 
 600;     -.089;    27.147;    88.428; 
 601;     -.103;    27.147;    88.428; 
 602;     -.112;    27.147;    88.428; 
 603;     -.117;    27.147;    88.428; 
 604;     -.125;    27.147;    88.428; 
 605;     -.134;    27.147;    88.428; 
 606;     -.141;    27.147;    88.428; 
 607;     -.149;    27.146;    88.428; 
 608;     -.157;    27.146;    88.428; 
 609;     -.159;    27.145;    88.428; 
 610;     -.164;    27.145;    88.428; 
 611;     -.173;    27.143;    88.428; 
 612;     -.176;    27.143;    88.428; 
 613;     -.180;    27.142;    88.428; 
 614;     -.182;    27.141;    88.428; 
 615;     -.186;    27.140;    88.428; 
 616;     -.190;    27.139;    88.428; 
 617;     -.194;    27.138;    88.428; 
 618;     -.200;    27.136;    88.428; 
 619;     -.211;    27.133;    88.428; 
 620;     -.216;    27.131;    88.428; 
 621;     -.221;    27.129;    88.428; 
 622;     -.225;    27.127;    88.428; 
 623;     -.228;    27.126;    88.428; 
 624;     -.233;    27.123;    88.428; 
 625;     -.235;    27.122;    88.428; 
 626;     -.241;    27.119;    88.428; 
 627;     -.243;    27.117;    88.428; 
 628;     -.246;    27.115;    88.428; 
 629;     -.249;    27.114;    88.428; 
 630;     -.252;    27.111;    88.428; 
 631;     -.258;    27.107;    88.428; 
 632;     -.261;    27.105;    88.428; 
 633;     -.263;    27.103;    88.428; 
 634;     -.265;    27.101;    88.428; 
 635;     -.272;    27.095;    88.428; 
 636;     -.274;    27.093;    88.428; 
 637;     -.281;    27.086;    88.428; 
 638;     -.287;    27.081;    88.428; 
 639;     -.289;    27.078;    88.428; 
 640;     -.290;    27.077;    88.428; 
 641;     -.294;    27.072;    88.428; 
 642;     -.296;    27.070;    88.428; 
 643;     -.297;    27.068;    88.428; 
 644;     -.304;    27.059;    88.428; 
 645;     -.304;    27.058;    88.428; 
 646;     -.311;    27.049;    88.428; 
 647;     -.312;    27.048;    88.428; 
 648;     -.316;    27.041;    88.428; 
 649;     -.315;    27.042;    88.428; 
 650;     -.320;    27.033;    88.428; 
 651;     -.321;    27.030;    88.428; 
 652;     -.321;    27.031;    88.428; 
 653;     -.326;    27.020;    88.428; 
 654;     -.330;    27.010;    88.428; 
 655;     -.332;    27.005;    88.428; 
 656;     -.338;    26.994;    88.428; 
 657;     -.340;    26.988;    88.428; 
 658;     -.343;    26.981;    88.428; 
 659;     -.350;    26.965;    88.428; 
 660;     -.356;    26.951;    88.428; 
 661;     -.360;    26.942;    88.428; 
 662;     -.363;    26.936;    88.428; 
 663;     -.366;    26.929;    88.428; 
 664;     -.366;    26.927;    88.428; 
 665;     -.370;    26.916;    88.428; 
 666;     -.373;    26.909;    88.428; 
 667;     -.377;    26.897;    88.428; 
 668;     -.383;    26.883;    88.428; 
 669;     -.388;    26.869;    88.428; 
 670;     -.395;    26.854;    88.428; 
 671;     -.401;    26.841;    88.428; 
 672;     -.403;    26.835;    88.428; 
 673;     -.407;    26.826;    88.428; 
 674;     -.410;    26.819;    88.428; 
 675;     -.414;    26.809;    88.428; 
 676;     -.417;    26.801;    88.428; 
 677;     -.420;    26.793;    88.428; 
 678;     -.424;    26.783;    88.428; 
 679;     -.430;    26.770;    88.428; 
 680;     -.431;    26.765;    88.428; 
 681;     -.434;    26.757;    88.428; 
 682;     -.438;    26.748;    88.428; 
 683;     -.441;    26.739;    88.428; 
 684;     -.446;    26.725;    88.428; 
 685;     -.452;    26.711;    88.428; 
 686;     -.457;    26.699;    88.428; 
 687;     -.462;    26.688;    88.428; 
 688;     -.465;    26.682;    88.428; 
 689;     -.466;    26.678;    88.428; 
 690;     -.470;    26.667;    88.428; 
 691;     -.476;    26.652;    88.428; 
 692;     -.482;    26.639;    88.428; 
 693;     -.488;    26.625;    88.428; 
 694;     -.490;    26.619;    88.428; 
 695;     -.493;    26.613;    88.428; 
 696;     -.494;    26.608;    88.428; 
 697;     -.497;    26.602;    88.428; 
 698;     -.500;    26.592;    88.428; 
 699;     -.503;    26.584;    88.428; 
 700;     -.508;    26.571;    88.428; 
 701;     -.513;    26.558;    88.428; 
 702;     -.518;    26.545;    88.428; 
 703;     -.521;    26.537;    88.428; 
 704;     -.524;    26.529;    88.428; 
 705;     -.527;    26.520;    88.428; 
 706;     -.531;    26.510;    88.428; 
 707;     -.536;    26.495;    88.428; 
 708;     -.539;    26.488;    88.428; 
 709;     -.545;    26.474;    88.428; 
 710;     -.547;    26.467;    88.428; 
 711;     -.552;    26.456;    88.428; 
 712;     -.554;    26.449;    88.428; 
 713;     -.557;    26.440;    88.428; 
 714;     -.561;    26.431;    88.428; 
 715;     -.565;    26.421;    88.428; 
 716;     -.568;    26.412;    88.428; 
 717;     -.571;    26.402;    88.428; 
 718;     -.575;    26.391;    88.428; 
 719;     -.579;    26.382;    88.428; 
 720;     -.581;    26.375;    88.428; 
 721;     -.586;    26.362;    88.428; 
 722;     -.590;    26.351;    88.428; 
 723;     -.594;    26.341;    88.428; 
 724;     -.598;    26.330;    88.428; 
 725;     -.598;    26.329;    88.428; 
 726;     -.601;    26.320;    88.428; 
 727;     -.604;    26.310;    88.428; 
 728;     -.608;    26.299;    88.428; 
 729;     -.613;    26.285;    88.428; 
 730;     -.617;    26.272;    88.428; 
 731;     -.620;    26.264;    88.428; 
 732;     -.622;    26.259;    88.428; 
 733;     -.626;    26.248;    88.428; 
 734;     -.632;    26.232;    88.428; 
 735;     -.634;    26.226;    88.428; 
 736;     -.638;    26.213;    88.428; 
 737;     -.640;    26.208;    88.428; 
 738;     -.643;    26.198;    88.428; 
 739;     -.647;    26.187;    88.428; 
 740;     -.649;    26.181;    88.428; 
 741;     -.655;    26.165;    88.428; 
 742;     -.657;    26.157;    88.428; 
 743;     -.662;    26.144;    88.428; 
 744;     -.664;    26.137;    88.428; 
 745;     -.668;    26.126;    88.428; 
 746;     -.669;    26.121;    88.428; 
 747;     -.672;    26.112;    88.428; 
 748;     -.676;    26.100;    88.428; 
 749;     -.682;    26.084;    88.428; 
 750;     -.685;    26.073;    88.428; 
 751;     -.689;    26.063;    88.428; 
 752;     -.691;    26.056;    88.428; 
 753;     -.693;    26.052;    88.428; 
 754;     -.696;    26.040;    88.428; 
 755;     -.698;    26.034;    88.428; 
 756;     -.703;    26.018;    88.428; 
 757;     -.708;    26.005;    88.428; 
 758;     -.712;    25.994;    88.428; 
 759;     -.715;    25.984;    88.428; 
 760;     -.717;    25.979;    88.428; 
 761;     -.719;    25.971;    88.428; 
 762;     -.720;    25.967;    88.428; 
 763;     -.724;    25.953;    88.428; 
 764;     -.727;    25.943;    88.428; 
 765;     -.730;    25.934;    88.428; 
 766;     -.733;    25.924;    88.428; 
 767;     -.736;    25.913;    88.428; 
 768;     -.739;    25.903;    88.428; 
 769;     -.741;    25.896;    88.428; 
 770;     -.744;    25.885;    88.428; 
 771;     -.747;    25.875;    88.428; 
 772;     -.749;    25.867;    88.428; 
 773;     -.754;    25.852;    88.428; 
 774;     -.756;    25.843;    88.428; 
 775;     -.760;    25.832;    88.428; 
 776;     -.762;    25.824;    88.428; 
 777;     -.764;    25.816;    88.428; 
 778;     -.765;    25.812;    88.428; 
 779;     -.768;    25.799;    88.428; 
 780;     -.771;    25.788;    88.428; 
 781;     -.777;    25.768;    88.428; 
 782;     -.780;    25.759;    88.428; 
 783;     -.783;    25.749;    88.428; 
 784;     -.786;    25.739;    88.428; 
 785;     -.788;    25.732;    88.428; 
 786;     -.792;    25.718;    88.428; 
 787;     -.794;    25.713;    88.428; 
 788;     -.796;    25.705;    88.428; 
 789;     -.799;    25.695;    88.428; 
 790;     -.801;    25.688;    88.428; 
 791;     -.802;    25.682;    88.428; 
 792;     -.805;    25.670;    88.428; 
 793;     -.807;    25.661;    88.428; 
 794;     -.812;    25.645;    88.428; 
 795;     -.814;    25.637;    88.428; 
 796;     -.818;    25.622;    88.428; 
 797;     -.820;    25.615;    88.428; 
 798;     -.822;    25.605;    88.428; 
 799;     -.825;    25.597;    88.428; 
 800;     -.827;    25.589;    88.428; 
 801;     -.830;    25.577;    88.428; 
 802;     -.832;    25.567;    88.428; 
 803;     -.835;    25.558;    88.428; 
 804;     -.836;    25.551;    88.428; 
 805;     -.840;    25.538;    88.428; 
 806;     -.842;    25.529;    88.428; 
 807;     -.843;    25.522;    88.428; 
 808;     -.845;    25.513;    88.428; 
 809;     -.848;    25.502;    88.428; 
 810;     -.852;    25.488;    88.428; 
 811;     -.854;    25.479;    88.428; 
 812;     -.856;    25.469;    88.428; 
 813;     -.858;    25.462;    88.428; 
 814;     -.859;    25.454;    88.428; 
 815;     -.862;    25.441;    88.428; 
 816;     -.867;    25.422;    88.428; 
 817;     -.869;    25.415;    88.428; 
 818;     -.870;    25.410;    88.428; 
 819;     -.872;    25.399;    88.428; 
 820;     -.875;    25.386;    88.428; 
 821;     -.877;    25.378;    88.428; 
 822;     -.879;    25.369;    88.428; 
 823;     -.882;    25.355;    88.428; 
 824;     -.883;    25.352;    88.428; 
 825;     -.885;    25.341;    88.428; 
 826;     -.887;    25.333;    88.428; 
 827;     -.888;    25.324;    88.428; 
 828;     -.890;    25.315;    88.428; 
 829;     -.891;    25.308;    88.428; 
 830;     -.893;    25.296;    88.428; 
 831;     -.893;    25.296;    88.428; 
 832;     -.894;    25.285;    88.428; 
 833;     -.897;    25.265;    88.428; 
 834;     -.903;    25.241;    88.428; 
 835;     -.905;    25.230;    88.428; 
 836;     -.908;    25.218;    88.428; 
 837;     -.909;    25.213;    88.428; 
 838;     -.910;    25.208;    88.428; 
 839;     -.911;    25.200;    88.428; 
 840;     -.911;    25.199;    88.428; 
 841;     -.914;    25.182;    88.428; 
 842;     -.917;    25.169;    88.428; 
 843;     -.921;    25.151;    88.428; 
 844;     -.927;    25.125;    88.428; 
 845;     -.932;    25.112;    88.428; 
 846;     -.934;    25.105;    88.428; 
 847;     -.936;    25.095;    88.428; 
 848;     -.939;    25.085;    88.428; 
 849;     -.941;    25.077;    88.428; 
 850;     -.945;    25.064;    88.428; 
 851;     -.950;    25.050;    88.428; 
 852;     -.957;    25.027;    88.428; 
 853;     -.964;    25.010;    88.428; 
 854;     -.978;    24.982;    88.428; 
 855;    -1.003;    24.942;    88.428; 
 856;    -1.086;    24.868;    88.428; 
 857;    -1.185;    24.834;    88.428; 
 858;    -1.213;    24.831;    88.428; 
 859;    -1.224;    24.830;    88.428; 
 860;    -1.237;    24.829;    88.428; 
 861;    -1.245;    24.828;    88.428; 
 862;    -1.253;    24.827;    88.428; 
 863;    -1.256;    24.827;    88.428; 
 864;    -1.267;    24.826;    88.428; 
 865;    -1.288;    24.824;    88.428; 
 866;    -1.312;    24.823;    88.428; 
 867;    -1.324;    24.823;    88.428; 
 868;    -1.332;    24.823;    88.428; 
 869;    -1.338;    24.822;    88.428; 
 870;    -1.346;    24.822;    88.428; 
 871;    -1.355;    24.821;    88.428; 
 872;    -1.366;    24.821;    88.428; 
 873;    -1.375;    24.820;    88.428; 
 874;    -1.386;    24.819;    88.428; 
 875;    -1.398;    24.819;    88.428; 
 876;    -1.407;    24.818;    88.428; 
 877;    -1.420;    24.817;    88.428; 
 878;    -1.431;    24.817;    88.428; 
 879;    -1.442;    24.816;    88.428; 
 880;    -1.453;    24.815;    88.428; 
 881;    -1.461;    24.815;    88.428; 
 882;    -1.467;    24.814;    88.428; 
 883;    -1.477;    24.813;    88.428; 
 884;    -1.489;    24.812;    88.428; 
 885;    -1.503;    24.811;    88.428; 
 886;    -1.514;    24.811;    88.428; 
 887;    -1.520;    24.810;    88.428; 
 888;    -1.526;    24.809;    88.428; 
 889;    -1.534;    24.808;    88.428; 
 890;    -1.586;    24.808;    88.428; 
 891;    -1.633;    24.815;    88.428; 
 892;    -1.664;    24.824;    88.428; 
 893;    -1.749;    24.868;    88.428; 
 894;    -1.813;    24.940;    88.428; 
 895;    -1.834;    24.977;    88.428; 
 896;    -1.846;    25.007;    88.428; 
 897;    -1.850;    25.018;    88.428; 
 898;    -1.855;    25.032;    88.428; 
 899;    -1.860;    25.049;    88.428; 
 900;    -1.862;    25.051;    88.428; 
 901;    -1.865;    25.062;    88.428; 
 902;    -1.870;    25.076;    88.428; 
 903;    -1.874;    25.086;    88.428; 
 904;    -1.877;    25.097;    88.428; 
 905;    -1.881;    25.109;    88.428; 
 906;    -1.883;    25.115;    88.428; 
 907;    -1.889;    25.134;    88.428; 
 908;    -1.892;    25.145;    88.428; 
 909;    -1.897;    25.162;    88.428; 
 910;    -1.900;    25.173;    88.428; 
 911;    -1.902;    25.181;    88.428; 
 912;    -1.904;    25.187;    88.428; 
 913;    -1.907;    25.198;    88.428; 
 914;    -1.910;    25.211;    88.428; 
 915;    -1.913;    25.221;    88.428; 
 916;    -1.916;    25.231;    88.428; 
 917;    -1.918;    25.237;    88.428; 
 918;    -1.920;    25.242;    88.428; 
 919;    -1.921;    25.247;    88.428; 
 920;    -1.922;    25.248;    88.428; 
 921;    -1.926;    25.258;    88.428; 
 922;    -1.930;    25.268;    88.428; 
 923;    -1.935;    25.281;    88.428; 
 924;    -1.940;    25.296;    88.428; 
 925;    -1.944;    25.310;    88.428; 
 926;    -1.951;    25.331;    88.428; 
 927;    -1.954;    25.343;    88.428; 
 928;    -1.956;    25.352;    88.428; 
 929;    -1.959;    25.362;    88.428; 
 930;    -1.960;    25.365;    88.428; 
 931;    -1.962;    25.371;    88.428; 
 932;    -1.965;    25.379;    88.428; 
 933;    -1.967;    25.384;    88.428; 
 934;    -1.968;    25.386;    88.428; 
 935;    -1.971;    25.393;    88.428; 
 936;    -1.975;    25.403;    88.428; 
 937;    -1.981;    25.418;    88.428; 
 938;    -1.990;    25.443;    88.428; 
 939;    -1.992;    25.452;    88.428; 
 940;    -1.995;    25.459;    88.428; 
 941;    -1.998;    25.467;    88.428; 
 942;    -2.000;    25.474;    88.428; 
 943;    -2.004;    25.483;    88.428; 
 944;    -2.006;    25.490;    88.428; 
 945;    -2.011;    25.501;    88.428; 
 946;    -2.014;    25.512;    88.428; 
 947;    -2.018;    25.522;    88.428; 
 948;    -2.022;    25.531;    88.428; 
 949;    -2.024;    25.536;    88.428; 
 950;    -2.028;    25.548;    88.428; 
 951;    -2.033;    25.560;    88.428; 
 952;    -2.037;    25.571;    88.428; 
 953;    -2.038;    25.574;    88.428; 
 954;    -2.043;    25.585;    88.428; 
 955;    -2.049;    25.599;    88.428; 
 956;    -2.053;    25.610;    88.428; 
 957;    -2.057;    25.621;    88.428; 
 958;    -2.059;    25.625;    88.428; 
 959;    -2.062;    25.633;    88.428; 
 960;    -2.063;    25.636;    88.428; 
 961;    -2.067;    25.643;    88.428; 
 962;    -2.076;    25.665;    88.428; 
 963;    -2.084;    25.686;    88.428; 
 964;    -2.086;    25.693;    88.428; 
 965;    -2.089;    25.700;    88.428; 
 966;    -2.091;    25.706;    88.428; 
 967;    -2.093;    25.711;    88.428; 
 968;    -2.096;    25.717;    88.428; 
 969;    -2.101;    25.729;    88.428; 
 970;    -2.106;    25.741;    88.428; 
 971;    -2.111;    25.752;    88.428; 
 972;    -2.115;    25.761;    88.428; 
 973;    -2.118;    25.770;    88.428; 
 974;    -2.123;    25.782;    88.428; 
 975;    -2.126;    25.789;    88.428; 
 976;    -2.131;    25.799;    88.428; 
 977;    -2.135;    25.810;    88.428; 
 978;    -2.141;    25.825;    88.428; 
 979;    -2.144;    25.834;    88.428; 
 980;    -2.146;    25.838;    88.428; 
 981;    -2.151;    25.849;    88.428; 
 982;    -2.155;    25.858;    88.428; 
 983;    -2.160;    25.869;    88.428; 
 984;    -2.164;    25.880;    88.428; 
 985;    -2.166;    25.886;    88.428; 
 986;    -2.169;    25.891;    88.428; 
 987;    -2.170;    25.893;    88.428; 
 988;    -2.174;    25.900;    88.428; 
 989;    -2.181;    25.915;    88.428; 
 990;    -2.187;    25.928;    88.428; 
 991;    -2.189;    25.933;    88.428; 
 992;    -2.197;    25.950;    88.428; 
 993;    -2.206;    25.971;    88.428; 
 994;    -2.209;    25.980;    88.428; 
 995;    -2.213;    25.989;    88.428; 
 996;    -2.213;    25.988;    88.428; 
 997;    -2.216;    25.996;    88.428; 
 998;    -2.220;    26.004;    88.428; 
 999;    -2.226;    26.018;    88.428; 
1000;    -2.229;    26.024;    88.428; 
1001;    -2.236;    26.041;    88.428; 
1002;    -2.238;    26.045;    88.428; 
1003;    -2.242;    26.053;    88.428; 
1004;    -2.245;    26.060;    88.428; 
1005;    -2.249;    26.067;    88.428; 
1006;    -2.256;    26.082;    88.428; 
1007;    -2.259;    26.089;    88.428; 
1008;    -2.264;    26.099;    88.428; 
1009;    -2.267;    26.106;    88.428; 
1010;    -2.272;    26.117;    88.428; 
1011;    -2.275;    26.121;    88.428; 
1012;    -2.281;    26.135;    88.428; 
1013;    -2.287;    26.148;    88.428; 
1014;    -2.293;    26.160;    88.428; 
1015;    -2.295;    26.165;    88.428; 
1016;    -2.299;    26.173;    88.428; 
1017;    -2.303;    26.182;    88.428; 
1018;    -2.307;    26.188;    88.428; 
1019;    -2.311;    26.197;    88.428; 
1020;    -2.317;    26.209;    88.428; 
1021;    -2.322;    26.218;    88.428; 
1022;    -2.327;    26.229;    88.428; 
1023;    -2.331;    26.238;    88.428; 
1024;    -2.337;    26.251;    88.428; 
1025;    -2.341;    26.259;    88.428; 
1026;    -2.346;    26.270;    88.428; 
1027;    -2.349;    26.275;    88.428; 
1028;    -2.356;    26.289;    88.428; 
1029;    -2.360;    26.297;    88.428; 
1030;    -2.365;    26.309;    88.428; 
1031;    -2.367;    26.313;    88.428; 
1032;    -2.371;    26.320;    88.428; 
1033;    -2.373;    26.324;    88.428; 
1034;    -2.376;    26.328;    88.428; 
1035;    -2.384;    26.343;    88.428; 
1036;    -2.394;    26.363;    88.428; 
1037;    -2.401;    26.378;    88.428; 
1038;    -2.404;    26.383;    88.428; 
1039;    -2.408;    26.392;    88.428; 
1040;    -2.411;    26.397;    88.428; 
1041;    -2.415;    26.405;    88.428; 
1042;    -2.416;    26.407;    88.428; 
1043;    -2.420;    26.413;    88.428; 
1044;    -2.428;    26.428;    88.428; 
1045;    -2.438;    26.447;    88.428; 
1046;    -2.443;    26.458;    88.428; 
1047;    -2.447;    26.468;    88.428; 
1048;    -2.450;    26.474;    88.428; 
1049;    -2.454;    26.480;    88.428; 
1050;    -2.457;    26.486;    88.428; 
1051;    -2.461;    26.494;    88.428; 
1052;    -2.467;    26.505;    88.428; 
1053;    -2.473;    26.516;    88.428; 
1054;    -2.480;    26.530;    88.428; 
1055;    -2.484;    26.537;    88.428; 
1056;    -2.486;    26.542;    88.428; 
1057;    -2.490;    26.549;    88.428; 
1058;    -2.494;    26.556;    88.428; 
1059;    -2.501;    26.568;    88.428; 
1060;    -2.506;    26.577;    88.428; 
1061;    -2.514;    26.591;    88.428; 
1062;    -2.519;    26.601;    88.428; 
1063;    -2.524;    26.611;    88.428; 
1064;    -2.526;    26.615;    88.428; 
1065;    -2.530;    26.623;    88.428; 
1066;    -2.537;    26.635;    88.428; 
1067;    -2.543;    26.647;    88.428; 
1068;    -2.549;    26.657;    88.428; 
1069;    -2.553;    26.665;    88.428; 
1070;    -2.557;    26.673;    88.428; 
1071;    -2.561;    26.680;    88.428; 
1072;    -2.567;    26.691;    88.428; 
1073;    -2.570;    26.696;    88.428; 
1074;    -2.576;    26.706;    88.428; 
1075;    -2.581;    26.715;    88.428; 
1076;    -2.589;    26.730;    88.428; 
1077;    -2.594;    26.739;    88.428; 
1078;    -2.598;    26.746;    88.428; 
1079;    -2.603;    26.755;    88.428; 
1080;    -2.608;    26.765;    88.428; 
1081;    -2.613;    26.773;    88.428; 
1082;    -2.619;    26.783;    88.428; 
1083;    -2.623;    26.791;    88.428; 
1084;    -2.628;    26.801;    88.428; 
1085;    -2.633;    26.809;    88.428; 
1086;    -2.643;    26.827;    88.428; 
1087;    -2.646;    26.834;    88.428; 
1088;    -2.652;    26.844;    88.428; 
1089;    -2.653;    26.847;    88.428; 
1090;    -2.656;    26.852;    88.428; 
1091;    -2.659;    26.856;    88.428; 
1092;    -2.660;    26.857;    88.428; 
1093;    -2.664;    26.863;    88.428; 
1094;    -2.666;    26.865;    88.428; 
1095;    -2.677;    26.881;    88.428; 
1096;    -2.684;    26.891;    88.428; 
1097;    -2.688;    26.897;    88.428; 
1098;    -2.689;    26.898;    88.428; 
1099;    -2.692;    26.901;    88.428; 
1100;    -2.693;    26.902;    88.428; 
1101;    -2.696;    26.905;    88.428; 
1102;    -2.700;    26.909;    88.428; 
1103;    -2.701;    26.910;    88.428; 
1104;    -2.706;    26.915;    88.428; 
1105;    -2.709;    26.917;    88.428; 
1106;    -2.713;    26.921;    88.428; 
1107;    -2.716;    26.923;    88.428; 
1108;    -2.720;    26.926;    88.428; 
1109;    -2.723;    26.928;    88.428; 
1110;    -2.724;    26.929;    88.428; 
1111;    -2.732;    26.934;    88.428; 
1112;    -2.735;    26.936;    88.428; 
1113;    -2.742;    26.940;    88.428; 
1114;    -2.749;    26.944;    88.428; 
1115;    -2.757;    26.949;    88.428; 
1116;    -2.760;    26.950;    88.428; 
1117;    -2.767;    26.953;    88.428; 
1118;    -2.770;    26.955;    88.428; 
1119;    -2.775;    26.957;    88.428; 
1120;    -2.782;    26.960;    88.428; 
1121;    -2.791;    26.963;    88.428; 
1122;    -2.795;    26.965;    88.428; 
1123;    -2.796;    26.965;    88.428; 
1124;    -2.803;    26.967;    88.428; 
1125;    -2.803;    26.967;    88.428; 
1126;    -2.804;    26.967;    88.428; 
1127;    -2.809;    26.968;    88.428; 
1128;    -2.814;    26.969;    88.428; 
1129;    -2.820;    26.970;    88.428; 
1130;    -2.828;    26.971;    88.428; 
1131;    -2.837;    26.973;    88.428; 
1132;    -2.844;    26.974;    88.428; 
1133;    -2.848;    26.974;    88.428; 
1134;    -2.848;    26.974;    88.428; 
1135;    -2.851;    26.974;    88.428; 
1136;    -2.852;    26.974;    88.428; 
1137;    -2.852;    26.973;    88.428; 
1138;    -2.854;    26.973;    88.428; 
1139;    -2.859;    26.972;    88.428; 
1140;    -2.871;    26.971;    88.428; 
1141;    -2.884;    26.970;    88.428; 
1142;    -2.894;    26.969;    88.428; 
1143;    -2.901;    26.968;    88.428; 
1144;    -2.912;    26.967;    88.428; 
1145;    -2.921;    26.966;    88.428; 
