[A]
   1;     3.004;    26.757;    88.446; 
   2;     2.993;    26.759;    88.446; 
   3;     2.980;    26.760;    88.446; 
   4;     2.968;    26.762;    88.446; 
   5;     2.959;    26.763;    88.446; 
   6;     2.948;    26.764;    88.446; 
   7;     2.941;    26.765;    88.446; 
   8;     2.934;    26.766;    88.446; 
   9;     2.927;    26.767;    88.446; 
  10;     2.921;    26.767;    88.446; 
  11;     2.914;    26.767;    88.446; 
  12;     2.908;    26.768;    88.446; 
  13;     2.902;    26.768;    88.446; 
  14;     2.897;    26.767;    88.446; 
  15;     2.894;    26.767;    88.446; 
  16;     2.890;    26.767;    88.446; 
  17;     2.886;    26.766;    88.446; 
  18;     2.883;    26.766;    88.446; 
  19;     2.877;    26.765;    88.446; 
  20;     2.869;    26.764;    88.446; 
  21;     2.866;    26.763;    88.446; 
  22;     2.861;    26.762;    88.446; 
  23;     2.854;    26.760;    88.446; 
  24;     2.849;    26.759;    88.446; 
  25;     2.844;    26.758;    88.446; 
  26;     2.837;    26.755;    88.446; 
  27;     2.832;    26.754;    88.446; 
  28;     2.829;    26.752;    88.446; 
  29;     2.823;    26.750;    88.446; 
  30;     2.821;    26.749;    88.446; 
  31;     2.815;    26.747;    88.446; 
  32;     2.812;    26.745;    88.446; 
  33;     2.809;    26.743;    88.446; 
  34;     2.804;    26.740;    88.446; 
  35;     2.801;    26.739;    88.446; 
  36;     2.795;    26.735;    88.446; 
  37;     2.793;    26.734;    88.446; 
  38;     2.790;    26.732;    88.446; 
  39;     2.788;    26.730;    88.446; 
  40;     2.783;    26.726;    88.446; 
  41;     2.780;    26.723;    88.446; 
  42;     2.776;    26.720;    88.446; 
  43;     2.769;    26.714;    88.446; 
  44;     2.766;    26.711;    88.446; 
  45;     2.764;    26.709;    88.446; 
  46;     2.762;    26.706;    88.446; 
  47;     2.756;    26.700;    88.446; 
  48;     2.754;    26.698;    88.446; 
  49;     2.750;    26.693;    88.446; 
  50;     2.748;    26.690;    88.446; 
  51;     2.744;    26.685;    88.446; 
  52;     2.739;    26.678;    88.446; 
  53;     2.734;    26.671;    88.446; 
  54;     2.731;    26.667;    88.446; 
  55;     2.728;    26.662;    88.446; 
  56;     2.725;    26.656;    88.446; 
  57;     2.719;    26.646;    88.446; 
  58;     2.718;    26.644;    88.446; 
  59;     2.713;    26.636;    88.446; 
  60;     2.707;    26.624;    88.446; 
  61;     2.702;    26.616;    88.446; 
  62;     2.700;    26.612;    88.446; 
  63;     2.693;    26.599;    88.446; 
  64;     2.688;    26.590;    88.446; 
  65;     2.680;    26.576;    88.446; 
  66;     2.671;    26.561;    88.446; 
  67;     2.667;    26.554;    88.446; 
  68;     2.664;    26.549;    88.446; 
  69;     2.660;    26.542;    88.446; 
  70;     2.655;    26.533;    88.446; 
  71;     2.648;    26.520;    88.446; 
  72;     2.644;    26.514;    88.446; 
  73;     2.639;    26.504;    88.446; 
  74;     2.634;    26.495;    88.446; 
  75;     2.630;    26.488;    88.446; 
  76;     2.625;    26.478;    88.446; 
  77;     2.619;    26.468;    88.446; 
  78;     2.615;    26.461;    88.446; 
  79;     2.610;    26.452;    88.446; 
  80;     2.605;    26.443;    88.446; 
  81;     2.603;    26.437;    88.446; 
  82;     2.596;    26.424;    88.446; 
  83;     2.591;    26.415;    88.446; 
  84;     2.585;    26.405;    88.446; 
  85;     2.579;    26.394;    88.446; 
  86;     2.574;    26.385;    88.446; 
  87;     2.570;    26.378;    88.446; 
  88;     2.564;    26.367;    88.446; 
  89;     2.560;    26.359;    88.446; 
  90;     2.555;    26.350;    88.446; 
  91;     2.551;    26.342;    88.446; 
  92;     2.547;    26.334;    88.446; 
  93;     2.542;    26.326;    88.446; 
  94;     2.537;    26.316;    88.446; 
  95;     2.533;    26.308;    88.446; 
  96;     2.530;    26.302;    88.446; 
  97;     2.525;    26.293;    88.446; 
  98;     2.518;    26.278;    88.446; 
  99;     2.510;    26.264;    88.446; 
 100;     2.503;    26.251;    88.446; 
 101;     2.499;    26.243;    88.446; 
 102;     2.494;    26.235;    88.446; 
 103;     2.491;    26.230;    88.446; 
 104;     2.488;    26.224;    88.446; 
 105;     2.485;    26.218;    88.446; 
 106;     2.478;    26.204;    88.446; 
 107;     2.476;    26.199;    88.446; 
 108;     2.473;    26.194;    88.446; 
 109;     2.468;    26.184;    88.446; 
 110;     2.466;    26.178;    88.446; 
 111;     2.460;    26.166;    88.446; 
 112;     2.451;    26.148;    88.446; 
 113;     2.443;    26.133;    88.446; 
 114;     2.437;    26.122;    88.446; 
 115;     2.435;    26.119;    88.446; 
 116;     2.431;    26.111;    88.446; 
 117;     2.427;    26.103;    88.446; 
 118;     2.421;    26.093;    88.446; 
 119;     2.417;    26.083;    88.446; 
 120;     2.412;    26.074;    88.446; 
 121;     2.409;    26.068;    88.446; 
 122;     2.405;    26.060;    88.446; 
 123;     2.399;    26.049;    88.446; 
 124;     2.393;    26.037;    88.446; 
 125;     2.387;    26.026;    88.446; 
 126;     2.382;    26.016;    88.446; 
 127;     2.379;    26.010;    88.446; 
 128;     2.375;    26.001;    88.446; 
 129;     2.371;    25.993;    88.446; 
 130;     2.367;    25.983;    88.446; 
 131;     2.363;    25.975;    88.446; 
 132;     2.358;    25.964;    88.446; 
 133;     2.351;    25.951;    88.446; 
 134;     2.346;    25.942;    88.446; 
 135;     2.339;    25.928;    88.446; 
 136;     2.335;    25.921;    88.446; 
 137;     2.332;    25.914;    88.446; 
 138;     2.330;    25.909;    88.446; 
 139;     2.326;    25.901;    88.446; 
 140;     2.322;    25.892;    88.446; 
 141;     2.317;    25.882;    88.446; 
 142;     2.313;    25.872;    88.446; 
 143;     2.305;    25.856;    88.446; 
 144;     2.302;    25.849;    88.446; 
 145;     2.297;    25.838;    88.446; 
 146;     2.295;    25.835;    88.446; 
 147;     2.292;    25.827;    88.446; 
 148;     2.286;    25.814;    88.446; 
 149;     2.283;    25.807;    88.446; 
 150;     2.273;    25.787;    88.446; 
 151;     2.267;    25.774;    88.446; 
 152;     2.263;    25.766;    88.446; 
 153;     2.260;    25.760;    88.446; 
 154;     2.259;    25.757;    88.446; 
 155;     2.252;    25.743;    88.446; 
 156;     2.246;    25.729;    88.446; 
 157;     2.242;    25.722;    88.446; 
 158;     2.238;    25.714;    88.446; 
 159;     2.234;    25.705;    88.446; 
 160;     2.230;    25.697;    88.446; 
 161;     2.226;    25.687;    88.446; 
 162;     2.221;    25.676;    88.446; 
 163;     2.216;    25.666;    88.446; 
 164;     2.214;    25.660;    88.446; 
 165;     2.210;    25.652;    88.446; 
 166;     2.207;    25.644;    88.446; 
 167;     2.202;    25.633;    88.446; 
 168;     2.199;    25.626;    88.446; 
 169;     2.194;    25.614;    88.446; 
 170;     2.189;    25.603;    88.446; 
 171;     2.186;    25.596;    88.446; 
 172;     2.180;    25.582;    88.446; 
 173;     2.178;    25.577;    88.446; 
 174;     2.173;    25.565;    88.446; 
 175;     2.171;    25.560;    88.446; 
 176;     2.165;    25.546;    88.446; 
 177;     2.162;    25.539;    88.446; 
 178;     2.159;    25.532;    88.446; 
 179;     2.154;    25.518;    88.446; 
 180;     2.149;    25.507;    88.446; 
 181;     2.146;    25.499;    88.446; 
 182;     2.141;    25.489;    88.446; 
 183;     2.140;    25.484;    88.446; 
 184;     2.135;    25.472;    88.446; 
 185;     2.129;    25.458;    88.446; 
 186;     2.124;    25.446;    88.446; 
 187;     2.121;    25.438;    88.446; 
 188;     2.116;    25.427;    88.446; 
 189;     2.114;    25.422;    88.446; 
 190;     2.109;    25.409;    88.446; 
 191;     2.107;    25.405;    88.446; 
 192;     2.103;    25.394;    88.446; 
 193;     2.100;    25.386;    88.446; 
 194;     2.094;    25.370;    88.446; 
 195;     2.089;    25.357;    88.446; 
 196;     2.086;    25.350;    88.446; 
 197;     2.086;    25.351;    88.446; 
 198;     2.082;    25.339;    88.446; 
 199;     2.074;    25.318;    88.446; 
 200;     2.068;    25.305;    88.446; 
 201;     2.065;    25.299;    88.446; 
 202;     2.063;    25.293;    88.446; 
 203;     2.061;    25.286;    88.446; 
 204;     2.056;    25.274;    88.446; 
 205;     2.051;    25.263;    88.446; 
 206;     2.047;    25.251;    88.446; 
 207;     2.047;    25.250;    88.446; 
 208;     2.045;    25.244;    88.446; 
 209;     2.041;    25.232;    88.446; 
 210;     2.037;    25.221;    88.446; 
 211;     2.028;    25.199;    88.446; 
 212;     2.028;    25.197;    88.446; 
 213;     2.024;    25.187;    88.446; 
 214;     2.021;    25.180;    88.446; 
 215;     2.018;    25.169;    88.446; 
 216;     2.016;    25.165;    88.446; 
 217;     2.013;    25.156;    88.446; 
 218;     2.011;    25.148;    88.446; 
 219;     2.004;    25.130;    88.446; 
 220;     1.999;    25.115;    88.446; 
 221;     1.995;    25.106;    88.446; 
 222;     1.991;    25.095;    88.446; 
 223;     1.989;    25.089;    88.446; 
 224;     1.986;    25.080;    88.446; 
 225;     1.984;    25.076;    88.446; 
 226;     1.981;    25.067;    88.446; 
 227;     1.978;    25.057;    88.446; 
 228;     1.975;    25.047;    88.446; 
 229;     1.969;    25.031;    88.446; 
 230;     1.966;    25.021;    88.446; 
 231;     1.964;    25.015;    88.446; 
 232;     1.960;    25.004;    88.446; 
 233;     1.959;    25.000;    88.446; 
 234;     1.957;    24.992;    88.446; 
 235;     1.953;    24.979;    88.446; 
 236;     1.949;    24.968;    88.446; 
 237;     1.944;    24.953;    88.446; 
 238;     1.941;    24.942;    88.446; 
 239;     1.939;    24.937;    88.446; 
 240;     1.936;    24.929;    88.446; 
 241;     1.934;    24.920;    88.446; 
 242;     1.932;    24.914;    88.446; 
 243;     1.927;    24.898;    88.446; 
 244;     1.923;    24.885;    88.446; 
 245;     1.919;    24.873;    88.446; 
 246;     1.916;    24.863;    88.446; 
 247;     1.912;    24.851;    88.446; 
 248;     1.908;    24.840;    88.446; 
 249;     1.902;    24.824;    88.446; 
 250;     1.898;    24.813;    88.446; 
 251;     1.891;    24.796;    88.446; 
 252;     1.883;    24.779;    88.446; 
 253;     1.872;    24.757;    88.446; 
 254;     1.863;    24.741;    88.446; 
 255;     1.847;    24.715;    88.446; 
 256;     1.828;    24.691;    88.446; 
 257;     1.728;    24.617;    88.446; 
 258;     1.637;    24.595;    88.446; 
 259;     1.602;    24.594;    88.446; 
 260;     1.589;    24.594;    88.446; 
 261;     1.575;    24.594;    88.446; 
 262;     1.566;    24.595;    88.446; 
 263;     1.537;    24.597;    88.446; 
 264;     1.514;    24.600;    88.446; 
 265;     1.508;    24.601;    88.446; 
 266;     1.505;    24.601;    88.446; 
 267;     1.499;    24.602;    88.446; 
 268;     1.492;    24.602;    88.446; 
 269;     1.482;    24.603;    88.446; 
 270;     1.477;    24.603;    88.446; 
 271;     1.473;    24.603;    88.446; 
 272;     1.471;    24.603;    88.446; 
 273;     1.462;    24.603;    88.446; 
 274;     1.436;    24.603;    88.446; 
 275;     1.401;    24.607;    88.446; 
 276;     1.392;    24.608;    88.446; 
 277;     1.384;    24.609;    88.446; 
 278;     1.380;    24.609;    88.446; 
 279;     1.372;    24.610;    88.446; 
 280;     1.362;    24.611;    88.446; 
 281;     1.353;    24.611;    88.446; 
 282;     1.346;    24.612;    88.446; 
 283;     1.337;    24.612;    88.446; 
 284;     1.330;    24.612;    88.446; 
 285;     1.322;    24.613;    88.446; 
 286;     1.304;    24.614;    88.446; 
 287;     1.289;    24.615;    88.446; 
 288;     1.274;    24.616;    88.446; 
 289;     1.264;    24.617;    88.446; 
 290;     1.255;    24.618;    88.446; 
 291;     1.243;    24.619;    88.446; 
 292;     1.224;    24.621;    88.446; 
 293;     1.190;    24.628;    88.446; 
 294;     1.131;    24.649;    88.446; 
 295;     1.020;    24.753;    88.446; 
 296;      .992;    24.815;    88.446; 
 297;      .985;    24.840;    88.446; 
 298;      .979;    24.870;    88.446; 
 299;      .977;    24.881;    88.446; 
 300;      .976;    24.892;    88.446; 
 301;      .974;    24.899;    88.446; 
 302;      .973;    24.908;    88.446; 
 303;      .971;    24.916;    88.446; 
 304;      .969;    24.925;    88.446; 
 305;      .968;    24.930;    88.446; 
 306;      .966;    24.936;    88.446; 
 307;      .965;    24.941;    88.446; 
 308;      .960;    24.960;    88.446; 
 309;      .955;    24.987;    88.446; 
 310;      .953;    25.005;    88.446; 
 311;      .952;    25.013;    88.446; 
 312;      .950;    25.022;    88.446; 
 313;      .949;    25.028;    88.446; 
 314;      .948;    25.034;    88.446; 
 315;      .946;    25.042;    88.446; 
 316;      .944;    25.054;    88.446; 
 317;      .942;    25.064;    88.446; 
 318;      .940;    25.075;    88.446; 
 319;      .938;    25.086;    88.446; 
 320;      .936;    25.095;    88.446; 
 321;      .935;    25.105;    88.446; 
 322;      .933;    25.113;    88.446; 
 323;      .931;    25.120;    88.446; 
 324;      .929;    25.132;    88.446; 
 325;      .926;    25.143;    88.446; 
 326;      .925;    25.150;    88.446; 
 327;      .922;    25.161;    88.446; 
 328;      .920;    25.172;    88.446; 
 329;      .918;    25.177;    88.446; 
 330;      .917;    25.183;    88.446; 
 331;      .915;    25.192;    88.446; 
 332;      .911;    25.207;    88.446; 
 333;      .906;    25.227;    88.446; 
 334;      .903;    25.247;    88.446; 
 335;      .902;    25.251;    88.446; 
 336;      .900;    25.259;    88.446; 
 337;      .899;    25.266;    88.446; 
 338;      .897;    25.276;    88.446; 
 339;      .895;    25.284;    88.446; 
 340;      .892;    25.295;    88.446; 
 341;      .890;    25.303;    88.446; 
 342;      .888;    25.313;    88.446; 
 343;      .886;    25.320;    88.446; 
 344;      .883;    25.331;    88.446; 
 345;      .880;    25.344;    88.446; 
 346;      .877;    25.355;    88.446; 
 347;      .875;    25.366;    88.446; 
 348;      .873;    25.374;    88.446; 
 349;      .871;    25.381;    88.446; 
 350;      .868;    25.393;    88.446; 
 351;      .866;    25.401;    88.446; 
 352;      .863;    25.413;    88.446; 
 353;      .860;    25.422;    88.446; 
 354;      .858;    25.432;    88.446; 
 355;      .855;    25.440;    88.446; 
 356;      .852;    25.454;    88.446; 
 357;      .848;    25.469;    88.446; 
 358;      .846;    25.477;    88.446; 
 359;      .844;    25.486;    88.446; 
 360;      .842;    25.494;    88.446; 
 361;      .839;    25.506;    88.446; 
 362;      .836;    25.517;    88.446; 
 363;      .833;    25.529;    88.446; 
 364;      .831;    25.534;    88.446; 
 365;      .829;    25.541;    88.446; 
 366;      .827;    25.551;    88.446; 
 367;      .824;    25.559;    88.446; 
 368;      .821;    25.569;    88.446; 
 369;      .819;    25.576;    88.446; 
 370;      .816;    25.587;    88.446; 
 371;      .812;    25.599;    88.446; 
 372;      .809;    25.609;    88.446; 
 373;      .807;    25.615;    88.446; 
 374;      .803;    25.631;    88.446; 
 375;      .800;    25.637;    88.446; 
 376;      .797;    25.649;    88.446; 
 377;      .793;    25.663;    88.446; 
 378;      .791;    25.670;    88.446; 
 379;      .788;    25.679;    88.446; 
 380;      .785;    25.688;    88.446; 
 381;      .782;    25.697;    88.446; 
 382;      .779;    25.710;    88.446; 
 383;      .776;    25.719;    88.446; 
 384;      .771;    25.734;    88.446; 
 385;      .768;    25.745;    88.446; 
 386;      .765;    25.755;    88.446; 
 387;      .763;    25.763;    88.446; 
 388;      .761;    25.768;    88.446; 
 389;      .758;    25.779;    88.446; 
 390;      .755;    25.786;    88.446; 
 391;      .753;    25.791;    88.446; 
 392;      .749;    25.803;    88.446; 
 393;      .743;    25.823;    88.446; 
 394;      .739;    25.838;    88.446; 
 395;      .737;    25.845;    88.446; 
 396;      .735;    25.850;    88.446; 
 397;      .731;    25.865;    88.446; 
 398;      .730;    25.866;    88.446; 
 399;      .726;    25.878;    88.446; 
 400;      .723;    25.886;    88.446; 
 401;      .721;    25.894;    88.446; 
 402;      .716;    25.909;    88.446; 
 403;      .712;    25.919;    88.446; 
 404;      .709;    25.931;    88.446; 
 405;      .706;    25.939;    88.446; 
 406;      .703;    25.947;    88.446; 
 407;      .700;    25.957;    88.446; 
 408;      .697;    25.966;    88.446; 
 409;      .694;    25.975;    88.446; 
 410;      .690;    25.985;    88.446; 
 411;      .685;    26.000;    88.446; 
 412;      .682;    26.007;    88.446; 
 413;      .679;    26.016;    88.446; 
 414;      .677;    26.023;    88.446; 
 415;      .674;    26.030;    88.446; 
 416;      .669;    26.043;    88.446; 
 417;      .664;    26.058;    88.446; 
 418;      .660;    26.068;    88.446; 
 419;      .654;    26.088;    88.446; 
 420;      .652;    26.094;    88.446; 
 421;      .649;    26.104;    88.446; 
 422;      .646;    26.113;    88.446; 
 423;      .643;    26.120;    88.446; 
 424;      .639;    26.132;    88.446; 
 425;      .637;    26.138;    88.446; 
 426;      .636;    26.140;    88.446; 
 427;      .633;    26.147;    88.446; 
 428;      .631;    26.151;    88.446; 
 429;      .623;    26.172;    88.446; 
 430;      .615;    26.194;    88.446; 
 431;      .611;    26.209;    88.446; 
 432;      .608;    26.218;    88.446; 
 433;      .606;    26.222;    88.446; 
 434;      .603;    26.231;    88.446; 
 435;      .600;    26.241;    88.446; 
 436;      .597;    26.248;    88.446; 
 437;      .595;    26.254;    88.446; 
 438;      .591;    26.264;    88.446; 
 439;      .587;    26.273;    88.446; 
 440;      .583;    26.283;    88.446; 
 441;      .579;    26.295;    88.446; 
 442;      .575;    26.307;    88.446; 
 443;      .572;    26.314;    88.446; 
 444;      .568;    26.325;    88.446; 
 445;      .564;    26.336;    88.446; 
 446;      .560;    26.346;    88.446; 
 447;      .556;    26.356;    88.446; 
 448;      .553;    26.365;    88.446; 
 449;      .550;    26.372;    88.446; 
 450;      .548;    26.379;    88.446; 
 451;      .543;    26.389;    88.446; 
 452;      .539;    26.401;    88.446; 
 453;      .536;    26.408;    88.446; 
 454;      .530;    26.422;    88.446; 
 455;      .526;    26.434;    88.446; 
 456;      .520;    26.451;    88.446; 
 457;      .516;    26.461;    88.446; 
 458;      .513;    26.470;    88.446; 
 459;      .511;    26.474;    88.446; 
 460;      .509;    26.480;    88.446; 
 461;      .505;    26.490;    88.446; 
 462;      .502;    26.496;    88.446; 
 463;      .498;    26.507;    88.446; 
 464;      .493;    26.520;    88.446; 
 465;      .487;    26.535;    88.446; 
 466;      .486;    26.538;    88.446; 
 467;      .481;    26.550;    88.446; 
 468;      .478;    26.558;    88.446; 
 469;      .474;    26.567;    88.446; 
 470;      .470;    26.578;    88.446; 
 471;      .465;    26.589;    88.446; 
 472;      .463;    26.594;    88.446; 
 473;      .458;    26.606;    88.446; 
 474;      .454;    26.618;    88.446; 
 475;      .449;    26.629;    88.446; 
 476;      .446;    26.637;    88.446; 
 477;      .444;    26.643;    88.446; 
 478;      .440;    26.652;    88.446; 
 479;      .437;    26.659;    88.446; 
 480;      .433;    26.669;    88.446; 
 481;      .428;    26.680;    88.446; 
 482;      .423;    26.693;    88.446; 
 483;      .419;    26.703;    88.446; 
 484;      .415;    26.712;    88.446; 
 485;      .411;    26.723;    88.446; 
 486;      .406;    26.735;    88.446; 
 487;      .403;    26.744;    88.446; 
 488;      .399;    26.752;    88.446; 
 489;      .397;    26.758;    88.446; 
 490;      .394;    26.763;    88.446; 
 491;      .391;    26.769;    88.446; 
 492;      .386;    26.779;    88.446; 
 493;      .379;    26.797;    88.446; 
 494;      .377;    26.802;    88.446; 
 495;      .374;    26.807;    88.446; 
 496;      .373;    26.808;    88.446; 
 497;      .370;    26.814;    88.446; 
 498;      .371;    26.812;    88.446; 
 499;      .367;    26.817;    88.446; 
 500;      .367;    26.818;    88.446; 
 501;      .362;    26.825;    88.446; 
 502;      .358;    26.830;    88.446; 
 503;      .352;    26.838;    88.446; 
 504;      .349;    26.842;    88.446; 
 505;      .346;    26.845;    88.446; 
 506;      .341;    26.850;    88.446; 
 507;      .341;    26.851;    88.446; 
 508;      .337;    26.854;    88.446; 
 509;      .336;    26.855;    88.446; 
 510;      .336;    26.855;    88.446; 
 511;      .330;    26.860;    88.446; 
 512;      .326;    26.863;    88.446; 
 513;      .317;    26.870;    88.446; 
 514;      .313;    26.873;    88.446; 
 515;      .305;    26.879;    88.446; 
 516;      .303;    26.881;    88.446; 
 517;      .301;    26.882;    88.446; 
 518;      .294;    26.886;    88.446; 
 519;      .295;    26.885;    88.446; 
 520;      .292;    26.887;    88.446; 
 521;      .285;    26.890;    88.446; 
 522;      .279;    26.893;    88.446; 
 523;      .274;    26.895;    88.446; 
 524;      .273;    26.896;    88.446; 
 525;      .271;    26.897;    88.446; 
 526;      .269;    26.897;    88.446; 
 527;      .266;    26.898;    88.446; 
 528;      .265;    26.898;    88.446; 
 529;      .259;    26.899;    88.446; 
 530;      .251;    26.901;    88.446; 
 531;      .246;    26.902;    88.446; 
 532;      .237;    26.904;    88.446; 
 533;      .229;    26.906;    88.446; 
 534;      .222;    26.907;    88.446; 
 535;      .217;    26.908;    88.446; 
 536;      .210;    26.909;    88.446; 
 537;      .206;    26.909;    88.446; 
 538;      .201;    26.910;    88.446; 
 539;      .196;    26.910;    88.446; 
 540;      .190;    26.911;    88.446; 
 541;      .183;    26.911;    88.446; 
 542;      .178;    26.911;    88.446; 
 543;      .174;    26.911;    88.446; 
 544;      .162;    26.911;    88.446; 
 545;      .149;    26.911;    88.446; 
 546;      .136;    26.911;    88.446; 
 547;      .127;    26.911;    88.446; 
 548;      .117;    26.911;    88.446; 
 549;      .109;    26.911;    88.446; 
 550;      .101;    26.911;    88.446; 
 551;      .094;    26.911;    88.446; 
 552;      .081;    26.911;    88.446; 
 553;      .071;    26.911;    88.446; 
 554;      .060;    26.910;    88.446; 
 555;      .049;    26.910;    88.446; 
 556;      .042;    26.910;    88.446; 
 557;      .024;    26.910;    88.446; 
 558;      .012;    26.910;    88.446; 
 559;     0.000;    26.910;    88.446; 
 560;     -.010;    26.910;    88.446; 
 561;     -.020;    26.910;    88.446; 
 562;     -.030;    26.910;    88.446; 
 563;     -.041;    26.910;    88.446; 
 564;     -.053;    26.910;    88.446; 
 565;     -.063;    26.911;    88.446; 
 566;     -.073;    26.911;    88.446; 
 567;     -.082;    26.911;    88.446; 
 568;     -.093;    26.911;    88.446; 
 569;     -.103;    26.911;    88.446; 
 570;     -.118;    26.911;    88.446; 
 571;     -.126;    26.911;    88.446; 
 572;     -.136;    26.911;    88.446; 
 573;     -.145;    26.911;    88.446; 
 574;     -.156;    26.911;    88.446; 
 575;     -.163;    26.911;    88.446; 
 576;     -.172;    26.911;    88.446; 
 577;     -.183;    26.911;    88.446; 
 578;     -.198;    26.911;    88.446; 
 579;     -.209;    26.911;    88.446; 
 580;     -.223;    26.911;    88.446; 
 581;     -.231;    26.911;    88.446; 
 582;     -.240;    26.911;    88.446; 
 583;     -.246;    26.911;    88.446; 
 584;     -.259;    26.911;    88.446; 
 585;     -.270;    26.911;    88.446; 
 586;     -.282;    26.911;    88.446; 
 587;     -.302;    26.912;    88.446; 
 588;     -.307;    26.912;    88.446; 
 589;     -.310;    26.912;    88.446; 
 590;     -.316;    26.911;    88.446; 
 591;     -.321;    26.911;    88.446; 
 592;     -.328;    26.911;    88.446; 
 593;     -.342;    26.910;    88.446; 
 594;     -.347;    26.909;    88.446; 
 595;     -.349;    26.909;    88.446; 
 596;     -.353;    26.908;    88.446; 
 597;     -.355;    26.908;    88.446; 
 598;     -.365;    26.906;    88.446; 
 599;     -.369;    26.905;    88.446; 
 600;     -.377;    26.904;    88.446; 
 601;     -.382;    26.902;    88.446; 
 602;     -.386;    26.901;    88.446; 
 603;     -.429;    26.882;    88.446; 
 604;     -.420;    26.886;    88.446; 
 605;     -.429;    26.882;    88.446; 
 606;     -.435;    26.879;    88.446; 
 607;     -.438;    26.876;    88.446; 
 608;     -.440;    26.875;    88.446; 
 609;     -.445;    26.872;    88.446; 
 610;     -.446;    26.871;    88.446; 
 611;     -.449;    26.869;    88.446; 
 612;     -.452;    26.866;    88.446; 
 613;     -.455;    26.864;    88.446; 
 614;     -.459;    26.861;    88.446; 
 615;     -.464;    26.856;    88.446; 
 616;     -.466;    26.854;    88.446; 
 617;     -.471;    26.849;    88.446; 
 618;     -.470;    26.849;    88.446; 
 619;     -.475;    26.844;    88.446; 
 620;     -.477;    26.842;    88.446; 
 621;     -.482;    26.835;    88.446; 
 622;     -.484;    26.833;    88.446; 
 623;     -.483;    26.833;    88.446; 
 624;     -.487;    26.827;    88.446; 
 625;     -.487;    26.827;    88.446; 
 626;     -.497;    26.810;    88.446; 
 627;     -.501;    26.804;    88.446; 
 628;     -.505;    26.798;    88.446; 
 629;     -.508;    26.792;    88.446; 
 630;     -.509;    26.790;    88.446; 
 631;     -.512;    26.785;    88.446; 
 632;     -.515;    26.779;    88.446; 
 633;     -.518;    26.773;    88.446; 
 634;     -.522;    26.763;    88.446; 
 635;     -.526;    26.754;    88.446; 
 636;     -.529;    26.746;    88.446; 
 637;     -.533;    26.737;    88.446; 
 638;     -.539;    26.724;    88.446; 
 639;     -.541;    26.718;    88.446; 
 640;     -.545;    26.708;    88.446; 
 641;     -.549;    26.698;    88.446; 
 642;     -.553;    26.689;    88.446; 
 643;     -.557;    26.679;    88.446; 
 644;     -.560;    26.669;    88.446; 
 645;     -.563;    26.663;    88.446; 
 646;     -.567;    26.652;    88.446; 
 647;     -.576;    26.632;    88.446; 
 648;     -.579;    26.624;    88.446; 
 649;     -.586;    26.608;    88.446; 
 650;     -.589;    26.602;    88.446; 
 651;     -.591;    26.596;    88.446; 
 652;     -.595;    26.587;    88.446; 
 653;     -.597;    26.581;    88.446; 
 654;     -.600;    26.574;    88.446; 
 655;     -.602;    26.568;    88.446; 
 656;     -.606;    26.558;    88.446; 
 657;     -.611;    26.545;    88.446; 
 658;     -.617;    26.530;    88.446; 
 659;     -.620;    26.521;    88.446; 
 660;     -.623;    26.513;    88.446; 
 661;     -.629;    26.501;    88.446; 
 662;     -.633;    26.490;    88.446; 
 663;     -.636;    26.482;    88.446; 
 664;     -.640;    26.473;    88.446; 
 665;     -.644;    26.463;    88.446; 
 666;     -.646;    26.456;    88.446; 
 667;     -.651;    26.443;    88.446; 
 668;     -.653;    26.437;    88.446; 
 669;     -.655;    26.432;    88.446; 
 670;     -.659;    26.422;    88.446; 
 671;     -.666;    26.404;    88.446; 
 672;     -.672;    26.389;    88.446; 
 673;     -.677;    26.376;    88.446; 
 674;     -.682;    26.366;    88.446; 
 675;     -.683;    26.362;    88.446; 
 676;     -.686;    26.354;    88.446; 
 677;     -.688;    26.349;    88.446; 
 678;     -.691;    26.340;    88.446; 
 679;     -.695;    26.330;    88.446; 
 680;     -.699;    26.320;    88.446; 
 681;     -.703;    26.307;    88.446; 
 682;     -.707;    26.296;    88.446; 
 683;     -.712;    26.283;    88.446; 
 684;     -.712;    26.282;    88.446; 
 685;     -.716;    26.272;    88.446; 
 686;     -.721;    26.259;    88.446; 
 687;     -.725;    26.246;    88.446; 
 688;     -.731;    26.231;    88.446; 
 689;     -.736;    26.220;    88.446; 
 690;     -.740;    26.210;    88.446; 
 691;     -.741;    26.207;    88.446; 
 692;     -.744;    26.199;    88.446; 
 693;     -.747;    26.192;    88.446; 
 694;     -.750;    26.182;    88.446; 
 695;     -.755;    26.168;    88.446; 
 696;     -.759;    26.159;    88.446; 
 697;     -.764;    26.147;    88.446; 
 698;     -.766;    26.140;    88.446; 
 699;     -.768;    26.135;    88.446; 
 700;     -.770;    26.127;    88.446; 
 701;     -.774;    26.116;    88.446; 
 702;     -.778;    26.104;    88.446; 
 703;     -.784;    26.088;    88.446; 
 704;     -.788;    26.077;    88.446; 
 705;     -.789;    26.072;    88.446; 
 706;     -.792;    26.064;    88.446; 
 707;     -.795;    26.054;    88.446; 
 708;     -.799;    26.043;    88.446; 
 709;     -.802;    26.034;    88.446; 
 710;     -.806;    26.023;    88.446; 
 711;     -.811;    26.009;    88.446; 
 712;     -.814;    25.999;    88.446; 
 713;     -.817;    25.990;    88.446; 
 714;     -.821;    25.978;    88.446; 
 715;     -.825;    25.968;    88.446; 
 716;     -.826;    25.963;    88.446; 
 717;     -.830;    25.952;    88.446; 
 718;     -.834;    25.940;    88.446; 
 719;     -.838;    25.928;    88.446; 
 720;     -.843;    25.915;    88.446; 
 721;     -.845;    25.908;    88.446; 
 722;     -.847;    25.902;    88.446; 
 723;     -.850;    25.894;    88.446; 
 724;     -.853;    25.885;    88.446; 
 725;     -.856;    25.876;    88.446; 
 726;     -.859;    25.866;    88.446; 
 727;     -.862;    25.855;    88.446; 
 728;     -.867;    25.840;    88.446; 
 729;     -.870;    25.831;    88.446; 
 730;     -.873;    25.822;    88.446; 
 731;     -.874;    25.819;    88.446; 
 732;     -.879;    25.802;    88.446; 
 733;     -.883;    25.791;    88.446; 
 734;     -.887;    25.780;    88.446; 
 735;     -.891;    25.770;    88.446; 
 736;     -.893;    25.762;    88.446; 
 737;     -.896;    25.752;    88.446; 
 738;     -.897;    25.748;    88.446; 
 739;     -.902;    25.733;    88.446; 
 740;     -.905;    25.725;    88.446; 
 741;     -.908;    25.715;    88.446; 
 742;     -.910;    25.707;    88.446; 
 743;     -.912;    25.699;    88.446; 
 744;     -.916;    25.687;    88.446; 
 745;     -.920;    25.675;    88.446; 
 746;     -.923;    25.664;    88.446; 
 747;     -.927;    25.651;    88.446; 
 748;     -.929;    25.645;    88.446; 
 749;     -.931;    25.639;    88.446; 
 750;     -.934;    25.626;    88.446; 
 751;     -.936;    25.621;    88.446; 
 752;     -.940;    25.607;    88.446; 
 753;     -.941;    25.601;    88.446; 
 754;     -.944;    25.590;    88.446; 
 755;     -.946;    25.584;    88.446; 
 756;     -.948;    25.575;    88.446; 
 757;     -.951;    25.563;    88.446; 
 758;     -.954;    25.553;    88.446; 
 759;     -.957;    25.541;    88.446; 
 760;     -.960;    25.528;    88.446; 
 761;     -.964;    25.515;    88.446; 
 762;     -.967;    25.505;    88.446; 
 763;     -.973;    25.486;    88.446; 
 764;     -.976;    25.477;    88.446; 
 765;     -.979;    25.466;    88.446; 
 766;     -.980;    25.462;    88.446; 
 767;     -.983;    25.454;    88.446; 
 768;     -.985;    25.446;    88.446; 
 769;     -.988;    25.434;    88.446; 
 770;     -.989;    25.431;    88.446; 
 771;     -.991;    25.422;    88.446; 
 772;     -.993;    25.414;    88.446; 
 773;     -.995;    25.404;    88.446; 
 774;    -1.000;    25.386;    88.446; 
 775;    -1.003;    25.375;    88.446; 
 776;    -1.005;    25.367;    88.446; 
 777;    -1.007;    25.357;    88.446; 
 778;    -1.010;    25.348;    88.446; 
 779;    -1.013;    25.334;    88.446; 
 780;    -1.016;    25.326;    88.446; 
 781;    -1.018;    25.318;    88.446; 
 782;    -1.019;    25.311;    88.446; 
 783;    -1.021;    25.305;    88.446; 
 784;    -1.023;    25.295;    88.446; 
 785;    -1.024;    25.288;    88.446; 
 786;    -1.025;    25.282;    88.446; 
 787;    -1.027;    25.270;    88.446; 
 788;    -1.029;    25.258;    88.446; 
 789;    -1.034;    25.239;    88.446; 
 790;    -1.039;    25.217;    88.446; 
 791;    -1.043;    25.203;    88.446; 
 792;    -1.045;    25.196;    88.446; 
 793;    -1.047;    25.191;    88.446; 
 794;    -1.048;    25.187;    88.446; 
 795;    -1.049;    25.182;    88.446; 
 796;    -1.049;    25.180;    88.446; 
 797;    -1.050;    25.173;    88.446; 
 798;    -1.052;    25.159;    88.446; 
 799;    -1.055;    25.145;    88.446; 
 800;    -1.058;    25.129;    88.446; 
 801;    -1.064;    25.106;    88.446; 
 802;    -1.066;    25.097;    88.446; 
 803;    -1.068;    25.090;    88.446; 
 804;    -1.071;    25.077;    88.446; 
 805;    -1.073;    25.069;    88.446; 
 806;    -1.074;    25.064;    88.446; 
 807;    -1.075;    25.060;    88.446; 
 808;    -1.075;    25.057;    88.446; 
 809;    -1.076;    25.050;    88.446; 
 810;    -1.079;    25.035;    88.446; 
 811;    -1.080;    25.027;    88.446; 
 812;    -1.082;    25.014;    88.446; 
 813;    -1.085;    24.995;    88.446; 
 814;    -1.090;    24.977;    88.446; 
 815;    -1.094;    24.961;    88.446; 
 816;    -1.097;    24.949;    88.446; 
 817;    -1.097;    24.947;    88.446; 
 818;    -1.098;    24.943;    88.446; 
 819;    -1.099;    24.938;    88.446; 
 820;    -1.100;    24.932;    88.446; 
 821;    -1.100;    24.929;    88.446; 
 822;    -1.101;    24.918;    88.446; 
 823;    -1.102;    24.912;    88.446; 
 824;    -1.105;    24.894;    88.446; 
 825;    -1.111;    24.863;    88.446; 
 826;    -1.120;    24.833;    88.446; 
 827;    -1.126;    24.817;    88.446; 
 828;    -1.128;    24.811;    88.446; 
 829;    -1.137;    24.786;    88.446; 
 830;    -1.147;    24.764;    88.446; 
 831;    -1.160;    24.740;    88.446; 
 832;    -1.188;    24.700;    88.446; 
 833;    -1.264;    24.636;    88.446; 
 834;    -1.350;    24.604;    88.446; 
 835;    -1.377;    24.599;    88.446; 
 836;    -1.404;    24.597;    88.446; 
 837;    -1.424;    24.596;    88.446; 
 838;    -1.434;    24.595;    88.446; 
 839;    -1.445;    24.595;    88.446; 
 840;    -1.453;    24.595;    88.446; 
 841;    -1.465;    24.594;    88.446; 
 842;    -1.473;    24.594;    88.446; 
 843;    -1.481;    24.593;    88.446; 
 844;    -1.489;    24.592;    88.446; 
 845;    -1.500;    24.592;    88.446; 
 846;    -1.510;    24.591;    88.446; 
 847;    -1.521;    24.590;    88.446; 
 848;    -1.530;    24.589;    88.446; 
 849;    -1.538;    24.589;    88.446; 
 850;    -1.555;    24.587;    88.446; 
 851;    -1.576;    24.587;    88.446; 
 852;    -1.586;    24.586;    88.446; 
 853;    -1.591;    24.586;    88.446; 
 854;    -1.594;    24.586;    88.446; 
 855;    -1.598;    24.585;    88.446; 
 856;    -1.603;    24.585;    88.446; 
 857;    -1.621;    24.583;    88.446; 
 858;    -1.636;    24.582;    88.446; 
 859;    -1.649;    24.581;    88.446; 
 860;    -1.667;    24.580;    88.446; 
 861;    -1.678;    24.580;    88.446; 
 862;    -1.689;    24.579;    88.446; 
 863;    -1.699;    24.579;    88.446; 
 864;    -1.706;    24.579;    88.446; 
 865;    -1.711;    24.578;    88.446; 
 866;    -1.719;    24.578;    88.446; 
 867;    -1.732;    24.577;    88.446; 
 868;    -1.756;    24.576;    88.446; 
 869;    -1.789;    24.577;    88.446; 
 870;    -1.878;    24.601;    88.446; 
 871;    -1.956;    24.654;    88.446; 
 872;    -2.015;    24.735;    88.446; 
 873;    -2.022;    24.752;    88.446; 
 874;    -2.031;    24.773;    88.446; 
 875;    -2.038;    24.794;    88.446; 
 876;    -2.042;    24.804;    88.446; 
 877;    -2.045;    24.815;    88.446; 
 878;    -2.049;    24.826;    88.446; 
 879;    -2.051;    24.832;    88.446; 
 880;    -2.054;    24.839;    88.446; 
 881;    -2.057;    24.848;    88.446; 
 882;    -2.059;    24.854;    88.446; 
 883;    -2.067;    24.875;    88.446; 
 884;    -2.071;    24.891;    88.446; 
 885;    -2.076;    24.908;    88.446; 
 886;    -2.079;    24.919;    88.446; 
 887;    -2.082;    24.927;    88.446; 
 888;    -2.085;    24.938;    88.446; 
 889;    -2.087;    24.946;    88.446; 
 890;    -2.088;    24.950;    88.446; 
 891;    -2.090;    24.955;    88.446; 
 892;    -2.092;    24.961;    88.446; 
 893;    -2.093;    24.961;    88.446; 
 894;    -2.096;    24.968;    88.446; 
 895;    -2.101;    24.979;    88.446; 
 896;    -2.112;    25.012;    88.446; 
 897;    -2.117;    25.031;    88.446; 
 898;    -2.119;    25.036;    88.446; 
 899;    -2.121;    25.045;    88.446; 
 900;    -2.122;    25.048;    88.446; 
 901;    -2.125;    25.055;    88.446; 
 902;    -2.128;    25.062;    88.446; 
 903;    -2.130;    25.069;    88.446; 
 904;    -2.134;    25.079;    88.446; 
 905;    -2.137;    25.087;    88.446; 
 906;    -2.143;    25.103;    88.446; 
 907;    -2.149;    25.123;    88.446; 
 908;    -2.152;    25.132;    88.446; 
 909;    -2.154;    25.138;    88.446; 
 910;    -2.155;    25.141;    88.446; 
 911;    -2.158;    25.150;    88.446; 
 912;    -2.161;    25.157;    88.446; 
 913;    -2.163;    25.163;    88.446; 
 914;    -2.167;    25.174;    88.446; 
 915;    -2.172;    25.186;    88.446; 
 916;    -2.176;    25.196;    88.446; 
 917;    -2.180;    25.208;    88.446; 
 918;    -2.184;    25.217;    88.446; 
 919;    -2.188;    25.228;    88.446; 
 920;    -2.191;    25.236;    88.446; 
 921;    -2.195;    25.245;    88.446; 
 922;    -2.198;    25.253;    88.446; 
 923;    -2.201;    25.261;    88.446; 
 924;    -2.205;    25.271;    88.446; 
 925;    -2.210;    25.283;    88.446; 
 926;    -2.213;    25.291;    88.446; 
 927;    -2.216;    25.298;    88.446; 
 928;    -2.220;    25.307;    88.446; 
 929;    -2.225;    25.317;    88.446; 
 930;    -2.230;    25.331;    88.446; 
 931;    -2.235;    25.343;    88.446; 
 932;    -2.241;    25.357;    88.446; 
 933;    -2.244;    25.366;    88.446; 
 934;    -2.247;    25.373;    88.446; 
 935;    -2.250;    25.381;    88.446; 
 936;    -2.252;    25.386;    88.446; 
 937;    -2.257;    25.398;    88.446; 
 938;    -2.260;    25.406;    88.446; 
 939;    -2.264;    25.416;    88.446; 
 940;    -2.269;    25.426;    88.446; 
 941;    -2.272;    25.435;    88.446; 
 942;    -2.277;    25.445;    88.446; 
 943;    -2.280;    25.453;    88.446; 
 944;    -2.283;    25.460;    88.446; 
 945;    -2.287;    25.468;    88.446; 
 946;    -2.293;    25.482;    88.446; 
 947;    -2.299;    25.497;    88.446; 
 948;    -2.302;    25.504;    88.446; 
 949;    -2.305;    25.510;    88.446; 
 950;    -2.309;    25.522;    88.446; 
 951;    -2.313;    25.529;    88.446; 
 952;    -2.317;    25.538;    88.446; 
 953;    -2.320;    25.546;    88.446; 
 954;    -2.322;    25.549;    88.446; 
 955;    -2.324;    25.554;    88.446; 
 956;    -2.330;    25.567;    88.446; 
 957;    -2.338;    25.582;    88.446; 
 958;    -2.346;    25.601;    88.446; 
 959;    -2.351;    25.614;    88.446; 
 960;    -2.351;    25.615;    88.446; 
 961;    -2.354;    25.622;    88.446; 
 962;    -2.357;    25.628;    88.446; 
 963;    -2.362;    25.638;    88.446; 
 964;    -2.366;    25.648;    88.446; 
 965;    -2.372;    25.660;    88.446; 
 966;    -2.377;    25.672;    88.446; 
 967;    -2.380;    25.678;    88.446; 
 968;    -2.385;    25.691;    88.446; 
 969;    -2.388;    25.697;    88.446; 
 970;    -2.392;    25.704;    88.446; 
 971;    -2.396;    25.714;    88.446; 
 972;    -2.400;    25.722;    88.446; 
 973;    -2.404;    25.729;    88.446; 
 974;    -2.408;    25.739;    88.446; 
 975;    -2.413;    25.750;    88.446; 
 976;    -2.418;    25.760;    88.446; 
 977;    -2.423;    25.770;    88.446; 
 978;    -2.427;    25.778;    88.446; 
 979;    -2.432;    25.790;    88.446; 
 980;    -2.436;    25.797;    88.446; 
 981;    -2.440;    25.806;    88.446; 
 982;    -2.444;    25.814;    88.446; 
 983;    -2.444;    25.814;    88.446; 
 984;    -2.453;    25.832;    88.446; 
 985;    -2.460;    25.845;    88.446; 
 986;    -2.466;    25.860;    88.446; 
 987;    -2.469;    25.866;    88.446; 
 988;    -2.474;    25.875;    88.446; 
 989;    -2.476;    25.880;    88.446; 
 990;    -2.479;    25.886;    88.446; 
 991;    -2.486;    25.900;    88.446; 
 992;    -2.493;    25.915;    88.446; 
 993;    -2.498;    25.925;    88.446; 
 994;    -2.500;    25.930;    88.446; 
 995;    -2.504;    25.938;    88.446; 
 996;    -2.508;    25.945;    88.446; 
 997;    -2.514;    25.957;    88.446; 
 998;    -2.518;    25.966;    88.446; 
 999;    -2.524;    25.978;    88.446; 
1000;    -2.527;    25.984;    88.446; 
1001;    -2.531;    25.991;    88.446; 
1002;    -2.536;    26.001;    88.446; 
1003;    -2.541;    26.011;    88.446; 
1004;    -2.547;    26.024;    88.446; 
1005;    -2.553;    26.035;    88.446; 
1006;    -2.559;    26.048;    88.446; 
1007;    -2.563;    26.058;    88.446; 
1008;    -2.564;    26.060;    88.446; 
1009;    -2.569;    26.069;    88.446; 
1010;    -2.575;    26.082;    88.446; 
1011;    -2.578;    26.086;    88.446; 
1012;    -2.583;    26.095;    88.446; 
1013;    -2.589;    26.108;    88.446; 
1014;    -2.594;    26.117;    88.446; 
1015;    -2.600;    26.130;    88.446; 
1016;    -2.606;    26.143;    88.446; 
1017;    -2.609;    26.149;    88.446; 
1018;    -2.614;    26.159;    88.446; 
1019;    -2.617;    26.166;    88.446; 
1020;    -2.622;    26.174;    88.446; 
1021;    -2.626;    26.182;    88.446; 
1022;    -2.632;    26.193;    88.446; 
1023;    -2.635;    26.198;    88.446; 
1024;    -2.640;    26.209;    88.446; 
1025;    -2.645;    26.216;    88.446; 
1026;    -2.653;    26.232;    88.446; 
1027;    -2.658;    26.242;    88.446; 
1028;    -2.661;    26.248;    88.446; 
1029;    -2.666;    26.257;    88.446; 
1030;    -2.671;    26.268;    88.446; 
1031;    -2.675;    26.276;    88.446; 
1032;    -2.679;    26.282;    88.446; 
1033;    -2.685;    26.294;    88.446; 
1034;    -2.690;    26.302;    88.446; 
1035;    -2.696;    26.315;    88.446; 
1036;    -2.697;    26.315;    88.446; 
1037;    -2.702;    26.325;    88.446; 
1038;    -2.705;    26.330;    88.446; 
1039;    -2.712;    26.342;    88.446; 
1040;    -2.720;    26.357;    88.446; 
1041;    -2.724;    26.363;    88.446; 
1042;    -2.732;    26.379;    88.446; 
1043;    -2.739;    26.392;    88.446; 
1044;    -2.743;    26.401;    88.446; 
1045;    -2.744;    26.402;    88.446; 
1046;    -2.748;    26.410;    88.446; 
1047;    -2.751;    26.414;    88.446; 
1048;    -2.755;    26.422;    88.446; 
1049;    -2.762;    26.432;    88.446; 
1050;    -2.768;    26.444;    88.446; 
1051;    -2.774;    26.454;    88.446; 
1052;    -2.780;    26.465;    88.446; 
1053;    -2.788;    26.479;    88.446; 
1054;    -2.795;    26.493;    88.446; 
1055;    -2.798;    26.498;    88.446; 
1056;    -2.800;    26.502;    88.446; 
1057;    -2.805;    26.511;    88.446; 
1058;    -2.808;    26.517;    88.446; 
1059;    -2.814;    26.526;    88.446; 
1060;    -2.819;    26.536;    88.446; 
1061;    -2.827;    26.548;    88.446; 
1062;    -2.831;    26.556;    88.446; 
1063;    -2.837;    26.566;    88.446; 
1064;    -2.842;    26.576;    88.446; 
1065;    -2.847;    26.584;    88.446; 
1066;    -2.850;    26.590;    88.446; 
1067;    -2.853;    26.594;    88.446; 
1068;    -2.856;    26.598;    88.446; 
1069;    -2.860;    26.604;    88.446; 
1070;    -2.866;    26.614;    88.446; 
1071;    -2.873;    26.624;    88.446; 
1072;    -2.881;    26.636;    88.446; 
1073;    -2.884;    26.642;    88.446; 
1074;    -2.887;    26.645;    88.446; 
1075;    -2.890;    26.649;    88.446; 
1076;    -2.890;    26.649;    88.446; 
1077;    -2.892;    26.651;    88.446; 
1078;    -2.898;    26.658;    88.446; 
1079;    -2.899;    26.658;    88.446; 
1080;    -2.903;    26.663;    88.446; 
1081;    -2.906;    26.666;    88.446; 
1082;    -2.911;    26.670;    88.446; 
1083;    -2.918;    26.676;    88.446; 
1084;    -2.924;    26.681;    88.446; 
1085;    -2.929;    26.686;    88.446; 
1086;    -2.931;    26.687;    88.446; 
1087;    -2.932;    26.688;    88.446; 
1088;    -2.936;    26.690;    88.446; 
1089;    -2.939;    26.692;    88.446; 
1090;    -2.942;    26.694;    88.446; 
1091;    -2.941;    26.693;    88.446; 
1092;    -2.948;    26.697;    88.446; 
1093;    -2.953;    26.699;    88.446; 
1094;    -2.966;    26.706;    88.446; 
1095;    -2.972;    26.709;    88.446; 
1096;    -2.977;    26.711;    88.446; 
1097;    -2.980;    26.712;    88.446; 
1098;    -2.982;    26.713;    88.446; 
1099;    -2.984;    26.713;    88.446; 
1100;    -2.990;    26.715;    88.446; 
1101;    -2.991;    26.715;    88.446; 
1102;    -2.997;    26.717;    88.446; 
1103;    -2.998;    26.717;    88.446; 
1104;    -3.001;    26.717;    88.446; 
1105;    -3.006;    26.718;    88.446; 
1106;    -3.010;    26.718;    88.446; 
1107;    -3.017;    26.719;    88.446; 
1108;    -3.025;    26.719;    88.446; 
1109;    -3.030;    26.720;    88.446; 
1110;    -3.037;    26.720;    88.446; 
1111;    -3.045;    26.720;    88.446; 
1112;    -3.048;    26.720;    88.446; 
1113;    -3.051;    26.720;    88.446; 
1114;    -3.056;    26.719;    88.446; 
1115;    -3.057;    26.719;    88.446; 
1116;    -3.065;    26.718;    88.446; 
1117;    -3.075;    26.717;    88.446; 
1118;    -3.093;    26.715;    88.446; 
1119;    -3.107;    26.714;    88.446; 
1120;    -3.116;    26.714;    88.446; 
