[A]
   1;     3.275;    26.718;    88.447; 
   2;     3.264;    26.719;    88.447; 
   3;     3.253;    26.720;    88.447; 
   4;     3.236;    26.723;    88.447; 
   5;     3.223;    26.725;    88.447; 
   6;     3.215;    26.726;    88.447; 
   7;     3.206;    26.727;    88.447; 
   8;     3.198;    26.728;    88.447; 
   9;     3.190;    26.729;    88.447; 
  10;     3.182;    26.730;    88.447; 
  11;     3.172;    26.731;    88.447; 
  12;     3.162;    26.733;    88.447; 
  13;     3.151;    26.734;    88.447; 
  14;     3.138;    26.735;    88.447; 
  15;     3.125;    26.737;    88.447; 
  16;     3.115;    26.739;    88.447; 
  17;     3.104;    26.740;    88.447; 
  18;     3.098;    26.741;    88.447; 
  19;     3.093;    26.741;    88.447; 
  20;     3.086;    26.741;    88.447; 
  21;     3.082;    26.742;    88.447; 
  22;     3.080;    26.741;    88.447; 
  23;     3.072;    26.742;    88.447; 
  24;     3.060;    26.742;    88.447; 
  25;     3.052;    26.742;    88.447; 
  26;     3.043;    26.742;    88.447; 
  27;     3.034;    26.742;    88.447; 
  28;     3.031;    26.741;    88.447; 
  29;     3.029;    26.741;    88.447; 
  30;     3.027;    26.741;    88.447; 
  31;     3.026;    26.740;    88.447; 
  32;     3.024;    26.740;    88.447; 
  33;     3.021;    26.739;    88.447; 
  34;     3.003;    26.736;    88.447; 
  35;     2.995;    26.734;    88.447; 
  36;     2.989;    26.733;    88.447; 
  37;     2.983;    26.731;    88.447; 
  38;     2.974;    26.729;    88.447; 
  39;     2.971;    26.728;    88.447; 
  40;     2.967;    26.727;    88.447; 
  41;     2.959;    26.724;    88.447; 
  42;     2.956;    26.723;    88.447; 
  43;     2.949;    26.721;    88.447; 
  44;     2.945;    26.719;    88.447; 
  45;     2.941;    26.718;    88.447; 
  46;     2.939;    26.717;    88.447; 
  47;     2.935;    26.715;    88.447; 
  48;     2.933;    26.713;    88.447; 
  49;     2.933;    26.713;    88.447; 
  50;     2.932;    26.712;    88.447; 
  51;     2.931;    26.711;    88.447; 
  52;     2.926;    26.707;    88.447; 
  53;     2.920;    26.703;    88.447; 
  54;     2.922;    26.704;    88.447; 
  55;     2.918;    26.701;    88.447; 
  56;     2.917;    26.700;    88.447; 
  57;     2.915;    26.698;    88.447; 
  58;     2.911;    26.693;    88.447; 
  59;     2.907;    26.689;    88.447; 
  60;     2.905;    26.686;    88.447; 
  61;     2.901;    26.681;    88.447; 
  62;     2.897;    26.676;    88.447; 
  63;     2.895;    26.674;    88.447; 
  64;     2.892;    26.668;    88.447; 
  65;     2.889;    26.664;    88.447; 
  66;     2.887;    26.660;    88.447; 
  67;     2.878;    26.647;    88.447; 
  68;     2.873;    26.640;    88.447; 
  69;     2.870;    26.634;    88.447; 
  70;     2.865;    26.626;    88.447; 
  71;     2.862;    26.621;    88.447; 
  72;     2.859;    26.615;    88.447; 
  73;     2.850;    26.600;    88.447; 
  74;     2.847;    26.594;    88.447; 
  75;     2.838;    26.579;    88.447; 
  76;     2.836;    26.574;    88.447; 
  77;     2.833;    26.569;    88.447; 
  78;     2.826;    26.557;    88.447; 
  79;     2.819;    26.544;    88.447; 
  80;     2.818;    26.542;    88.447; 
  81;     2.812;    26.531;    88.447; 
  82;     2.804;    26.517;    88.447; 
  83;     2.802;    26.513;    88.447; 
  84;     2.796;    26.503;    88.447; 
  85;     2.788;    26.488;    88.447; 
  86;     2.787;    26.487;    88.447; 
  87;     2.781;    26.476;    88.447; 
  88;     2.778;    26.469;    88.447; 
  89;     2.774;    26.462;    88.447; 
  90;     2.768;    26.451;    88.447; 
  91;     2.762;    26.440;    88.447; 
  92;     2.758;    26.432;    88.447; 
  93;     2.751;    26.419;    88.447; 
  94;     2.747;    26.413;    88.447; 
  95;     2.741;    26.401;    88.447; 
  96;     2.735;    26.391;    88.447; 
  97;     2.729;    26.381;    88.447; 
  98;     2.723;    26.369;    88.447; 
  99;     2.718;    26.361;    88.447; 
 100;     2.714;    26.354;    88.447; 
 101;     2.709;    26.345;    88.447; 
 102;     2.704;    26.335;    88.447; 
 103;     2.701;    26.329;    88.447; 
 104;     2.695;    26.318;    88.447; 
 105;     2.691;    26.311;    88.447; 
 106;     2.688;    26.304;    88.447; 
 107;     2.683;    26.296;    88.447; 
 108;     2.679;    26.287;    88.447; 
 109;     2.669;    26.269;    88.447; 
 110;     2.666;    26.264;    88.447; 
 111;     2.664;    26.260;    88.447; 
 112;     2.660;    26.251;    88.447; 
 113;     2.653;    26.238;    88.447; 
 114;     2.645;    26.224;    88.447; 
 115;     2.639;    26.214;    88.447; 
 116;     2.635;    26.206;    88.447; 
 117;     2.632;    26.200;    88.447; 
 118;     2.627;    26.191;    88.447; 
 119;     2.623;    26.184;    88.447; 
 120;     2.619;    26.177;    88.447; 
 121;     2.614;    26.166;    88.447; 
 122;     2.609;    26.157;    88.447; 
 123;     2.604;    26.147;    88.447; 
 124;     2.598;    26.136;    88.447; 
 125;     2.596;    26.132;    88.447; 
 126;     2.591;    26.122;    88.447; 
 127;     2.585;    26.110;    88.447; 
 128;     2.580;    26.102;    88.447; 
 129;     2.574;    26.089;    88.447; 
 130;     2.570;    26.082;    88.447; 
 131;     2.566;    26.075;    88.447; 
 132;     2.562;    26.067;    88.447; 
 133;     2.559;    26.059;    88.447; 
 134;     2.552;    26.046;    88.447; 
 135;     2.548;    26.038;    88.447; 
 136;     2.543;    26.028;    88.447; 
 137;     2.537;    26.017;    88.447; 
 138;     2.535;    26.012;    88.447; 
 139;     2.527;    25.997;    88.447; 
 140;     2.524;    25.991;    88.447; 
 141;     2.521;    25.984;    88.447; 
 142;     2.519;    25.980;    88.447; 
 143;     2.514;    25.970;    88.447; 
 144;     2.509;    25.959;    88.447; 
 145;     2.505;    25.950;    88.447; 
 146;     2.498;    25.935;    88.447; 
 147;     2.495;    25.929;    88.447; 
 148;     2.487;    25.912;    88.447; 
 149;     2.480;    25.900;    88.447; 
 150;     2.476;    25.893;    88.447; 
 151;     2.470;    25.881;    88.447; 
 152;     2.466;    25.873;    88.447; 
 153;     2.464;    25.869;    88.447; 
 154;     2.459;    25.858;    88.447; 
 155;     2.453;    25.847;    88.447; 
 156;     2.449;    25.838;    88.447; 
 157;     2.445;    25.830;    88.447; 
 158;     2.439;    25.820;    88.447; 
 159;     2.434;    25.809;    88.447; 
 160;     2.431;    25.802;    88.447; 
 161;     2.427;    25.794;    88.447; 
 162;     2.423;    25.786;    88.447; 
 163;     2.419;    25.778;    88.447; 
 164;     2.415;    25.769;    88.447; 
 165;     2.410;    25.758;    88.447; 
 166;     2.406;    25.749;    88.447; 
 167;     2.404;    25.744;    88.447; 
 168;     2.397;    25.730;    88.447; 
 169;     2.392;    25.718;    88.447; 
 170;     2.387;    25.707;    88.447; 
 171;     2.383;    25.700;    88.447; 
 172;     2.379;    25.690;    88.447; 
 173;     2.375;    25.681;    88.447; 
 174;     2.370;    25.672;    88.447; 
 175;     2.366;    25.662;    88.447; 
 176;     2.362;    25.654;    88.447; 
 177;     2.358;    25.645;    88.447; 
 178;     2.353;    25.633;    88.447; 
 179;     2.350;    25.627;    88.447; 
 180;     2.345;    25.615;    88.447; 
 181;     2.343;    25.610;    88.447; 
 182;     2.336;    25.595;    88.447; 
 183;     2.333;    25.588;    88.447; 
 184;     2.328;    25.577;    88.447; 
 185;     2.325;    25.571;    88.447; 
 186;     2.321;    25.560;    88.447; 
 187;     2.317;    25.552;    88.447; 
 188;     2.313;    25.542;    88.447; 
 189;     2.310;    25.536;    88.447; 
 190;     2.305;    25.523;    88.447; 
 191;     2.300;    25.511;    88.447; 
 192;     2.297;    25.503;    88.447; 
 193;     2.293;    25.495;    88.447; 
 194;     2.290;    25.487;    88.447; 
 195;     2.286;    25.478;    88.447; 
 196;     2.282;    25.467;    88.447; 
 197;     2.277;    25.455;    88.447; 
 198;     2.270;    25.440;    88.447; 
 199;     2.268;    25.435;    88.447; 
 200;     2.265;    25.428;    88.447; 
 201;     2.263;    25.422;    88.447; 
 202;     2.260;    25.414;    88.447; 
 203;     2.257;    25.405;    88.447; 
 204;     2.252;    25.393;    88.447; 
 205;     2.248;    25.382;    88.447; 
 206;     2.242;    25.366;    88.447; 
 207;     2.239;    25.359;    88.447; 
 208;     2.235;    25.351;    88.447; 
 209;     2.231;    25.341;    88.447; 
 210;     2.227;    25.331;    88.447; 
 211;     2.225;    25.324;    88.447; 
 212;     2.222;    25.316;    88.447; 
 213;     2.221;    25.314;    88.447; 
 214;     2.216;    25.300;    88.447; 
 215;     2.209;    25.281;    88.447; 
 216;     2.200;    25.261;    88.447; 
 217;     2.197;    25.254;    88.447; 
 218;     2.197;    25.253;    88.447; 
 219;     2.196;    25.250;    88.447; 
 220;     2.194;    25.244;    88.447; 
 221;     2.190;    25.234;    88.447; 
 222;     2.182;    25.212;    88.447; 
 223;     2.178;    25.203;    88.447; 
 224;     2.174;    25.193;    88.447; 
 225;     2.172;    25.187;    88.447; 
 226;     2.170;    25.181;    88.447; 
 227;     2.168;    25.175;    88.447; 
 228;     2.164;    25.164;    88.447; 
 229;     2.159;    25.151;    88.447; 
 230;     2.157;    25.146;    88.447; 
 231;     2.150;    25.127;    88.447; 
 232;     2.146;    25.116;    88.447; 
 233;     2.145;    25.112;    88.447; 
 234;     2.141;    25.102;    88.447; 
 235;     2.140;    25.098;    88.447; 
 236;     2.132;    25.079;    88.447; 
 237;     2.128;    25.067;    88.447; 
 238;     2.127;    25.064;    88.447; 
 239;     2.125;    25.058;    88.447; 
 240;     2.123;    25.053;    88.447; 
 241;     2.121;    25.045;    88.447; 
 242;     2.120;    25.042;    88.447; 
 243;     2.115;    25.022;    88.447; 
 244;     2.109;    25.006;    88.447; 
 245;     2.105;    24.993;    88.447; 
 246;     2.101;    24.984;    88.447; 
 247;     2.099;    24.977;    88.447; 
 248;     2.095;    24.965;    88.447; 
 249;     2.092;    24.956;    88.447; 
 250;     2.089;    24.948;    88.447; 
 251;     2.087;    24.941;    88.447; 
 252;     2.084;    24.932;    88.447; 
 253;     2.082;    24.924;    88.447; 
 254;     2.080;    24.918;    88.447; 
 255;     2.080;    24.915;    88.447; 
 256;     2.074;    24.894;    88.447; 
 257;     2.071;    24.885;    88.447; 
 258;     2.066;    24.869;    88.447; 
 259;     2.064;    24.862;    88.447; 
 260;     2.061;    24.853;    88.447; 
 261;     2.057;    24.840;    88.447; 
 262;     2.053;    24.828;    88.447; 
 263;     2.049;    24.817;    88.447; 
 264;     2.042;    24.799;    88.447; 
 265;     2.032;    24.776;    88.447; 
 266;     2.024;    24.760;    88.447; 
 267;     2.020;    24.752;    88.447; 
 268;     2.010;    24.734;    88.447; 
 269;     1.992;    24.705;    88.447; 
 270;     1.979;    24.688;    88.447; 
 271;     1.956;    24.661;    88.447; 
 272;     1.873;    24.601;    88.447; 
 273;     1.776;    24.576;    88.447; 
 274;     1.726;    24.577;    88.447; 
 275;     1.714;    24.578;    88.447; 
 276;     1.704;    24.578;    88.447; 
 277;     1.691;    24.580;    88.447; 
 278;     1.676;    24.581;    88.447; 
 279;     1.668;    24.582;    88.447; 
 280;     1.661;    24.583;    88.447; 
 281;     1.655;    24.583;    88.447; 
 282;     1.646;    24.584;    88.447; 
 283;     1.639;    24.584;    88.447; 
 284;     1.631;    24.584;    88.447; 
 285;     1.627;    24.584;    88.447; 
 286;     1.609;    24.584;    88.447; 
 287;     1.587;    24.586;    88.447; 
 288;     1.567;    24.588;    88.447; 
 289;     1.562;    24.589;    88.447; 
 290;     1.556;    24.589;    88.447; 
 291;     1.545;    24.590;    88.447; 
 292;     1.533;    24.591;    88.447; 
 293;     1.521;    24.592;    88.447; 
 294;     1.514;    24.593;    88.447; 
 295;     1.509;    24.593;    88.447; 
 296;     1.506;    24.593;    88.447; 
 297;     1.497;    24.593;    88.447; 
 298;     1.478;    24.594;    88.447; 
 299;     1.462;    24.595;    88.447; 
 300;     1.452;    24.596;    88.447; 
 301;     1.444;    24.597;    88.447; 
 302;     1.434;    24.597;    88.447; 
 303;     1.423;    24.598;    88.447; 
 304;     1.409;    24.599;    88.447; 
 305;     1.396;    24.600;    88.447; 
 306;     1.380;    24.602;    88.447; 
 307;     1.364;    24.604;    88.447; 
 308;     1.345;    24.608;    88.447; 
 309;     1.263;    24.638;    88.447; 
 310;     1.174;    24.718;    88.447; 
 311;     1.131;    24.810;    88.447; 
 312;     1.129;    24.817;    88.447; 
 313;     1.127;    24.824;    88.447; 
 314;     1.123;    24.838;    88.447; 
 315;     1.118;    24.859;    88.447; 
 316;     1.115;    24.875;    88.447; 
 317;     1.113;    24.880;    88.447; 
 318;     1.112;    24.885;    88.447; 
 319;     1.109;    24.897;    88.447; 
 320;     1.107;    24.904;    88.447; 
 321;     1.103;    24.924;    88.447; 
 322;     1.100;    24.939;    88.447; 
 323;     1.097;    24.952;    88.447; 
 324;     1.096;    24.960;    88.447; 
 325;     1.094;    24.967;    88.447; 
 326;     1.092;    24.974;    88.447; 
 327;     1.091;    24.977;    88.447; 
 328;     1.089;    24.985;    88.447; 
 329;     1.088;    24.989;    88.447; 
 330;     1.081;    25.022;    88.447; 
 331;     1.078;    25.037;    88.447; 
 332;     1.077;    25.040;    88.447; 
 333;     1.074;    25.061;    88.447; 
 334;     1.070;    25.096;    88.447; 
 335;     1.070;    25.100;    88.447; 
 336;     1.070;    25.102;    88.447; 
 337;     1.069;    25.108;    88.447; 
 338;     1.068;    25.112;    88.447; 
 339;     1.067;    25.115;    88.447; 
 340;     1.066;    25.123;    88.447; 
 341;     1.064;    25.127;    88.447; 
 342;     1.063;    25.133;    88.447; 
 343;     1.061;    25.142;    88.447; 
 344;     1.057;    25.159;    88.447; 
 345;     1.052;    25.183;    88.447; 
 346;     1.049;    25.202;    88.447; 
 347;     1.048;    25.210;    88.447; 
 348;     1.047;    25.212;    88.447; 
 349;     1.046;    25.218;    88.447; 
 350;     1.045;    25.224;    88.447; 
 351;     1.042;    25.235;    88.447; 
 352;     1.041;    25.239;    88.447; 
 353;     1.038;    25.251;    88.447; 
 354;     1.035;    25.266;    88.447; 
 355;     1.033;    25.278;    88.447; 
 356;     1.031;    25.283;    88.447; 
 357;     1.028;    25.298;    88.447; 
 358;     1.027;    25.303;    88.447; 
 359;     1.024;    25.314;    88.447; 
 360;     1.021;    25.326;    88.447; 
 361;     1.019;    25.338;    88.447; 
 362;     1.017;    25.346;    88.447; 
 363;     1.014;    25.354;    88.447; 
 364;     1.012;    25.365;    88.447; 
 365;     1.010;    25.374;    88.447; 
 366;     1.008;    25.382;    88.447; 
 367;     1.004;    25.395;    88.447; 
 368;     1.002;    25.402;    88.447; 
 369;      .998;    25.419;    88.447; 
 370;      .997;    25.424;    88.447; 
 371;      .995;    25.432;    88.447; 
 372;      .992;    25.441;    88.447; 
 373;      .989;    25.454;    88.447; 
 374;      .986;    25.464;    88.447; 
 375;      .984;    25.472;    88.447; 
 376;      .981;    25.483;    88.447; 
 377;      .978;    25.491;    88.447; 
 378;      .975;    25.503;    88.447; 
 379;      .972;    25.516;    88.447; 
 380;      .968;    25.531;    88.447; 
 381;      .966;    25.540;    88.447; 
 382;      .964;    25.549;    88.447; 
 383;      .961;    25.559;    88.447; 
 384;      .959;    25.565;    88.447; 
 385;      .956;    25.575;    88.447; 
 386;      .954;    25.583;    88.447; 
 387;      .951;    25.595;    88.447; 
 388;      .948;    25.605;    88.447; 
 389;      .944;    25.617;    88.447; 
 390;      .942;    25.625;    88.447; 
 391;      .939;    25.636;    88.447; 
 392;      .936;    25.643;    88.447; 
 393;      .933;    25.655;    88.447; 
 394;      .931;    25.660;    88.447; 
 395;      .928;    25.672;    88.447; 
 396;      .926;    25.679;    88.447; 
 397;      .922;    25.690;    88.447; 
 398;      .919;    25.700;    88.447; 
 399;      .917;    25.707;    88.447; 
 400;      .913;    25.718;    88.447; 
 401;      .909;    25.730;    88.447; 
 402;      .904;    25.746;    88.447; 
 403;      .899;    25.765;    88.447; 
 404;      .897;    25.773;    88.447; 
 405;      .895;    25.783;    88.447; 
 406;      .893;    25.787;    88.447; 
 407;      .890;    25.797;    88.447; 
 408;      .887;    25.807;    88.447; 
 409;      .884;    25.816;    88.447; 
 410;      .882;    25.825;    88.447; 
 411;      .878;    25.836;    88.447; 
 412;      .876;    25.842;    88.447; 
 413;      .873;    25.852;    88.447; 
 414;      .869;    25.863;    88.447; 
 415;      .868;    25.868;    88.447; 
 416;      .863;    25.881;    88.447; 
 417;      .860;    25.890;    88.447; 
 418;      .856;    25.902;    88.447; 
 419;      .852;    25.917;    88.447; 
 420;      .849;    25.926;    88.447; 
 421;      .846;    25.935;    88.447; 
 422;      .844;    25.940;    88.447; 
 423;      .841;    25.949;    88.447; 
 424;      .838;    25.957;    88.447; 
 425;      .833;    25.973;    88.447; 
 426;      .830;    25.982;    88.447; 
 427;      .827;    25.992;    88.447; 
 428;      .823;    26.002;    88.447; 
 429;      .820;    26.011;    88.447; 
 430;      .818;    26.018;    88.447; 
 431;      .815;    26.028;    88.447; 
 432;      .811;    26.038;    88.447; 
 433;      .808;    26.047;    88.447; 
 434;      .804;    26.058;    88.447; 
 435;      .801;    26.067;    88.447; 
 436;      .797;    26.079;    88.447; 
 437;      .794;    26.087;    88.447; 
 438;      .789;    26.101;    88.447; 
 439;      .787;    26.107;    88.447; 
 440;      .785;    26.114;    88.447; 
 441;      .782;    26.122;    88.447; 
 442;      .777;    26.136;    88.447; 
 443;      .773;    26.145;    88.447; 
 444;      .770;    26.156;    88.447; 
 445;      .766;    26.165;    88.447; 
 446;      .762;    26.177;    88.447; 
 447;      .758;    26.188;    88.447; 
 448;      .756;    26.196;    88.447; 
 449;      .753;    26.204;    88.447; 
 450;      .749;    26.215;    88.447; 
 451;      .745;    26.225;    88.447; 
 452;      .743;    26.232;    88.447; 
 453;      .739;    26.242;    88.447; 
 454;      .736;    26.251;    88.447; 
 455;      .733;    26.259;    88.447; 
 456;      .726;    26.280;    88.447; 
 457;      .721;    26.294;    88.447; 
 458;      .719;    26.298;    88.447; 
 459;      .717;    26.304;    88.447; 
 460;      .715;    26.311;    88.447; 
 461;      .711;    26.320;    88.447; 
 462;      .708;    26.328;    88.447; 
 463;      .703;    26.340;    88.447; 
 464;      .701;    26.344;    88.447; 
 465;      .696;    26.358;    88.447; 
 466;      .692;    26.369;    88.447; 
 467;      .687;    26.381;    88.447; 
 468;      .683;    26.393;    88.447; 
 469;      .681;    26.397;    88.447; 
 470;      .676;    26.409;    88.447; 
 471;      .673;    26.418;    88.447; 
 472;      .670;    26.425;    88.447; 
 473;      .666;    26.435;    88.447; 
 474;      .661;    26.448;    88.447; 
 475;      .657;    26.459;    88.447; 
 476;      .653;    26.471;    88.447; 
 477;      .651;    26.475;    88.447; 
 478;      .647;    26.485;    88.447; 
 479;      .643;    26.494;    88.447; 
 480;      .640;    26.502;    88.447; 
 481;      .636;    26.512;    88.447; 
 482;      .633;    26.519;    88.447; 
 483;      .626;    26.537;    88.447; 
 484;      .624;    26.541;    88.447; 
 485;      .620;    26.551;    88.447; 
 486;      .616;    26.560;    88.447; 
 487;      .612;    26.569;    88.447; 
 488;      .606;    26.585;    88.447; 
 489;      .601;    26.598;    88.447; 
 490;      .599;    26.602;    88.447; 
 491;      .596;    26.609;    88.447; 
 492;      .592;    26.618;    88.447; 
 493;      .588;    26.629;    88.447; 
 494;      .583;    26.639;    88.447; 
 495;      .577;    26.655;    88.447; 
 496;      .574;    26.663;    88.447; 
 497;      .573;    26.666;    88.447; 
 498;      .569;    26.673;    88.447; 
 499;      .566;    26.681;    88.447; 
 500;      .561;    26.691;    88.447; 
 501;      .556;    26.703;    88.447; 
 502;      .547;    26.725;    88.447; 
 503;      .546;    26.729;    88.447; 
 504;      .544;    26.732;    88.447; 
 505;      .541;    26.738;    88.447; 
 506;      .539;    26.742;    88.447; 
 507;      .533;    26.755;    88.447; 
 508;      .529;    26.763;    88.447; 
 509;      .522;    26.779;    88.447; 
 510;      .518;    26.788;    88.447; 
 511;      .514;    26.796;    88.447; 
 512;      .512;    26.800;    88.447; 
 513;      .509;    26.806;    88.447; 
 514;      .508;    26.808;    88.447; 
 515;      .506;    26.810;    88.447; 
 516;      .503;    26.816;    88.447; 
 517;      .502;    26.816;    88.447; 
 518;      .498;    26.822;    88.447; 
 519;      .496;    26.825;    88.447; 
 520;      .495;    26.826;    88.447; 
 521;      .493;    26.828;    88.447; 
 522;      .489;    26.832;    88.447; 
 523;      .491;    26.830;    88.447; 
 524;      .485;    26.836;    88.447; 
 525;      .473;    26.848;    88.447; 
 526;      .473;    26.848;    88.447; 
 527;      .467;    26.853;    88.447; 
 528;      .466;    26.854;    88.447; 
 529;      .463;    26.856;    88.447; 
 530;      .462;    26.856;    88.447; 
 531;      .455;    26.862;    88.447; 
 532;      .453;    26.863;    88.447; 
 533;      .444;    26.869;    88.447; 
 534;      .440;    26.872;    88.447; 
 535;      .431;    26.877;    88.447; 
 536;      .428;    26.879;    88.447; 
 537;      .428;    26.878;    88.447; 
 538;      .423;    26.881;    88.447; 
 539;      .418;    26.883;    88.447; 
 540;      .410;    26.887;    88.447; 
 541;      .402;    26.890;    88.447; 
 542;      .399;    26.891;    88.447; 
 543;      .394;    26.893;    88.447; 
 544;      .394;    26.893;    88.447; 
 545;      .389;    26.894;    88.447; 
 546;      .382;    26.896;    88.447; 
 547;      .383;    26.896;    88.447; 
 548;      .376;    26.897;    88.447; 
 549;      .367;    26.899;    88.447; 
 550;      .362;    26.900;    88.447; 
 551;      .360;    26.900;    88.447; 
 552;      .352;    26.901;    88.447; 
 553;      .350;    26.901;    88.447; 
 554;      .348;    26.901;    88.447; 
 555;      .344;    26.901;    88.447; 
 556;      .339;    26.901;    88.447; 
 557;      .331;    26.901;    88.447; 
 558;      .317;    26.901;    88.447; 
 559;      .296;    26.902;    88.447; 
 560;      .288;    26.902;    88.447; 
 561;      .281;    26.902;    88.447; 
 562;      .271;    26.902;    88.447; 
 563;      .265;    26.902;    88.447; 
 564;      .256;    26.902;    88.447; 
 565;      .245;    26.902;    88.447; 
 566;      .233;    26.902;    88.447; 
 567;      .221;    26.902;    88.447; 
 568;      .210;    26.903;    88.447; 
 569;      .202;    26.903;    88.447; 
 570;      .198;    26.902;    88.447; 
 571;      .191;    26.902;    88.447; 
 572;      .176;    26.902;    88.447; 
 573;      .154;    26.902;    88.447; 
 574;      .140;    26.903;    88.447; 
 575;      .133;    26.903;    88.447; 
 576;      .130;    26.902;    88.447; 
 577;      .119;    26.902;    88.447; 
 578;      .105;    26.902;    88.447; 
 579;      .089;    26.903;    88.447; 
 580;      .078;    26.903;    88.447; 
 581;      .075;    26.903;    88.447; 
 582;      .068;    26.903;    88.447; 
 583;      .062;    26.903;    88.447; 
 584;      .047;    26.902;    88.447; 
 585;      .037;    26.902;    88.447; 
 586;      .023;    26.902;    88.447; 
 587;      .015;    26.902;    88.447; 
 588;      .010;    26.902;    88.447; 
 589;     -.011;    26.902;    88.447; 
 590;     -.031;    26.902;    88.447; 
 591;     -.038;    26.903;    88.447; 
 592;     -.050;    26.903;    88.447; 
 593;     -.059;    26.903;    88.447; 
 594;     -.064;    26.903;    88.447; 
 595;     -.071;    26.903;    88.447; 
 596;     -.076;    26.903;    88.447; 
 597;     -.087;    26.903;    88.447; 
 598;     -.105;    26.903;    88.447; 
 599;     -.125;    26.903;    88.447; 
 600;     -.135;    26.904;    88.447; 
 601;     -.140;    26.904;    88.447; 
 602;     -.146;    26.904;    88.447; 
 603;     -.155;    26.904;    88.447; 
 604;     -.167;    26.904;    88.447; 
 605;     -.179;    26.904;    88.447; 
 606;     -.187;    26.904;    88.447; 
 607;     -.192;    26.903;    88.447; 
 608;     -.197;    26.903;    88.447; 
 609;     -.201;    26.903;    88.447; 
 610;     -.205;    26.902;    88.447; 
 611;     -.210;    26.901;    88.447; 
 612;     -.218;    26.900;    88.447; 
 613;     -.222;    26.899;    88.447; 
 614;     -.226;    26.899;    88.447; 
 615;     -.232;    26.897;    88.447; 
 616;     -.236;    26.896;    88.447; 
 617;     -.240;    26.895;    88.447; 
 618;     -.247;    26.893;    88.447; 
 619;     -.252;    26.892;    88.447; 
 620;     -.256;    26.890;    88.447; 
 621;     -.259;    26.889;    88.447; 
 622;     -.261;    26.888;    88.447; 
 623;     -.265;    26.886;    88.447; 
 624;     -.265;    26.886;    88.447; 
 625;     -.267;    26.884;    88.447; 
 626;     -.273;    26.881;    88.447; 
 627;     -.282;    26.876;    88.447; 
 628;     -.286;    26.874;    88.447; 
 629;     -.296;    26.868;    88.447; 
 630;     -.303;    26.864;    88.447; 
 631;     -.309;    26.860;    88.447; 
 632;     -.308;    26.860;    88.447; 
 633;     -.312;    26.857;    88.447; 
 634;     -.315;    26.855;    88.447; 
 635;     -.318;    26.852;    88.447; 
 636;     -.319;    26.851;    88.447; 
 637;     -.321;    26.849;    88.447; 
 638;     -.324;    26.846;    88.447; 
 639;     -.328;    26.842;    88.447; 
 640;     -.330;    26.839;    88.447; 
 641;     -.337;    26.831;    88.447; 
 642;     -.341;    26.827;    88.447; 
 643;     -.344;    26.823;    88.447; 
 644;     -.346;    26.819;    88.447; 
 645;     -.349;    26.816;    88.447; 
 646;     -.351;    26.812;    88.447; 
 647;     -.354;    26.808;    88.447; 
 648;     -.357;    26.802;    88.447; 
 649;     -.359;    26.799;    88.447; 
 650;     -.365;    26.789;    88.447; 
 651;     -.365;    26.788;    88.447; 
 652;     -.369;    26.780;    88.447; 
 653;     -.372;    26.774;    88.447; 
 654;     -.375;    26.767;    88.447; 
 655;     -.379;    26.759;    88.447; 
 656;     -.384;    26.747;    88.447; 
 657;     -.389;    26.738;    88.447; 
 658;     -.394;    26.726;    88.447; 
 659;     -.396;    26.723;    88.447; 
 660;     -.400;    26.713;    88.447; 
 661;     -.402;    26.708;    88.447; 
 662;     -.406;    26.699;    88.447; 
 663;     -.408;    26.692;    88.447; 
 664;     -.411;    26.685;    88.447; 
 665;     -.417;    26.670;    88.447; 
 666;     -.422;    26.658;    88.447; 
 667;     -.425;    26.650;    88.447; 
 668;     -.427;    26.645;    88.447; 
 669;     -.428;    26.640;    88.447; 
 670;     -.431;    26.633;    88.447; 
 671;     -.434;    26.625;    88.447; 
 672;     -.439;    26.609;    88.447; 
 673;     -.450;    26.582;    88.447; 
 674;     -.460;    26.562;    88.447; 
 675;     -.464;    26.555;    88.447; 
 676;     -.466;    26.550;    88.447; 
 677;     -.467;    26.548;    88.447; 
 678;     -.470;    26.541;    88.447; 
 679;     -.473;    26.534;    88.447; 
 680;     -.476;    26.525;    88.447; 
 681;     -.481;    26.513;    88.447; 
 682;     -.484;    26.505;    88.447; 
 683;     -.490;    26.492;    88.447; 
 684;     -.494;    26.481;    88.447; 
 685;     -.496;    26.477;    88.447; 
 686;     -.499;    26.467;    88.447; 
 687;     -.503;    26.457;    88.447; 
 688;     -.507;    26.448;    88.447; 
 689;     -.512;    26.434;    88.447; 
 690;     -.515;    26.428;    88.447; 
 691;     -.518;    26.419;    88.447; 
 692;     -.522;    26.410;    88.447; 
 693;     -.528;    26.396;    88.447; 
 694;     -.530;    26.390;    88.447; 
 695;     -.534;    26.380;    88.447; 
 696;     -.538;    26.369;    88.447; 
 697;     -.541;    26.361;    88.447; 
 698;     -.544;    26.354;    88.447; 
 699;     -.549;    26.341;    88.447; 
 700;     -.554;    26.329;    88.447; 
 701;     -.558;    26.317;    88.447; 
 702;     -.561;    26.311;    88.447; 
 703;     -.564;    26.304;    88.447; 
 704;     -.567;    26.295;    88.447; 
 705;     -.571;    26.284;    88.447; 
 706;     -.574;    26.275;    88.447; 
 707;     -.577;    26.268;    88.447; 
 708;     -.581;    26.256;    88.447; 
 709;     -.585;    26.247;    88.447; 
 710;     -.590;    26.234;    88.447; 
 711;     -.593;    26.225;    88.447; 
 712;     -.597;    26.215;    88.447; 
 713;     -.600;    26.207;    88.447; 
 714;     -.604;    26.197;    88.447; 
 715;     -.608;    26.185;    88.447; 
 716;     -.612;    26.174;    88.447; 
 717;     -.616;    26.164;    88.447; 
 718;     -.618;    26.159;    88.447; 
 719;     -.623;    26.146;    88.447; 
 720;     -.624;    26.141;    88.447; 
 721;     -.629;    26.128;    88.447; 
 722;     -.632;    26.119;    88.447; 
 723;     -.636;    26.109;    88.447; 
 724;     -.640;    26.098;    88.447; 
 725;     -.644;    26.087;    88.447; 
 726;     -.646;    26.080;    88.447; 
 727;     -.650;    26.069;    88.447; 
 728;     -.653;    26.060;    88.447; 
 729;     -.655;    26.054;    88.447; 
 730;     -.659;    26.042;    88.447; 
 731;     -.665;    26.028;    88.447; 
 732;     -.667;    26.021;    88.447; 
 733;     -.671;    26.011;    88.447; 
 734;     -.674;    26.001;    88.447; 
 735;     -.677;    25.992;    88.447; 
 736;     -.681;    25.983;    88.447; 
 737;     -.683;    25.976;    88.447; 
 738;     -.686;    25.966;    88.447; 
 739;     -.691;    25.952;    88.447; 
 740;     -.693;    25.945;    88.447; 
 741;     -.698;    25.931;    88.447; 
 742;     -.702;    25.920;    88.447; 
 743;     -.704;    25.914;    88.447; 
 744;     -.707;    25.904;    88.447; 
 745;     -.710;    25.895;    88.447; 
 746;     -.715;    25.882;    88.447; 
 747;     -.717;    25.877;    88.447; 
 748;     -.720;    25.867;    88.447; 
 749;     -.724;    25.856;    88.447; 
 750;     -.727;    25.846;    88.447; 
 751;     -.731;    25.834;    88.447; 
 752;     -.733;    25.829;    88.447; 
 753;     -.736;    25.817;    88.447; 
 754;     -.739;    25.809;    88.447; 
 755;     -.741;    25.803;    88.447; 
 756;     -.743;    25.796;    88.447; 
 757;     -.747;    25.782;    88.447; 
 758;     -.750;    25.772;    88.447; 
 759;     -.754;    25.758;    88.447; 
 760;     -.758;    25.747;    88.447; 
 761;     -.760;    25.740;    88.447; 
 762;     -.765;    25.726;    88.447; 
 763;     -.768;    25.715;    88.447; 
 764;     -.772;    25.704;    88.447; 
 765;     -.774;    25.697;    88.447; 
 766;     -.776;    25.689;    88.447; 
 767;     -.782;    25.673;    88.447; 
 768;     -.783;    25.669;    88.447; 
 769;     -.785;    25.661;    88.447; 
 770;     -.787;    25.654;    88.447; 
 771;     -.788;    25.649;    88.447; 
 772;     -.792;    25.634;    88.447; 
 773;     -.797;    25.620;    88.447; 
 774;     -.801;    25.606;    88.447; 
 775;     -.804;    25.597;    88.447; 
 776;     -.805;    25.592;    88.447; 
 777;     -.809;    25.579;    88.447; 
 778;     -.811;    25.571;    88.447; 
 779;     -.815;    25.559;    88.447; 
 780;     -.818;    25.551;    88.447; 
 781;     -.821;    25.540;    88.447; 
 782;     -.823;    25.533;    88.447; 
 783;     -.826;    25.521;    88.447; 
 784;     -.828;    25.513;    88.447; 
 785;     -.832;    25.499;    88.447; 
 786;     -.834;    25.491;    88.447; 
 787;     -.838;    25.479;    88.447; 
 788;     -.840;    25.472;    88.447; 
 789;     -.842;    25.464;    88.447; 
 790;     -.845;    25.454;    88.447; 
 791;     -.847;    25.447;    88.447; 
 792;     -.850;    25.435;    88.447; 
 793;     -.852;    25.425;    88.447; 
 794;     -.854;    25.418;    88.447; 
 795;     -.858;    25.403;    88.447; 
 796;     -.859;    25.399;    88.447; 
 797;     -.863;    25.384;    88.447; 
 798;     -.866;    25.373;    88.447; 
 799;     -.869;    25.360;    88.447; 
 800;     -.872;    25.350;    88.447; 
 801;     -.874;    25.342;    88.447; 
 802;     -.877;    25.332;    88.447; 
 803;     -.879;    25.325;    88.447; 
 804;     -.881;    25.315;    88.447; 
 805;     -.883;    25.307;    88.447; 
 806;     -.886;    25.296;    88.447; 
 807;     -.888;    25.286;    88.447; 
 808;     -.892;    25.272;    88.447; 
 809;     -.893;    25.266;    88.447; 
 810;     -.896;    25.253;    88.447; 
 811;     -.898;    25.244;    88.447; 
 812;     -.901;    25.234;    88.447; 
 813;     -.902;    25.227;    88.447; 
 814;     -.904;    25.218;    88.447; 
 815;     -.906;    25.208;    88.447; 
 816;     -.909;    25.197;    88.447; 
 817;     -.912;    25.186;    88.447; 
 818;     -.913;    25.180;    88.447; 
 819;     -.916;    25.167;    88.447; 
 820;     -.917;    25.159;    88.447; 
 821;     -.920;    25.146;    88.447; 
 822;     -.923;    25.133;    88.447; 
 823;     -.925;    25.123;    88.447; 
 824;     -.928;    25.114;    88.447; 
 825;     -.930;    25.103;    88.447; 
 826;     -.932;    25.097;    88.447; 
 827;     -.934;    25.088;    88.447; 
 828;     -.935;    25.081;    88.447; 
 829;     -.936;    25.074;    88.447; 
 830;     -.937;    25.070;    88.447; 
 831;     -.938;    25.062;    88.447; 
 832;     -.938;    25.056;    88.447; 
 833;     -.939;    25.047;    88.447; 
 834;     -.943;    25.025;    88.447; 
 835;     -.945;    25.010;    88.447; 
 836;     -.949;    24.993;    88.447; 
 837;     -.952;    24.981;    88.447; 
 838;     -.954;    24.969;    88.447; 
 839;     -.957;    24.957;    88.447; 
 840;     -.960;    24.945;    88.447; 
 841;     -.962;    24.939;    88.447; 
 842;     -.962;    24.934;    88.447; 
 843;     -.964;    24.927;    88.447; 
 844;     -.967;    24.913;    88.447; 
 845;     -.969;    24.903;    88.447; 
 846;     -.970;    24.895;    88.447; 
 847;     -.972;    24.884;    88.447; 
 848;     -.975;    24.871;    88.447; 
 849;     -.977;    24.862;    88.447; 
 850;     -.981;    24.844;    88.447; 
 851;     -.987;    24.823;    88.447; 
 852;     -.995;    24.799;    88.447; 
 853;    -1.005;    24.774;    88.447; 
 854;    -1.013;    24.757;    88.447; 
 855;    -1.025;    24.735;    88.447; 
 856;    -1.151;    24.623;    88.447; 
 857;    -1.227;    24.602;    88.447; 
 858;    -1.251;    24.600;    88.447; 
 859;    -1.267;    24.599;    88.447; 
 860;    -1.282;    24.598;    88.447; 
 861;    -1.285;    24.598;    88.447; 
 862;    -1.288;    24.597;    88.447; 
 863;    -1.295;    24.596;    88.447; 
 864;    -1.306;    24.595;    88.447; 
 865;    -1.326;    24.593;    88.447; 
 866;    -1.355;    24.592;    88.447; 
 867;    -1.366;    24.592;    88.447; 
 868;    -1.374;    24.592;    88.447; 
 869;    -1.381;    24.592;    88.447; 
 870;    -1.389;    24.592;    88.447; 
 871;    -1.396;    24.591;    88.447; 
 872;    -1.402;    24.591;    88.447; 
 873;    -1.409;    24.590;    88.447; 
 874;    -1.416;    24.590;    88.447; 
 875;    -1.426;    24.589;    88.447; 
 876;    -1.433;    24.588;    88.447; 
 877;    -1.455;    24.586;    88.447; 
 878;    -1.474;    24.586;    88.447; 
 879;    -1.485;    24.585;    88.447; 
 880;    -1.501;    24.585;    88.447; 
 881;    -1.508;    24.585;    88.447; 
 882;    -1.515;    24.585;    88.447; 
 883;    -1.530;    24.584;    88.447; 
 884;    -1.532;    24.584;    88.447; 
 885;    -1.541;    24.584;    88.447; 
 886;    -1.552;    24.583;    88.447; 
 887;    -1.562;    24.582;    88.447; 
 888;    -1.572;    24.582;    88.447; 
 889;    -1.585;    24.581;    88.447; 
 890;    -1.597;    24.580;    88.447; 
 891;    -1.607;    24.580;    88.447; 
 892;    -1.660;    24.583;    88.447; 
 893;    -1.746;    24.609;    88.447; 
 894;    -1.860;    24.717;    88.447; 
 895;    -1.884;    24.765;    88.447; 
 896;    -1.890;    24.778;    88.447; 
 897;    -1.893;    24.785;    88.447; 
 898;    -1.896;    24.793;    88.447; 
 899;    -1.904;    24.813;    88.447; 
 900;    -1.910;    24.830;    88.447; 
 901;    -1.914;    24.841;    88.447; 
 902;    -1.918;    24.854;    88.447; 
 903;    -1.922;    24.867;    88.447; 
 904;    -1.927;    24.882;    88.447; 
 905;    -1.928;    24.886;    88.447; 
 906;    -1.932;    24.899;    88.447; 
 907;    -1.935;    24.909;    88.447; 
 908;    -1.937;    24.916;    88.447; 
 909;    -1.940;    24.925;    88.447; 
 910;    -1.943;    24.932;    88.447; 
 911;    -1.947;    24.946;    88.447; 
 912;    -1.951;    24.956;    88.447; 
 913;    -1.956;    24.972;    88.447; 
 914;    -1.959;    24.983;    88.447; 
 915;    -1.961;    24.989;    88.447; 
 916;    -1.964;    25.000;    88.447; 
 917;    -1.966;    25.005;    88.447; 
 918;    -1.969;    25.013;    88.447; 
 919;    -1.969;    25.014;    88.447; 
 920;    -1.972;    25.020;    88.447; 
 921;    -1.975;    25.028;    88.447; 
 922;    -1.984;    25.051;    88.447; 
 923;    -1.991;    25.077;    88.447; 
 924;    -1.996;    25.094;    88.447; 
 925;    -1.997;    25.099;    88.447; 
 926;    -1.998;    25.103;    88.447; 
 927;    -2.000;    25.107;    88.447; 
 928;    -2.002;    25.115;    88.447; 
 929;    -2.005;    25.121;    88.447; 
 930;    -2.008;    25.131;    88.447; 
 931;    -2.012;    25.143;    88.447; 
 932;    -2.015;    25.151;    88.447; 
 933;    -2.019;    25.161;    88.447; 
 934;    -2.021;    25.167;    88.447; 
 935;    -2.025;    25.178;    88.447; 
 936;    -2.030;    25.194;    88.447; 
 937;    -2.032;    25.199;    88.447; 
 938;    -2.037;    25.212;    88.447; 
 939;    -2.040;    25.222;    88.447; 
 940;    -2.043;    25.230;    88.447; 
 941;    -2.047;    25.240;    88.447; 
 942;    -2.050;    25.249;    88.447; 
 943;    -2.053;    25.258;    88.447; 
 944;    -2.057;    25.268;    88.447; 
 945;    -2.061;    25.279;    88.447; 
 946;    -2.064;    25.286;    88.447; 
 947;    -2.068;    25.296;    88.447; 
 948;    -2.072;    25.306;    88.447; 
 949;    -2.075;    25.316;    88.447; 
 950;    -2.077;    25.320;    88.447; 
 951;    -2.081;    25.331;    88.447; 
 952;    -2.086;    25.342;    88.447; 
 953;    -2.090;    25.353;    88.447; 
 954;    -2.094;    25.362;    88.447; 
 955;    -2.098;    25.374;    88.447; 
 956;    -2.103;    25.385;    88.447; 
 957;    -2.106;    25.393;    88.447; 
 958;    -2.109;    25.403;    88.447; 
 959;    -2.113;    25.413;    88.447; 
 960;    -2.116;    25.420;    88.447; 
 961;    -2.122;    25.436;    88.447; 
 962;    -2.124;    25.440;    88.447; 
 963;    -2.130;    25.457;    88.447; 
 964;    -2.132;    25.462;    88.447; 
 965;    -2.135;    25.469;    88.447; 
 966;    -2.138;    25.476;    88.447; 
 967;    -2.142;    25.486;    88.447; 
 968;    -2.145;    25.492;    88.447; 
 969;    -2.148;    25.497;    88.447; 
 970;    -2.153;    25.510;    88.447; 
 971;    -2.157;    25.518;    88.447; 
 972;    -2.166;    25.539;    88.447; 
 973;    -2.172;    25.556;    88.447; 
 974;    -2.175;    25.564;    88.447; 
 975;    -2.178;    25.571;    88.447; 
 976;    -2.182;    25.582;    88.447; 
 977;    -2.185;    25.588;    88.447; 
 978;    -2.187;    25.594;    88.447; 
 979;    -2.191;    25.602;    88.447; 
 980;    -2.195;    25.612;    88.447; 
 981;    -2.198;    25.618;    88.447; 
 982;    -2.201;    25.626;    88.447; 
 983;    -2.205;    25.632;    88.447; 
 984;    -2.213;    25.651;    88.447; 
 985;    -2.220;    25.668;    88.447; 
 986;    -2.224;    25.679;    88.447; 
 987;    -2.226;    25.684;    88.447; 
 988;    -2.231;    25.696;    88.447; 
 989;    -2.234;    25.703;    88.447; 
 990;    -2.236;    25.709;    88.447; 
 991;    -2.241;    25.718;    88.447; 
 992;    -2.244;    25.725;    88.447; 
 993;    -2.248;    25.734;    88.447; 
 994;    -2.252;    25.742;    88.447; 
 995;    -2.257;    25.753;    88.447; 
 996;    -2.261;    25.762;    88.447; 
 997;    -2.263;    25.767;    88.447; 
 998;    -2.267;    25.774;    88.447; 
 999;    -2.273;    25.787;    88.447; 
1000;    -2.278;    25.799;    88.447; 
1001;    -2.283;    25.810;    88.447; 
1002;    -2.289;    25.822;    88.447; 
1003;    -2.293;    25.832;    88.447; 
1004;    -2.298;    25.841;    88.447; 
1005;    -2.302;    25.851;    88.447; 
1006;    -2.304;    25.855;    88.447; 
1007;    -2.310;    25.870;    88.447; 
1008;    -2.314;    25.877;    88.447; 
1009;    -2.318;    25.886;    88.447; 
1010;    -2.323;    25.896;    88.447; 
1011;    -2.327;    25.905;    88.447; 
1012;    -2.332;    25.917;    88.447; 
1013;    -2.335;    25.924;    88.447; 
1014;    -2.337;    25.927;    88.447; 
1015;    -2.339;    25.931;    88.447; 
1016;    -2.346;    25.944;    88.447; 
1017;    -2.355;    25.962;    88.447; 
1018;    -2.360;    25.975;    88.447; 
1019;    -2.364;    25.982;    88.447; 
1020;    -2.368;    25.992;    88.447; 
1021;    -2.373;    26.003;    88.447; 
1022;    -2.377;    26.010;    88.447; 
1023;    -2.380;    26.016;    88.447; 
1024;    -2.385;    26.028;    88.447; 
1025;    -2.390;    26.036;    88.447; 
1026;    -2.395;    26.047;    88.447; 
1027;    -2.399;    26.057;    88.447; 
1028;    -2.404;    26.067;    88.447; 
1029;    -2.407;    26.073;    88.447; 
1030;    -2.412;    26.082;    88.447; 
1031;    -2.415;    26.088;    88.447; 
1032;    -2.421;    26.099;    88.447; 
1033;    -2.426;    26.109;    88.447; 
1034;    -2.432;    26.122;    88.447; 
1035;    -2.435;    26.127;    88.447; 
1036;    -2.441;    26.140;    88.447; 
1037;    -2.446;    26.150;    88.447; 
1038;    -2.447;    26.152;    88.447; 
1039;    -2.452;    26.161;    88.447; 
1040;    -2.458;    26.172;    88.447; 
1041;    -2.464;    26.184;    88.447; 
1042;    -2.470;    26.194;    88.447; 
1043;    -2.474;    26.202;    88.447; 
1044;    -2.480;    26.215;    88.447; 
1045;    -2.486;    26.226;    88.447; 
1046;    -2.492;    26.240;    88.447; 
1047;    -2.497;    26.250;    88.447; 
1048;    -2.500;    26.256;    88.447; 
1049;    -2.504;    26.265;    88.447; 
1050;    -2.506;    26.267;    88.447; 
1051;    -2.510;    26.275;    88.447; 
1052;    -2.514;    26.282;    88.447; 
1053;    -2.518;    26.289;    88.447; 
1054;    -2.528;    26.307;    88.447; 
1055;    -2.534;    26.320;    88.447; 
1056;    -2.539;    26.330;    88.447; 
1057;    -2.542;    26.336;    88.447; 
1058;    -2.547;    26.345;    88.447; 
1059;    -2.550;    26.351;    88.447; 
1060;    -2.555;    26.360;    88.447; 
1061;    -2.560;    26.370;    88.447; 
1062;    -2.566;    26.381;    88.447; 
1063;    -2.572;    26.393;    88.447; 
1064;    -2.576;    26.400;    88.447; 
1065;    -2.582;    26.411;    88.447; 
1066;    -2.585;    26.417;    88.447; 
1067;    -2.588;    26.423;    88.447; 
1068;    -2.593;    26.431;    88.447; 
1069;    -2.597;    26.439;    88.447; 
1070;    -2.602;    26.447;    88.447; 
1071;    -2.605;    26.451;    88.447; 
1072;    -2.609;    26.458;    88.447; 
1073;    -2.615;    26.468;    88.447; 
1074;    -2.626;    26.487;    88.447; 
1075;    -2.634;    26.503;    88.447; 
1076;    -2.639;    26.512;    88.447; 
1077;    -2.641;    26.516;    88.447; 
1078;    -2.645;    26.522;    88.447; 
1079;    -2.646;    26.524;    88.447; 
1080;    -2.651;    26.533;    88.447; 
1081;    -2.656;    26.539;    88.447; 
1082;    -2.659;    26.544;    88.447; 
1083;    -2.669;    26.561;    88.447; 
1084;    -2.679;    26.578;    88.447; 
1085;    -2.685;    26.589;    88.447; 
1086;    -2.686;    26.590;    88.447; 
1087;    -2.688;    26.594;    88.447; 
1088;    -2.691;    26.597;    88.447; 
1089;    -2.692;    26.599;    88.447; 
1090;    -2.698;    26.607;    88.447; 
1091;    -2.716;    26.637;    88.447; 
1092;    -2.724;    26.651;    88.447; 
1093;    -2.729;    26.661;    88.447; 
1094;    -2.730;    26.662;    88.447; 
1095;    -2.731;    26.663;    88.447; 
1096;    -2.730;    26.661;    88.447; 
1097;    -2.734;    26.665;    88.447; 
1098;    -2.734;    26.665;    88.447; 
1099;    -2.738;    26.670;    88.447; 
1100;    -2.741;    26.673;    88.447; 
1101;    -2.743;    26.675;    88.447; 
1102;    -2.744;    26.676;    88.447; 
1103;    -2.749;    26.680;    88.447; 
1104;    -2.753;    26.684;    88.447; 
1105;    -2.757;    26.687;    88.447; 
1106;    -2.758;    26.687;    88.447; 
1107;    -2.775;    26.701;    88.447; 
1108;    -2.789;    26.714;    88.447; 
1109;    -2.790;    26.715;    88.447; 
1110;    -2.791;    26.715;    88.447; 
1111;    -2.794;    26.717;    88.447; 
1112;    -2.794;    26.717;    88.447; 
1113;    -2.801;    26.721;    88.447; 
1114;    -2.808;    26.726;    88.447; 
1115;    -2.810;    26.726;    88.447; 
1116;    -2.808;    26.725;    88.447; 
1117;    -2.815;    26.728;    88.447; 
1118;    -2.816;    26.728;    88.447; 
1119;    -2.815;    26.728;    88.447; 
1120;    -2.818;    26.729;    88.447; 
1121;    -2.820;    26.730;    88.447; 
1122;    -2.822;    26.730;    88.447; 
1123;    -2.825;    26.730;    88.447; 
1124;    -2.828;    26.731;    88.447; 
1125;    -2.829;    26.731;    88.447; 
1126;    -2.834;    26.731;    88.447; 
1127;    -2.841;    26.732;    88.447; 
1128;    -2.846;    26.732;    88.447; 
1129;    -2.853;    26.733;    88.447; 
1130;    -2.864;    26.733;    88.447; 
1131;    -2.876;    26.734;    88.447; 
1132;    -2.891;    26.736;    88.447; 
1133;    -2.907;    26.737;    88.447; 
1134;    -2.911;    26.738;    88.447; 
1135;    -2.916;    26.738;    88.447; 
1136;    -2.920;    26.738;    88.447; 
1137;    -2.926;    26.738;    88.447; 
1138;    -2.936;    26.738;    88.447; 
1139;    -2.945;    26.738;    88.447; 
1140;    -2.953;    26.738;    88.447; 
1141;    -2.965;    26.738;    88.447; 
1142;    -2.970;    26.738;    88.447; 
