[A]
   1;     3.424;    26.820;    88.447; 
   2;     3.413;    26.821;    88.447; 
   3;     3.402;    26.823;    88.447; 
   4;     3.396;    26.824;    88.447; 
   5;     3.389;    26.825;    88.447; 
   6;     3.382;    26.826;    88.447; 
   7;     3.372;    26.827;    88.447; 
   8;     3.361;    26.828;    88.447; 
   9;     3.350;    26.830;    88.447; 
  10;     3.340;    26.831;    88.447; 
  11;     3.327;    26.833;    88.447; 
  12;     3.320;    26.833;    88.447; 
  13;     3.308;    26.835;    88.447; 
  14;     3.298;    26.836;    88.447; 
  15;     3.287;    26.837;    88.447; 
  16;     3.277;    26.839;    88.447; 
  17;     3.264;    26.840;    88.447; 
  18;     3.250;    26.842;    88.447; 
  19;     3.239;    26.844;    88.447; 
  20;     3.230;    26.845;    88.447; 
  21;     3.228;    26.845;    88.447; 
  22;     3.222;    26.846;    88.447; 
  23;     3.215;    26.846;    88.447; 
  24;     3.211;    26.846;    88.447; 
  25;     3.190;    26.848;    88.447; 
  26;     3.152;    26.854;    88.447; 
  27;     3.135;    26.858;    88.447; 
  28;     3.124;    26.861;    88.447; 
  29;     3.120;    26.861;    88.447; 
  30;     3.117;    26.862;    88.447; 
  31;     3.113;    26.862;    88.447; 
  32;     3.107;    26.863;    88.447; 
  33;     3.101;    26.864;    88.447; 
  34;     3.093;    26.864;    88.447; 
  35;     3.087;    26.865;    88.447; 
  36;     3.081;    26.865;    88.447; 
  37;     3.075;    26.865;    88.447; 
  38;     3.074;    26.865;    88.447; 
  39;     3.071;    26.865;    88.447; 
  40;     3.062;    26.865;    88.447; 
  41;     3.058;    26.865;    88.447; 
  42;     3.048;    26.864;    88.447; 
  43;     3.040;    26.863;    88.447; 
  44;     3.037;    26.863;    88.447; 
  45;     3.034;    26.863;    88.447; 
  46;     3.028;    26.862;    88.447; 
  47;     3.027;    26.861;    88.447; 
  48;     3.021;    26.860;    88.447; 
  49;     3.019;    26.859;    88.447; 
  50;     3.013;    26.858;    88.447; 
  51;     3.003;    26.855;    88.447; 
  52;     2.998;    26.854;    88.447; 
  53;     2.994;    26.852;    88.447; 
  54;     2.991;    26.851;    88.447; 
  55;     2.986;    26.849;    88.447; 
  56;     2.977;    26.846;    88.447; 
  57;     2.973;    26.844;    88.447; 
  58;     2.969;    26.842;    88.447; 
  59;     2.964;    26.840;    88.447; 
  60;     2.959;    26.837;    88.447; 
  61;     2.956;    26.836;    88.447; 
  62;     2.951;    26.833;    88.447; 
  63;     2.951;    26.833;    88.447; 
  64;     2.947;    26.830;    88.447; 
  65;     2.947;    26.830;    88.447; 
  66;     2.942;    26.826;    88.447; 
  67;     2.941;    26.825;    88.447; 
  68;     2.940;    26.824;    88.447; 
  69;     2.930;    26.816;    88.447; 
  70;     2.928;    26.814;    88.447; 
  71;     2.926;    26.812;    88.447; 
  72;     2.923;    26.808;    88.447; 
  73;     2.920;    26.806;    88.447; 
  74;     2.917;    26.802;    88.447; 
  75;     2.913;    26.798;    88.447; 
  76;     2.910;    26.793;    88.447; 
  77;     2.905;    26.788;    88.447; 
  78;     2.902;    26.784;    88.447; 
  79;     2.898;    26.778;    88.447; 
  80;     2.895;    26.774;    88.447; 
  81;     2.891;    26.768;    88.447; 
  82;     2.888;    26.763;    88.447; 
  83;     2.885;    26.758;    88.447; 
  84;     2.883;    26.755;    88.447; 
  85;     2.880;    26.749;    88.447; 
  86;     2.871;    26.734;    88.447; 
  87;     2.861;    26.718;    88.447; 
  88;     2.854;    26.706;    88.447; 
  89;     2.851;    26.701;    88.447; 
  90;     2.848;    26.696;    88.447; 
  91;     2.845;    26.690;    88.447; 
  92;     2.840;    26.682;    88.447; 
  93;     2.836;    26.674;    88.447; 
  94;     2.828;    26.661;    88.447; 
  95;     2.822;    26.651;    88.447; 
  96;     2.817;    26.641;    88.447; 
  97;     2.812;    26.633;    88.447; 
  98;     2.809;    26.628;    88.447; 
  99;     2.802;    26.615;    88.447; 
 100;     2.798;    26.608;    88.447; 
 101;     2.791;    26.596;    88.447; 
 102;     2.785;    26.586;    88.447; 
 103;     2.781;    26.579;    88.447; 
 104;     2.776;    26.570;    88.447; 
 105;     2.769;    26.558;    88.447; 
 106;     2.767;    26.555;    88.447; 
 107;     2.763;    26.548;    88.447; 
 108;     2.760;    26.542;    88.447; 
 109;     2.755;    26.532;    88.447; 
 110;     2.744;    26.513;    88.447; 
 111;     2.741;    26.507;    88.447; 
 112;     2.732;    26.492;    88.447; 
 113;     2.728;    26.486;    88.447; 
 114;     2.724;    26.478;    88.447; 
 115;     2.719;    26.470;    88.447; 
 116;     2.715;    26.462;    88.447; 
 117;     2.709;    26.452;    88.447; 
 118;     2.707;    26.448;    88.447; 
 119;     2.703;    26.440;    88.447; 
 120;     2.697;    26.429;    88.447; 
 121;     2.690;    26.416;    88.447; 
 122;     2.685;    26.407;    88.447; 
 123;     2.677;    26.394;    88.447; 
 124;     2.673;    26.386;    88.447; 
 125;     2.669;    26.380;    88.447; 
 126;     2.667;    26.375;    88.447; 
 127;     2.662;    26.366;    88.447; 
 128;     2.655;    26.353;    88.447; 
 129;     2.650;    26.344;    88.447; 
 130;     2.646;    26.337;    88.447; 
 131;     2.640;    26.325;    88.447; 
 132;     2.635;    26.317;    88.447; 
 133;     2.631;    26.309;    88.447; 
 134;     2.626;    26.299;    88.447; 
 135;     2.621;    26.291;    88.447; 
 136;     2.617;    26.282;    88.447; 
 137;     2.612;    26.273;    88.447; 
 138;     2.610;    26.268;    88.447; 
 139;     2.606;    26.260;    88.447; 
 140;     2.600;    26.248;    88.447; 
 141;     2.594;    26.237;    88.447; 
 142;     2.588;    26.225;    88.447; 
 143;     2.583;    26.216;    88.447; 
 144;     2.576;    26.204;    88.447; 
 145;     2.572;    26.195;    88.447; 
 146;     2.566;    26.184;    88.447; 
 147;     2.563;    26.178;    88.447; 
 148;     2.558;    26.169;    88.447; 
 149;     2.555;    26.164;    88.447; 
 150;     2.552;    26.157;    88.447; 
 151;     2.545;    26.144;    88.447; 
 152;     2.541;    26.135;    88.447; 
 153;     2.537;    26.126;    88.447; 
 154;     2.530;    26.114;    88.447; 
 155;     2.527;    26.107;    88.447; 
 156;     2.522;    26.098;    88.447; 
 157;     2.521;    26.094;    88.447; 
 158;     2.516;    26.084;    88.447; 
 159;     2.508;    26.069;    88.447; 
 160;     2.501;    26.056;    88.447; 
 161;     2.496;    26.045;    88.447; 
 162;     2.490;    26.035;    88.447; 
 163;     2.487;    26.029;    88.447; 
 164;     2.484;    26.022;    88.447; 
 165;     2.480;    26.014;    88.447; 
 166;     2.476;    26.006;    88.447; 
 167;     2.472;    25.999;    88.447; 
 168;     2.467;    25.987;    88.447; 
 169;     2.461;    25.975;    88.447; 
 170;     2.456;    25.965;    88.447; 
 171;     2.453;    25.959;    88.447; 
 172;     2.447;    25.948;    88.447; 
 173;     2.442;    25.936;    88.447; 
 174;     2.439;    25.931;    88.447; 
 175;     2.433;    25.918;    88.447; 
 176;     2.431;    25.914;    88.447; 
 177;     2.425;    25.901;    88.447; 
 178;     2.422;    25.896;    88.447; 
 179;     2.418;    25.886;    88.447; 
 180;     2.412;    25.874;    88.447; 
 181;     2.409;    25.867;    88.447; 
 182;     2.404;    25.856;    88.447; 
 183;     2.398;    25.845;    88.447; 
 184;     2.393;    25.834;    88.447; 
 185;     2.389;    25.826;    88.447; 
 186;     2.384;    25.814;    88.447; 
 187;     2.380;    25.807;    88.447; 
 188;     2.377;    25.800;    88.447; 
 189;     2.373;    25.792;    88.447; 
 190;     2.368;    25.780;    88.447; 
 191;     2.365;    25.774;    88.447; 
 192;     2.361;    25.764;    88.447; 
 193;     2.355;    25.752;    88.447; 
 194;     2.353;    25.746;    88.447; 
 195;     2.348;    25.735;    88.447; 
 196;     2.342;    25.723;    88.447; 
 197;     2.336;    25.711;    88.447; 
 198;     2.334;    25.705;    88.447; 
 199;     2.329;    25.694;    88.447; 
 200;     2.327;    25.691;    88.447; 
 201;     2.323;    25.681;    88.447; 
 202;     2.321;    25.676;    88.447; 
 203;     2.316;    25.663;    88.447; 
 204;     2.311;    25.651;    88.447; 
 205;     2.305;    25.639;    88.447; 
 206;     2.302;    25.631;    88.447; 
 207;     2.296;    25.618;    88.447; 
 208;     2.292;    25.609;    88.447; 
 209;     2.288;    25.600;    88.447; 
 210;     2.286;    25.595;    88.447; 
 211;     2.283;    25.587;    88.447; 
 212;     2.279;    25.578;    88.447; 
 213;     2.275;    25.568;    88.447; 
 214;     2.271;    25.558;    88.447; 
 215;     2.268;    25.551;    88.447; 
 216;     2.262;    25.537;    88.447; 
 217;     2.258;    25.527;    88.447; 
 218;     2.253;    25.516;    88.447; 
 219;     2.248;    25.504;    88.447; 
 220;     2.245;    25.497;    88.447; 
 221;     2.243;    25.492;    88.447; 
 222;     2.240;    25.484;    88.447; 
 223;     2.236;    25.474;    88.447; 
 224;     2.233;    25.467;    88.447; 
 225;     2.228;    25.454;    88.447; 
 226;     2.221;    25.437;    88.447; 
 227;     2.216;    25.426;    88.447; 
 228;     2.213;    25.418;    88.447; 
 229;     2.207;    25.405;    88.447; 
 230;     2.206;    25.402;    88.447; 
 231;     2.202;    25.392;    88.447; 
 232;     2.200;    25.385;    88.447; 
 233;     2.197;    25.377;    88.447; 
 234;     2.193;    25.367;    88.447; 
 235;     2.189;    25.356;    88.447; 
 236;     2.184;    25.345;    88.447; 
 237;     2.180;    25.333;    88.447; 
 238;     2.176;    25.325;    88.447; 
 239;     2.175;    25.319;    88.447; 
 240;     2.170;    25.308;    88.447; 
 241;     2.166;    25.296;    88.447; 
 242;     2.163;    25.287;    88.447; 
 243;     2.158;    25.276;    88.447; 
 244;     2.154;    25.264;    88.447; 
 245;     2.151;    25.256;    88.447; 
 246;     2.146;    25.245;    88.447; 
 247;     2.143;    25.236;    88.447; 
 248;     2.142;    25.233;    88.447; 
 249;     2.139;    25.224;    88.447; 
 250;     2.137;    25.216;    88.447; 
 251;     2.132;    25.204;    88.447; 
 252;     2.128;    25.192;    88.447; 
 253;     2.127;    25.187;    88.447; 
 254;     2.124;    25.179;    88.447; 
 255;     2.124;    25.179;    88.447; 
 256;     2.122;    25.170;    88.447; 
 257;     2.120;    25.161;    88.447; 
 258;     2.115;    25.144;    88.447; 
 259;     2.102;    25.110;    88.447; 
 260;     2.097;    25.098;    88.447; 
 261;     2.095;    25.093;    88.447; 
 262;     2.095;    25.092;    88.447; 
 263;     2.096;    25.093;    88.447; 
 264;     2.094;    25.086;    88.447; 
 265;     2.093;    25.081;    88.447; 
 266;     2.091;    25.074;    88.447; 
 267;     2.089;    25.066;    88.447; 
 268;     2.086;    25.053;    88.447; 
 269;     2.077;    25.024;    88.447; 
 270;     2.070;    25.006;    88.447; 
 271;     2.066;    24.994;    88.447; 
 272;     2.063;    24.987;    88.447; 
 273;     2.061;    24.979;    88.447; 
 274;     2.058;    24.973;    88.447; 
 275;     2.053;    24.957;    88.447; 
 276;     2.043;    24.934;    88.447; 
 277;     2.039;    24.924;    88.447; 
 278;     2.033;    24.912;    88.447; 
 279;     2.017;    24.881;    88.447; 
 280;     2.012;    24.873;    88.447; 
 281;     2.007;    24.864;    88.447; 
 282;     2.005;    24.860;    88.447; 
 283;     1.976;    24.816;    88.447; 
 284;     1.887;    24.743;    88.447; 
 285;     1.806;    24.716;    88.447; 
 286;     1.765;    24.712;    88.447; 
 287;     1.717;    24.713;    88.447; 
 288;     1.695;    24.716;    88.447; 
 289;     1.691;    24.716;    88.447; 
 290;     1.685;    24.717;    88.447; 
 291;     1.686;    24.716;    88.447; 
 292;     1.679;    24.717;    88.447; 
 293;     1.659;    24.718;    88.447; 
 294;     1.639;    24.719;    88.447; 
 295;     1.626;    24.721;    88.447; 
 296;     1.616;    24.722;    88.447; 
 297;     1.611;    24.722;    88.447; 
 298;     1.610;    24.722;    88.447; 
 299;     1.594;    24.723;    88.447; 
 300;     1.575;    24.725;    88.447; 
 301;     1.563;    24.726;    88.447; 
 302;     1.558;    24.726;    88.447; 
 303;     1.558;    24.726;    88.447; 
 304;     1.555;    24.726;    88.447; 
 305;     1.542;    24.726;    88.447; 
 306;     1.512;    24.729;    88.447; 
 307;     1.494;    24.731;    88.447; 
 308;     1.490;    24.731;    88.447; 
 309;     1.487;    24.731;    88.447; 
 310;     1.473;    24.732;    88.447; 
 311;     1.461;    24.733;    88.447; 
 312;     1.449;    24.734;    88.447; 
 313;     1.437;    24.735;    88.447; 
 314;     1.430;    24.736;    88.447; 
 315;     1.427;    24.736;    88.447; 
 316;     1.425;    24.736;    88.447; 
 317;     1.425;    24.736;    88.447; 
 318;     1.386;    24.738;    88.447; 
 319;     1.343;    24.746;    88.447; 
 320;     1.304;    24.759;    88.447; 
 321;     1.236;    24.797;    88.447; 
 322;     1.196;    24.833;    88.447; 
 323;     1.137;    24.935;    88.447; 
 324;     1.127;    24.976;    88.447; 
 325;     1.126;    24.982;    88.447; 
 326;     1.124;    24.987;    88.447; 
 327;     1.122;    24.994;    88.447; 
 328;     1.118;    25.011;    88.447; 
 329;     1.115;    25.028;    88.447; 
 330;     1.112;    25.043;    88.447; 
 331;     1.110;    25.052;    88.447; 
 332;     1.108;    25.066;    88.447; 
 333;     1.106;    25.082;    88.447; 
 334;     1.104;    25.090;    88.447; 
 335;     1.103;    25.099;    88.447; 
 336;     1.101;    25.107;    88.447; 
 337;     1.100;    25.115;    88.447; 
 338;     1.099;    25.117;    88.447; 
 339;     1.098;    25.121;    88.447; 
 340;     1.095;    25.134;    88.447; 
 341;     1.091;    25.156;    88.447; 
 342;     1.088;    25.174;    88.447; 
 343;     1.087;    25.182;    88.447; 
 344;     1.086;    25.188;    88.447; 
 345;     1.084;    25.195;    88.447; 
 346;     1.082;    25.208;    88.447; 
 347;     1.080;    25.218;    88.447; 
 348;     1.079;    25.224;    88.447; 
 349;     1.076;    25.239;    88.447; 
 350;     1.073;    25.253;    88.447; 
 351;     1.072;    25.264;    88.447; 
 352;     1.071;    25.268;    88.447; 
 353;     1.069;    25.280;    88.447; 
 354;     1.066;    25.297;    88.447; 
 355;     1.064;    25.312;    88.447; 
 356;     1.063;    25.314;    88.447; 
 357;     1.062;    25.321;    88.447; 
 358;     1.062;    25.320;    88.447; 
 359;     1.060;    25.326;    88.447; 
 360;     1.060;    25.325;    88.447; 
 361;     1.056;    25.339;    88.447; 
 362;     1.050;    25.361;    88.447; 
 363;     1.046;    25.384;    88.447; 
 364;     1.043;    25.398;    88.447; 
 365;     1.041;    25.410;    88.447; 
 366;     1.040;    25.418;    88.447; 
 367;     1.039;    25.424;    88.447; 
 368;     1.037;    25.433;    88.447; 
 369;     1.036;    25.438;    88.447; 
 370;     1.033;    25.453;    88.447; 
 371;     1.031;    25.461;    88.447; 
 372;     1.029;    25.471;    88.447; 
 373;     1.027;    25.477;    88.447; 
 374;     1.025;    25.487;    88.447; 
 375;     1.023;    25.496;    88.447; 
 376;     1.020;    25.505;    88.447; 
 377;     1.017;    25.517;    88.447; 
 378;     1.016;    25.521;    88.447; 
 379;     1.013;    25.533;    88.447; 
 380;     1.011;    25.544;    88.447; 
 381;     1.008;    25.553;    88.447; 
 382;     1.005;    25.567;    88.447; 
 383;     1.002;    25.576;    88.447; 
 384;     1.000;    25.584;    88.447; 
 385;      .999;    25.591;    88.447; 
 386;      .996;    25.601;    88.447; 
 387;      .993;    25.613;    88.447; 
 388;      .989;    25.628;    88.447; 
 389;      .986;    25.639;    88.447; 
 390;      .984;    25.647;    88.447; 
 391;      .982;    25.653;    88.447; 
 392;      .978;    25.669;    88.447; 
 393;      .976;    25.678;    88.447; 
 394;      .974;    25.683;    88.447; 
 395;      .972;    25.691;    88.447; 
 396;      .970;    25.697;    88.447; 
 397;      .967;    25.708;    88.447; 
 398;      .963;    25.722;    88.447; 
 399;      .959;    25.735;    88.447; 
 400;      .956;    25.748;    88.447; 
 401;      .954;    25.755;    88.447; 
 402;      .950;    25.769;    88.447; 
 403;      .948;    25.777;    88.447; 
 404;      .946;    25.785;    88.447; 
 405;      .944;    25.792;    88.447; 
 406;      .939;    25.809;    88.447; 
 407;      .937;    25.816;    88.447; 
 408;      .933;    25.831;    88.447; 
 409;      .932;    25.835;    88.447; 
 410;      .929;    25.846;    88.447; 
 411;      .926;    25.855;    88.447; 
 412;      .924;    25.864;    88.447; 
 413;      .921;    25.871;    88.447; 
 414;      .918;    25.884;    88.447; 
 415;      .916;    25.889;    88.447; 
 416;      .911;    25.906;    88.447; 
 417;      .909;    25.914;    88.447; 
 418;      .905;    25.926;    88.447; 
 419;      .902;    25.937;    88.447; 
 420;      .901;    25.939;    88.447; 
 421;      .895;    25.958;    88.447; 
 422;      .893;    25.966;    88.447; 
 423;      .888;    25.982;    88.447; 
 424;      .887;    25.987;    88.447; 
 425;      .884;    25.995;    88.447; 
 426;      .882;    26.002;    88.447; 
 427;      .878;    26.015;    88.447; 
 428;      .876;    26.022;    88.447; 
 429;      .872;    26.035;    88.447; 
 430;      .869;    26.044;    88.447; 
 431;      .865;    26.056;    88.447; 
 432;      .864;    26.058;    88.447; 
 433;      .861;    26.069;    88.447; 
 434;      .856;    26.084;    88.447; 
 435;      .851;    26.099;    88.447; 
 436;      .849;    26.106;    88.447; 
 437;      .848;    26.106;    88.447; 
 438;      .843;    26.122;    88.447; 
 439;      .840;    26.130;    88.447; 
 440;      .838;    26.137;    88.447; 
 441;      .836;    26.143;    88.447; 
 442;      .830;    26.161;    88.447; 
 443;      .825;    26.175;    88.447; 
 444;      .820;    26.191;    88.447; 
 445;      .817;    26.203;    88.447; 
 446;      .816;    26.207;    88.447; 
 447;      .812;    26.217;    88.447; 
 448;      .810;    26.225;    88.447; 
 449;      .808;    26.230;    88.447; 
 450;      .804;    26.242;    88.447; 
 451;      .801;    26.252;    88.447; 
 452;      .796;    26.266;    88.447; 
 453;      .792;    26.280;    88.447; 
 454;      .790;    26.287;    88.447; 
 455;      .789;    26.289;    88.447; 
 456;      .786;    26.297;    88.447; 
 457;      .783;    26.304;    88.447; 
 458;      .778;    26.317;    88.447; 
 459;      .774;    26.328;    88.447; 
 460;      .770;    26.340;    88.447; 
 461;      .766;    26.351;    88.447; 
 462;      .763;    26.360;    88.447; 
 463;      .760;    26.369;    88.447; 
 464;      .757;    26.379;    88.447; 
 465;      .754;    26.386;    88.447; 
 466;      .752;    26.391;    88.447; 
 467;      .746;    26.409;    88.447; 
 468;      .742;    26.420;    88.447; 
 469;      .738;    26.430;    88.447; 
 470;      .735;    26.440;    88.447; 
 471;      .733;    26.444;    88.447; 
 472;      .730;    26.452;    88.447; 
 473;      .725;    26.465;    88.447; 
 474;      .722;    26.475;    88.447; 
 475;      .718;    26.485;    88.447; 
 476;      .714;    26.495;    88.447; 
 477;      .710;    26.508;    88.447; 
 478;      .707;    26.516;    88.447; 
 479;      .702;    26.528;    88.447; 
 480;      .701;    26.532;    88.447; 
 481;      .698;    26.538;    88.447; 
 482;      .695;    26.545;    88.447; 
 483;      .692;    26.554;    88.447; 
 484;      .689;    26.559;    88.447; 
 485;      .683;    26.576;    88.447; 
 486;      .680;    26.581;    88.447; 
 487;      .673;    26.600;    88.447; 
 488;      .666;    26.621;    88.447; 
 489;      .662;    26.631;    88.447; 
 490;      .659;    26.642;    88.447; 
 491;      .658;    26.643;    88.447; 
 492;      .655;    26.652;    88.447; 
 493;      .653;    26.656;    88.447; 
 494;      .650;    26.665;    88.447; 
 495;      .647;    26.671;    88.447; 
 496;      .643;    26.681;    88.447; 
 497;      .641;    26.687;    88.447; 
 498;      .639;    26.690;    88.447; 
 499;      .636;    26.696;    88.447; 
 500;      .624;    26.725;    88.447; 
 501;      .616;    26.747;    88.447; 
 502;      .614;    26.755;    88.447; 
 503;      .613;    26.757;    88.447; 
 504;      .612;    26.759;    88.447; 
 505;      .608;    26.767;    88.447; 
 506;      .609;    26.765;    88.447; 
 507;      .605;    26.773;    88.447; 
 508;      .599;    26.786;    88.447; 
 509;      .589;    26.809;    88.447; 
 510;      .584;    26.823;    88.447; 
 511;      .582;    26.828;    88.447; 
 512;      .578;    26.837;    88.447; 
 513;      .575;    26.845;    88.447; 
 514;      .571;    26.855;    88.447; 
 515;      .568;    26.862;    88.447; 
 516;      .567;    26.864;    88.447; 
 517;      .566;    26.866;    88.447; 
 518;      .563;    26.871;    88.447; 
 519;      .557;    26.881;    88.447; 
 520;      .545;    26.909;    88.447; 
 521;      .532;    26.948;    88.447; 
 522;      .531;    26.951;    88.447; 
 523;      .530;    26.953;    88.447; 
 524;      .528;    26.958;    88.447; 
 525;      .528;    26.957;    88.447; 
 526;      .526;    26.960;    88.447; 
 527;      .524;    26.964;    88.447; 
 528;      .523;    26.965;    88.447; 
 529;      .522;    26.967;    88.447; 
 530;      .522;    26.967;    88.447; 
 531;      .517;    26.974;    88.447; 
 532;      .517;    26.973;    88.447; 
 533;      .513;    26.979;    88.447; 
 534;      .510;    26.981;    88.447; 
 535;      .509;    26.982;    88.447; 
 536;      .505;    26.986;    88.447; 
 537;      .503;    26.988;    88.447; 
 538;      .498;    26.992;    88.447; 
 539;      .492;    26.998;    88.447; 
 540;      .488;    27.001;    88.447; 
 541;      .484;    27.005;    88.447; 
 542;      .476;    27.011;    88.447; 
 543;      .476;    27.011;    88.447; 
 544;      .474;    27.012;    88.447; 
 545;      .470;    27.014;    88.447; 
 546;      .472;    27.013;    88.447; 
 547;      .466;    27.016;    88.447; 
 548;      .464;    27.017;    88.447; 
 549;      .459;    27.019;    88.447; 
 550;      .449;    27.024;    88.447; 
 551;      .438;    27.029;    88.447; 
 552;      .435;    27.031;    88.447; 
 553;      .429;    27.033;    88.447; 
 554;      .427;    27.034;    88.447; 
 555;      .425;    27.034;    88.447; 
 556;      .409;    27.040;    88.447; 
 557;      .405;    27.041;    88.447; 
 558;      .399;    27.043;    88.447; 
 559;      .390;    27.046;    88.447; 
 560;      .384;    27.048;    88.447; 
 561;      .379;    27.049;    88.447; 
 562;      .375;    27.050;    88.447; 
 563;      .370;    27.051;    88.447; 
 564;      .363;    27.053;    88.447; 
 565;      .355;    27.054;    88.447; 
 566;      .348;    27.055;    88.447; 
 567;      .340;    27.057;    88.447; 
 568;      .336;    27.057;    88.447; 
 569;      .330;    27.058;    88.447; 
 570;      .326;    27.058;    88.447; 
 571;      .320;    27.058;    88.447; 
 572;      .314;    27.059;    88.447; 
 573;      .307;    27.059;    88.447; 
 574;      .296;    27.059;    88.447; 
 575;      .287;    27.060;    88.447; 
 576;      .277;    27.060;    88.447; 
 577;      .269;    27.060;    88.447; 
 578;      .261;    27.060;    88.447; 
 579;      .255;    27.060;    88.447; 
 580;      .246;    27.060;    88.447; 
 581;      .237;    27.060;    88.447; 
 582;      .224;    27.060;    88.447; 
 583;      .209;    27.060;    88.447; 
 584;      .200;    27.061;    88.447; 
 585;      .192;    27.061;    88.447; 
 586;      .185;    27.060;    88.447; 
 587;      .177;    27.060;    88.447; 
 588;      .170;    27.060;    88.447; 
 589;      .159;    27.060;    88.447; 
 590;      .146;    27.059;    88.447; 
 591;      .135;    27.059;    88.447; 
 592;      .122;    27.059;    88.447; 
 593;      .113;    27.059;    88.447; 
 594;      .104;    27.059;    88.447; 
 595;      .092;    27.058;    88.447; 
 596;      .079;    27.058;    88.447; 
 597;      .069;    27.058;    88.447; 
 598;      .058;    27.058;    88.447; 
 599;      .048;    27.058;    88.447; 
 600;      .034;    27.058;    88.447; 
 601;      .022;    27.058;    88.447; 
 602;      .011;    27.058;    88.447; 
 603;      .001;    27.058;    88.447; 
 604;     -.010;    27.058;    88.447; 
 605;     -.021;    27.058;    88.447; 
 606;     -.031;    27.058;    88.447; 
 607;     -.040;    27.058;    88.447; 
 608;     -.051;    27.058;    88.447; 
 609;     -.059;    27.058;    88.447; 
 610;     -.069;    27.058;    88.447; 
 611;     -.084;    27.058;    88.447; 
 612;     -.099;    27.059;    88.447; 
 613;     -.111;    27.059;    88.447; 
 614;     -.117;    27.059;    88.447; 
 615;     -.121;    27.059;    88.447; 
 616;     -.124;    27.059;    88.447; 
 617;     -.125;    27.059;    88.447; 
 618;     -.127;    27.058;    88.447; 
 619;     -.130;    27.058;    88.447; 
 620;     -.138;    27.056;    88.447; 
 621;     -.162;    27.053;    88.447; 
 622;     -.200;    27.052;    88.447; 
 623;     -.210;    27.052;    88.447; 
 624;     -.213;    27.052;    88.447; 
 625;     -.216;    27.052;    88.447; 
 626;     -.217;    27.052;    88.447; 
 627;     -.217;    27.051;    88.447; 
 628;     -.220;    27.051;    88.447; 
 629;     -.223;    27.050;    88.447; 
 630;     -.222;    27.050;    88.447; 
 631;     -.226;    27.049;    88.447; 
 632;     -.228;    27.048;    88.447; 
 633;     -.229;    27.047;    88.447; 
 634;     -.231;    27.047;    88.447; 
 635;     -.239;    27.043;    88.447; 
 636;     -.251;    27.039;    88.447; 
 637;     -.260;    27.035;    88.447; 
 638;     -.269;    27.032;    88.447; 
 639;     -.272;    27.030;    88.447; 
 640;     -.274;    27.029;    88.447; 
 641;     -.278;    27.027;    88.447; 
 642;     -.280;    27.025;    88.447; 
 643;     -.283;    27.024;    88.447; 
 644;     -.285;    27.022;    88.447; 
 645;     -.289;    27.020;    88.447; 
 646;     -.291;    27.018;    88.447; 
 647;     -.295;    27.015;    88.447; 
 648;     -.299;    27.012;    88.447; 
 649;     -.301;    27.010;    88.447; 
 650;     -.306;    27.005;    88.447; 
 651;     -.309;    27.003;    88.447; 
 652;     -.312;    26.999;    88.447; 
 653;     -.315;    26.996;    88.447; 
 654;     -.321;    26.990;    88.447; 
 655;     -.323;    26.988;    88.447; 
 656;     -.327;    26.983;    88.447; 
 657;     -.328;    26.981;    88.447; 
 658;     -.332;    26.976;    88.447; 
 659;     -.334;    26.973;    88.447; 
 660;     -.337;    26.969;    88.447; 
 661;     -.340;    26.964;    88.447; 
 662;     -.341;    26.962;    88.447; 
 663;     -.348;    26.951;    88.447; 
 664;     -.349;    26.949;    88.447; 
 665;     -.350;    26.946;    88.447; 
 666;     -.353;    26.940;    88.447; 
 667;     -.356;    26.934;    88.447; 
 668;     -.358;    26.928;    88.447; 
 669;     -.361;    26.922;    88.447; 
 670;     -.367;    26.908;    88.447; 
 671;     -.371;    26.899;    88.447; 
 672;     -.373;    26.894;    88.447; 
 673;     -.377;    26.885;    88.447; 
 674;     -.383;    26.869;    88.447; 
 675;     -.388;    26.859;    88.447; 
 676;     -.393;    26.848;    88.447; 
 677;     -.395;    26.842;    88.447; 
 678;     -.398;    26.834;    88.447; 
 679;     -.400;    26.829;    88.447; 
 680;     -.403;    26.820;    88.447; 
 681;     -.411;    26.802;    88.447; 
 682;     -.418;    26.785;    88.447; 
 683;     -.422;    26.777;    88.447; 
 684;     -.427;    26.766;    88.447; 
 685;     -.429;    26.760;    88.447; 
 686;     -.433;    26.752;    88.447; 
 687;     -.436;    26.745;    88.447; 
 688;     -.439;    26.737;    88.447; 
 689;     -.442;    26.728;    88.447; 
 690;     -.448;    26.714;    88.447; 
 691;     -.455;    26.699;    88.447; 
 692;     -.460;    26.687;    88.447; 
 693;     -.462;    26.683;    88.447; 
 694;     -.465;    26.675;    88.447; 
 695;     -.468;    26.668;    88.447; 
 696;     -.472;    26.658;    88.447; 
 697;     -.475;    26.649;    88.447; 
 698;     -.479;    26.640;    88.447; 
 699;     -.482;    26.631;    88.447; 
 700;     -.487;    26.620;    88.447; 
 701;     -.491;    26.608;    88.447; 
 702;     -.495;    26.599;    88.447; 
 703;     -.500;    26.587;    88.447; 
 704;     -.502;    26.583;    88.447; 
 705;     -.505;    26.575;    88.447; 
 706;     -.555;    26.444;    88.447; 
 707;     -.558;    26.438;    88.447; 
 708;     -.560;    26.431;    88.447; 
 709;     -.565;    26.419;    88.447; 
 710;     -.567;    26.414;    88.447; 
 711;     -.575;    26.393;    88.447; 
 712;     -.578;    26.385;    88.447; 
 713;     -.584;    26.370;    88.447; 
 714;     -.588;    26.361;    88.447; 
 715;     -.590;    26.355;    88.447; 
 716;     -.592;    26.349;    88.447; 
 717;     -.594;    26.343;    88.447; 
 718;     -.598;    26.331;    88.447; 
 719;     -.604;    26.316;    88.447; 
 720;     -.609;    26.304;    88.447; 
 721;     -.613;    26.292;    88.447; 
 722;     -.615;    26.287;    88.447; 
 723;     -.619;    26.278;    88.447; 
 724;     -.621;    26.272;    88.447; 
 725;     -.624;    26.263;    88.447; 
 726;     -.626;    26.257;    88.447; 
 727;     -.628;    26.249;    88.447; 
 728;     -.632;    26.239;    88.447; 
 729;     -.635;    26.228;    88.447; 
 730;     -.641;    26.212;    88.447; 
 731;     -.646;    26.198;    88.447; 
 732;     -.649;    26.189;    88.447; 
 733;     -.653;    26.180;    88.447; 
 734;     -.656;    26.170;    88.447; 
 735;     -.661;    26.159;    88.447; 
 736;     -.664;    26.150;    88.447; 
 737;     -.667;    26.142;    88.447; 
 738;     -.669;    26.136;    88.447; 
 739;     -.674;    26.124;    88.447; 
 740;     -.676;    26.116;    88.447; 
 741;     -.681;    26.103;    88.447; 
 742;     -.684;    26.095;    88.447; 
 743;     -.689;    26.082;    88.447; 
 744;     -.692;    26.074;    88.447; 
 745;     -.693;    26.069;    88.447; 
 746;     -.697;    26.058;    88.447; 
 747;     -.698;    26.054;    88.447; 
 748;     -.702;    26.041;    88.447; 
 749;     -.706;    26.029;    88.447; 
 750;     -.712;    26.014;    88.447; 
 751;     -.715;    26.004;    88.447; 
 752;     -.718;    25.997;    88.447; 
 753;     -.718;    25.994;    88.447; 
 754;     -.723;    25.981;    88.447; 
 755;     -.726;    25.970;    88.447; 
 756;     -.729;    25.961;    88.447; 
 757;     -.733;    25.950;    88.447; 
 758;     -.736;    25.941;    88.447; 
 759;     -.739;    25.930;    88.447; 
 760;     -.743;    25.920;    88.447; 
 761;     -.746;    25.910;    88.447; 
 762;     -.749;    25.901;    88.447; 
 763;     -.752;    25.891;    88.447; 
 764;     -.755;    25.882;    88.447; 
 765;     -.758;    25.872;    88.447; 
 766;     -.761;    25.864;    88.447; 
 767;     -.765;    25.851;    88.447; 
 768;     -.768;    25.842;    88.447; 
 769;     -.770;    25.835;    88.447; 
 770;     -.774;    25.822;    88.447; 
 771;     -.777;    25.812;    88.447; 
 772;     -.780;    25.802;    88.447; 
 773;     -.783;    25.792;    88.447; 
 774;     -.785;    25.786;    88.447; 
 775;     -.788;    25.777;    88.447; 
 776;     -.790;    25.768;    88.447; 
 777;     -.793;    25.758;    88.447; 
 778;     -.796;    25.746;    88.447; 
 779;     -.800;    25.733;    88.447; 
 780;     -.803;    25.724;    88.447; 
 781;     -.807;    25.710;    88.447; 
 782;     -.810;    25.701;    88.447; 
 783;     -.813;    25.692;    88.447; 
 784;     -.816;    25.683;    88.447; 
 785;     -.818;    25.676;    88.447; 
 786;     -.820;    25.667;    88.447; 
 787;     -.823;    25.656;    88.447; 
 788;     -.825;    25.649;    88.447; 
 789;     -.827;    25.642;    88.447; 
 790;     -.830;    25.630;    88.447; 
 791;     -.833;    25.620;    88.447; 
 792;     -.836;    25.610;    88.447; 
 793;     -.837;    25.602;    88.447; 
 794;     -.841;    25.589;    88.447; 
 795;     -.844;    25.578;    88.447; 
 796;     -.848;    25.564;    88.447; 
 797;     -.849;    25.558;    88.447; 
 798;     -.852;    25.549;    88.447; 
 799;     -.856;    25.535;    88.447; 
 800;     -.858;    25.526;    88.447; 
 801;     -.862;    25.514;    88.447; 
 802;     -.863;    25.509;    88.447; 
 803;     -.865;    25.502;    88.447; 
 804;     -.866;    25.495;    88.447; 
 805;     -.867;    25.489;    88.447; 
 806;     -.869;    25.484;    88.447; 
 807;     -.871;    25.470;    88.447; 
 808;     -.874;    25.458;    88.447; 
 809;     -.876;    25.448;    88.447; 
 810;     -.880;    25.430;    88.447; 
 811;     -.887;    25.406;    88.447; 
 812;     -.890;    25.396;    88.447; 
 813;     -.893;    25.389;    88.447; 
 814;     -.893;    25.386;    88.447; 
 815;     -.894;    25.382;    88.447; 
 816;     -.895;    25.379;    88.447; 
 817;     -.896;    25.370;    88.447; 
 818;     -.899;    25.359;    88.447; 
 819;     -.903;    25.342;    88.447; 
 820;     -.908;    25.323;    88.447; 
 821;     -.910;    25.314;    88.447; 
 822;     -.913;    25.303;    88.447; 
 823;     -.915;    25.295;    88.447; 
 824;     -.917;    25.289;    88.447; 
 825;     -.918;    25.282;    88.447; 
 826;     -.920;    25.273;    88.447; 
 827;     -.923;    25.259;    88.447; 
 828;     -.925;    25.251;    88.447; 
 829;     -.927;    25.243;    88.447; 
 830;     -.928;    25.237;    88.447; 
 831;     -.929;    25.231;    88.447; 
 832;     -.932;    25.216;    88.447; 
 833;     -.936;    25.196;    88.447; 
 834;     -.939;    25.185;    88.447; 
 835;     -.941;    25.177;    88.447; 
 836;     -.942;    25.168;    88.447; 
 837;     -.944;    25.161;    88.447; 
 838;     -.946;    25.150;    88.447; 
 839;     -.947;    25.143;    88.447; 
 840;     -.950;    25.130;    88.447; 
 841;     -.951;    25.124;    88.447; 
 842;     -.953;    25.113;    88.447; 
 843;     -.954;    25.103;    88.447; 
 844;     -.957;    25.087;    88.447; 
 845;     -.961;    25.070;    88.447; 
 846;     -.963;    25.062;    88.447; 
 847;     -.965;    25.054;    88.447; 
 848;     -.969;    25.035;    88.447; 
 849;     -.971;    25.026;    88.447; 
 850;     -.975;    25.012;    88.447; 
 851;     -.979;    24.997;    88.447; 
 852;     -.987;    24.972;    88.447; 
 853;     -.992;    24.958;    88.447; 
 854;     -.999;    24.942;    88.447; 
 855;    -1.010;    24.918;    88.447; 
 856;    -1.061;    24.846;    88.447; 
 857;    -1.146;    24.788;    88.447; 
 858;    -1.233;    24.765;    88.447; 
 859;    -1.256;    24.764;    88.447; 
 860;    -1.264;    24.763;    88.447; 
 861;    -1.272;    24.762;    88.447; 
 862;    -1.288;    24.761;    88.447; 
 863;    -1.306;    24.761;    88.447; 
 864;    -1.323;    24.761;    88.447; 
 865;    -1.332;    24.760;    88.447; 
 866;    -1.339;    24.760;    88.447; 
 867;    -1.346;    24.760;    88.447; 
 868;    -1.352;    24.759;    88.447; 
 869;    -1.365;    24.759;    88.447; 
 870;    -1.373;    24.758;    88.447; 
 871;    -1.387;    24.758;    88.447; 
 872;    -1.406;    24.757;    88.447; 
 873;    -1.416;    24.757;    88.447; 
 874;    -1.421;    24.757;    88.447; 
 875;    -1.429;    24.756;    88.447; 
 876;    -1.432;    24.756;    88.447; 
 877;    -1.440;    24.755;    88.447; 
 878;    -1.459;    24.754;    88.447; 
 879;    -1.481;    24.754;    88.447; 
 880;    -1.492;    24.753;    88.447; 
 881;    -1.496;    24.753;    88.447; 
 882;    -1.502;    24.753;    88.447; 
 883;    -1.516;    24.752;    88.447; 
 884;    -1.524;    24.752;    88.447; 
 885;    -1.531;    24.751;    88.447; 
 886;    -1.538;    24.751;    88.447; 
 887;    -1.551;    24.750;    88.447; 
 888;    -1.568;    24.749;    88.447; 
 889;    -1.587;    24.749;    88.447; 
 890;    -1.596;    24.748;    88.447; 
 891;    -1.607;    24.748;    88.447; 
 892;    -1.627;    24.748;    88.447; 
 893;    -1.696;    24.760;    88.447; 
 894;    -1.811;    24.828;    88.447; 
 895;    -1.856;    24.886;    88.447; 
 896;    -1.869;    24.911;    88.447; 
 897;    -1.876;    24.926;    88.447; 
 898;    -1.884;    24.943;    88.447; 
 899;    -1.892;    24.964;    88.447; 
 900;    -1.893;    24.965;    88.447; 
 901;    -1.897;    24.975;    88.447; 
 902;    -1.902;    24.986;    88.447; 
 903;    -1.910;    25.006;    88.447; 
 904;    -1.919;    25.039;    88.447; 
 905;    -1.923;    25.056;    88.447; 
 906;    -1.926;    25.065;    88.447; 
 907;    -1.928;    25.074;    88.447; 
 908;    -1.929;    25.079;    88.447; 
 909;    -1.931;    25.085;    88.447; 
 910;    -1.934;    25.095;    88.447; 
 911;    -1.936;    25.102;    88.447; 
 912;    -1.938;    25.108;    88.447; 
 913;    -1.941;    25.118;    88.447; 
 914;    -1.944;    25.128;    88.447; 
 915;    -1.947;    25.138;    88.447; 
 916;    -1.951;    25.150;    88.447; 
 917;    -1.954;    25.161;    88.447; 
 918;    -1.957;    25.170;    88.447; 
 919;    -1.959;    25.176;    88.447; 
 920;    -1.963;    25.188;    88.447; 
 921;    -1.965;    25.195;    88.447; 
 922;    -1.968;    25.202;    88.447; 
 923;    -1.972;    25.212;    88.447; 
 924;    -1.973;    25.217;    88.447; 
 925;    -1.974;    25.219;    88.447; 
 926;    -1.979;    25.231;    88.447; 
 927;    -1.983;    25.239;    88.447; 
 928;    -1.991;    25.261;    88.447; 
 929;    -1.996;    25.278;    88.447; 
 930;    -2.000;    25.293;    88.447; 
 931;    -2.004;    25.308;    88.447; 
 932;    -2.005;    25.310;    88.447; 
 933;    -2.008;    25.319;    88.447; 
 934;    -2.011;    25.328;    88.447; 
 935;    -2.013;    25.333;    88.447; 
 936;    -2.015;    25.339;    88.447; 
 937;    -2.018;    25.348;    88.447; 
 938;    -2.021;    25.357;    88.447; 
 939;    -2.024;    25.364;    88.447; 
 940;    -2.028;    25.374;    88.447; 
 941;    -2.033;    25.389;    88.447; 
 942;    -2.037;    25.400;    88.447; 
 943;    -2.039;    25.404;    88.447; 
 944;    -2.042;    25.413;    88.447; 
 945;    -2.046;    25.424;    88.447; 
 946;    -2.049;    25.430;    88.447; 
 947;    -2.054;    25.446;    88.447; 
 948;    -2.059;    25.459;    88.447; 
 949;    -2.063;    25.469;    88.447; 
 950;    -2.066;    25.478;    88.447; 
 951;    -2.070;    25.490;    88.447; 
 952;    -2.072;    25.496;    88.447; 
 953;    -2.074;    25.500;    88.447; 
 954;    -2.076;    25.506;    88.447; 
 955;    -2.080;    25.514;    88.447; 
 956;    -2.086;    25.531;    88.447; 
 957;    -2.090;    25.540;    88.447; 
 958;    -2.094;    25.551;    88.447; 
 959;    -2.098;    25.559;    88.447; 
 960;    -2.101;    25.568;    88.447; 
 961;    -2.105;    25.579;    88.447; 
 962;    -2.107;    25.583;    88.447; 
 963;    -2.113;    25.597;    88.447; 
 964;    -2.115;    25.604;    88.447; 
 965;    -2.120;    25.616;    88.447; 
 966;    -2.126;    25.629;    88.447; 
 967;    -2.129;    25.638;    88.447; 
 968;    -2.133;    25.647;    88.447; 
 969;    -2.136;    25.656;    88.447; 
 970;    -2.140;    25.668;    88.447; 
 971;    -2.144;    25.678;    88.447; 
 972;    -2.148;    25.686;    88.447; 
 973;    -2.152;    25.698;    88.447; 
 974;    -2.154;    25.703;    88.447; 
 975;    -2.158;    25.711;    88.447; 
 976;    -2.162;    25.722;    88.447; 
 977;    -2.167;    25.733;    88.447; 
 978;    -2.171;    25.744;    88.447; 
 979;    -2.175;    25.754;    88.447; 
 980;    -2.178;    25.761;    88.447; 
 981;    -2.183;    25.771;    88.447; 
 982;    -2.186;    25.779;    88.447; 
 983;    -2.191;    25.791;    88.447; 
 984;    -2.194;    25.798;    88.447; 
 985;    -2.199;    25.809;    88.447; 
 986;    -2.203;    25.816;    88.447; 
 987;    -2.208;    25.829;    88.447; 
 988;    -2.211;    25.835;    88.447; 
 989;    -2.215;    25.844;    88.447; 
 990;    -2.221;    25.859;    88.447; 
 991;    -2.223;    25.861;    88.447; 
 992;    -2.230;    25.877;    88.447; 
 993;    -2.233;    25.884;    88.447; 
 994;    -2.238;    25.897;    88.447; 
 995;    -2.242;    25.907;    88.447; 
 996;    -2.248;    25.920;    88.447; 
 997;    -2.251;    25.928;    88.447; 
 998;    -2.253;    25.932;    88.447; 
 999;    -2.256;    25.937;    88.447; 
1000;    -2.259;    25.943;    88.447; 
1001;    -2.264;    25.954;    88.447; 
1002;    -2.270;    25.966;    88.447; 
1003;    -2.275;    25.978;    88.447; 
1004;    -2.279;    25.985;    88.447; 
1005;    -2.284;    25.996;    88.447; 
1006;    -2.289;    26.007;    88.447; 
1007;    -2.292;    26.013;    88.447; 
1008;    -2.298;    26.026;    88.447; 
1009;    -2.305;    26.041;    88.447; 
1010;    -2.310;    26.053;    88.447; 
1011;    -2.312;    26.059;    88.447; 
1012;    -2.316;    26.067;    88.447; 
1013;    -2.318;    26.072;    88.447; 
1014;    -2.323;    26.082;    88.447; 
1015;    -2.324;    26.084;    88.447; 
1016;    -2.330;    26.095;    88.447; 
1017;    -2.334;    26.103;    88.447; 
1018;    -2.339;    26.114;    88.447; 
1019;    -2.349;    26.135;    88.447; 
1020;    -2.352;    26.141;    88.447; 
1021;    -2.356;    26.151;    88.447; 
1022;    -2.361;    26.160;    88.447; 
1023;    -2.364;    26.166;    88.447; 
1024;    -2.369;    26.177;    88.447; 
1025;    -2.372;    26.184;    88.447; 
1026;    -2.375;    26.190;    88.447; 
1027;    -2.382;    26.202;    88.447; 
1028;    -2.386;    26.212;    88.447; 
1029;    -2.392;    26.223;    88.447; 
1030;    -2.394;    26.228;    88.447; 
1031;    -2.398;    26.236;    88.447; 
1032;    -2.404;    26.249;    88.447; 
1033;    -2.409;    26.257;    88.447; 
1034;    -2.414;    26.269;    88.447; 
1035;    -2.418;    26.275;    88.447; 
1036;    -2.422;    26.284;    88.447; 
1037;    -2.429;    26.297;    88.447; 
1038;    -2.433;    26.305;    88.447; 
1039;    -2.437;    26.313;    88.447; 
1040;    -2.438;    26.315;    88.447; 
1041;    -2.444;    26.327;    88.447; 
1042;    -2.448;    26.334;    88.447; 
1043;    -2.458;    26.354;    88.447; 
1044;    -2.465;    26.368;    88.447; 
1045;    -2.468;    26.374;    88.447; 
1046;    -2.470;    26.380;    88.447; 
1047;    -2.475;    26.389;    88.447; 
1048;    -2.479;    26.396;    88.447; 
1049;    -2.483;    26.403;    88.447; 
1050;    -2.487;    26.410;    88.447; 
1051;    -2.493;    26.422;    88.447; 
1052;    -2.496;    26.428;    88.447; 
1053;    -2.501;    26.438;    88.447; 
1054;    -2.507;    26.448;    88.447; 
1055;    -2.512;    26.457;    88.447; 
1056;    -2.518;    26.470;    88.447; 
1057;    -2.523;    26.478;    88.447; 
1058;    -2.529;    26.490;    88.447; 
1059;    -2.534;    26.500;    88.447; 
1060;    -2.538;    26.507;    88.447; 
1061;    -2.542;    26.514;    88.447; 
1062;    -2.547;    26.525;    88.447; 
1063;    -2.554;    26.537;    88.447; 
1064;    -2.558;    26.545;    88.447; 
1065;    -2.563;    26.555;    88.447; 
1066;    -2.569;    26.566;    88.447; 
1067;    -2.574;    26.576;    88.447; 
1068;    -2.578;    26.582;    88.447; 
1069;    -2.582;    26.590;    88.447; 
1070;    -2.586;    26.597;    88.447; 
1071;    -2.590;    26.606;    88.447; 
1072;    -2.594;    26.611;    88.447; 
1073;    -2.596;    26.615;    88.447; 
1074;    -2.608;    26.636;    88.447; 
1075;    -2.618;    26.656;    88.447; 
1076;    -2.622;    26.665;    88.447; 
1077;    -2.625;    26.670;    88.447; 
1078;    -2.628;    26.676;    88.447; 
1079;    -2.630;    26.679;    88.447; 
1080;    -2.632;    26.682;    88.447; 
1081;    -2.635;    26.687;    88.447; 
1082;    -2.636;    26.689;    88.447; 
1083;    -2.641;    26.695;    88.447; 
1084;    -2.650;    26.708;    88.447; 
1085;    -2.671;    26.748;    88.447; 
1086;    -2.679;    26.767;    88.447; 
1087;    -2.682;    26.771;    88.447; 
1088;    -2.683;    26.775;    88.447; 
1089;    -2.686;    26.779;    88.447; 
1090;    -2.689;    26.784;    88.447; 
1091;    -2.691;    26.788;    88.447; 
1092;    -2.697;    26.798;    88.447; 
1093;    -2.699;    26.802;    88.447; 
1094;    -2.701;    26.805;    88.447; 
1095;    -2.704;    26.809;    88.447; 
1096;    -2.705;    26.810;    88.447; 
1097;    -2.708;    26.814;    88.447; 
1098;    -2.708;    26.813;    88.447; 
1099;    -2.715;    26.821;    88.447; 
1100;    -2.721;    26.828;    88.447; 
1101;    -2.739;    26.851;    88.447; 
1102;    -2.747;    26.861;    88.447; 
1103;    -2.752;    26.868;    88.447; 
1104;    -2.755;    26.871;    88.447; 
1105;    -2.756;    26.871;    88.447; 
1106;    -2.757;    26.873;    88.447; 
1107;    -2.758;    26.873;    88.447; 
1108;    -2.761;    26.876;    88.447; 
1109;    -2.765;    26.879;    88.447; 
1110;    -2.769;    26.882;    88.447; 
1111;    -2.773;    26.886;    88.447; 
1112;    -2.775;    26.887;    88.447; 
1113;    -2.782;    26.892;    88.447; 
1114;    -2.784;    26.893;    88.447; 
1115;    -2.787;    26.895;    88.447; 
1116;    -2.791;    26.897;    88.447; 
1117;    -2.795;    26.899;    88.447; 
1118;    -2.797;    26.900;    88.447; 
1119;    -2.803;    26.903;    88.447; 
1120;    -2.806;    26.904;    88.447; 
1121;    -2.816;    26.908;    88.447; 
1122;    -2.821;    26.910;    88.447; 
1123;    -2.829;    26.912;    88.447; 
1124;    -2.835;    26.915;    88.447; 
1125;    -2.844;    26.918;    88.447; 
1126;    -2.849;    26.919;    88.447; 
1127;    -2.852;    26.920;    88.447; 
1128;    -2.858;    26.921;    88.447; 
1129;    -2.859;    26.921;    88.447; 
1130;    -2.864;    26.922;    88.447; 
1131;    -2.868;    26.923;    88.447; 
1132;    -2.871;    26.923;    88.447; 
1133;    -2.877;    26.924;    88.447; 
1134;    -2.879;    26.924;    88.447; 
1135;    -2.884;    26.924;    88.447; 
1136;    -2.887;    26.924;    88.447; 
1137;    -2.890;    26.924;    88.447; 
1138;    -2.894;    26.924;    88.447; 
1139;    -2.900;    26.923;    88.447; 
1140;    -2.905;    26.923;    88.447; 
1141;    -2.912;    26.922;    88.447; 
1142;    -2.919;    26.921;    88.447; 
1143;    -2.928;    26.920;    88.447; 
1144;    -2.936;    26.919;    88.447; 
1145;    -2.950;    26.918;    88.447; 
1146;    -2.962;    26.917;    88.447; 
1147;    -2.973;    26.916;    88.447; 
1148;    -2.979;    26.915;    88.447; 
1149;    -2.987;    26.914;    88.447; 
1150;    -2.994;    26.913;    88.447; 
1151;    -3.006;    26.911;    88.447; 
1152;    -3.016;    26.910;    88.447; 
1153;    -3.027;    26.909;    88.447; 
1154;    -3.034;    26.907;    88.447; 
1155;    -3.049;    26.905;    88.447; 
1156;    -3.065;    26.904;    88.447; 
1157;    -3.084;    26.902;    88.447; 
