[A]
   1;     3.397;    26.700;    88.446; 
   2;     3.384;    26.702;    88.446; 
   3;     3.376;    26.703;    88.446; 
   4;     3.369;    26.704;    88.446; 
   5;     3.364;    26.705;    88.446; 
   6;     3.359;    26.706;    88.446; 
   7;     3.354;    26.706;    88.446; 
   8;     3.347;    26.706;    88.446; 
   9;     3.342;    26.707;    88.446; 
  10;     3.320;    26.709;    88.446; 
  11;     3.300;    26.711;    88.446; 
  12;     3.288;    26.713;    88.446; 
  13;     3.279;    26.714;    88.446; 
  14;     3.272;    26.715;    88.446; 
  15;     3.262;    26.717;    88.446; 
  16;     3.251;    26.718;    88.446; 
  17;     3.243;    26.719;    88.446; 
  18;     3.235;    26.720;    88.446; 
  19;     3.229;    26.721;    88.446; 
  20;     3.218;    26.722;    88.446; 
  21;     3.205;    26.723;    88.446; 
  22;     3.187;    26.725;    88.446; 
  23;     3.178;    26.727;    88.446; 
  24;     3.166;    26.728;    88.446; 
  25;     3.158;    26.729;    88.446; 
  26;     3.149;    26.730;    88.446; 
  27;     3.143;    26.731;    88.446; 
  28;     3.133;    26.732;    88.446; 
  29;     3.124;    26.733;    88.446; 
  30;     3.114;    26.734;    88.446; 
  31;     3.101;    26.735;    88.446; 
  32;     3.084;    26.737;    88.446; 
  33;     3.072;    26.739;    88.446; 
  34;     3.064;    26.740;    88.446; 
  35;     3.053;    26.741;    88.446; 
  36;     3.047;    26.742;    88.446; 
  37;     3.039;    26.742;    88.446; 
  38;     3.024;    26.744;    88.446; 
  39;     3.005;    26.747;    88.446; 
  40;     2.990;    26.749;    88.446; 
  41;     2.984;    26.750;    88.446; 
  42;     2.979;    26.751;    88.446; 
  43;     2.970;    26.752;    88.446; 
  44;     2.965;    26.752;    88.446; 
  45;     2.961;    26.752;    88.446; 
  46;     2.955;    26.753;    88.446; 
  47;     2.928;    26.755;    88.446; 
  48;     2.897;    26.761;    88.446; 
  49;     2.889;    26.762;    88.446; 
  50;     2.886;    26.763;    88.446; 
  51;     2.882;    26.763;    88.446; 
  52;     2.879;    26.763;    88.446; 
  53;     2.875;    26.763;    88.446; 
  54;     2.871;    26.764;    88.446; 
  55;     2.864;    26.764;    88.446; 
  56;     2.856;    26.764;    88.446; 
  57;     2.844;    26.764;    88.446; 
  58;     2.837;    26.764;    88.446; 
  59;     2.833;    26.764;    88.446; 
  60;     2.826;    26.764;    88.446; 
  61;     2.821;    26.764;    88.446; 
  62;     2.817;    26.763;    88.446; 
  63;     2.814;    26.763;    88.446; 
  64;     2.809;    26.762;    88.446; 
  65;     2.806;    26.762;    88.446; 
  66;     2.802;    26.761;    88.446; 
  67;     2.797;    26.760;    88.446; 
  68;     2.791;    26.759;    88.446; 
  69;     2.787;    26.757;    88.446; 
  70;     2.785;    26.757;    88.446; 
  71;     2.779;    26.755;    88.446; 
  72;     2.779;    26.754;    88.446; 
  73;     2.773;    26.752;    88.446; 
  74;     2.772;    26.751;    88.446; 
  75;     2.769;    26.750;    88.446; 
  76;     2.765;    26.748;    88.446; 
  77;     2.766;    26.748;    88.446; 
  78;     2.762;    26.746;    88.446; 
  79;     2.758;    26.743;    88.446; 
  80;     2.757;    26.742;    88.446; 
  81;     2.753;    26.739;    88.446; 
  82;     2.749;    26.736;    88.446; 
  83;     2.747;    26.734;    88.446; 
  84;     2.743;    26.731;    88.446; 
  85;     2.738;    26.726;    88.446; 
  86;     2.730;    26.719;    88.446; 
  87;     2.729;    26.718;    88.446; 
  88;     2.724;    26.713;    88.446; 
  89;     2.721;    26.710;    88.446; 
  90;     2.719;    26.707;    88.446; 
  91;     2.714;    26.701;    88.446; 
  92;     2.692;    26.678;    88.446; 
  93;     2.679;    26.666;    88.446; 
  94;     2.677;    26.663;    88.446; 
  95;     2.673;    26.660;    88.446; 
  96;     2.665;    26.651;    88.446; 
  97;     2.662;    26.648;    88.446; 
  98;     2.659;    26.644;    88.446; 
  99;     2.655;    26.639;    88.446; 
 100;     2.652;    26.635;    88.446; 
 101;     2.652;    26.635;    88.446; 
 102;     2.649;    26.630;    88.446; 
 103;     2.650;    26.631;    88.446; 
 104;     2.642;    26.618;    88.446; 
 105;     2.638;    26.613;    88.446; 
 106;     2.636;    26.608;    88.446; 
 107;     2.631;    26.599;    88.446; 
 108;     2.624;    26.588;    88.446; 
 109;     2.620;    26.581;    88.446; 
 110;     2.618;    26.578;    88.446; 
 111;     2.614;    26.570;    88.446; 
 112;     2.613;    26.567;    88.446; 
 113;     2.606;    26.553;    88.446; 
 114;     2.601;    26.545;    88.446; 
 115;     2.593;    26.529;    88.446; 
 116;     2.585;    26.516;    88.446; 
 117;     2.582;    26.510;    88.446; 
 118;     2.576;    26.500;    88.446; 
 119;     2.571;    26.492;    88.446; 
 120;     2.566;    26.482;    88.446; 
 121;     2.562;    26.475;    88.446; 
 122;     2.556;    26.465;    88.446; 
 123;     2.551;    26.454;    88.446; 
 124;     2.546;    26.446;    88.446; 
 125;     2.542;    26.439;    88.446; 
 126;     2.536;    26.428;    88.446; 
 127;     2.532;    26.420;    88.446; 
 128;     2.527;    26.411;    88.446; 
 129;     2.521;    26.401;    88.446; 
 130;     2.515;    26.391;    88.446; 
 131;     2.511;    26.383;    88.446; 
 132;     2.506;    26.373;    88.446; 
 133;     2.501;    26.364;    88.446; 
 134;     2.496;    26.355;    88.446; 
 135;     2.493;    26.349;    88.446; 
 136;     2.488;    26.340;    88.446; 
 137;     2.484;    26.332;    88.446; 
 138;     2.476;    26.317;    88.446; 
 139;     2.470;    26.306;    88.446; 
 140;     2.466;    26.298;    88.446; 
 141;     2.463;    26.293;    88.446; 
 142;     2.458;    26.282;    88.446; 
 143;     2.453;    26.274;    88.446; 
 144;     2.449;    26.267;    88.446; 
 145;     2.442;    26.253;    88.446; 
 146;     2.437;    26.244;    88.446; 
 147;     2.432;    26.235;    88.446; 
 148;     2.428;    26.226;    88.446; 
 149;     2.421;    26.213;    88.446; 
 150;     2.418;    26.208;    88.446; 
 151;     2.414;    26.200;    88.446; 
 152;     2.411;    26.193;    88.446; 
 153;     2.407;    26.185;    88.446; 
 154;     2.404;    26.179;    88.446; 
 155;     2.400;    26.171;    88.446; 
 156;     2.394;    26.158;    88.446; 
 157;     2.388;    26.146;    88.446; 
 158;     2.385;    26.140;    88.446; 
 159;     2.381;    26.131;    88.446; 
 160;     2.378;    26.126;    88.446; 
 161;     2.375;    26.117;    88.446; 
 162;     2.370;    26.108;    88.446; 
 163;     2.367;    26.101;    88.446; 
 164;     2.362;    26.089;    88.446; 
 165;     2.352;    26.069;    88.446; 
 166;     2.341;    26.048;    88.446; 
 167;     2.334;    26.037;    88.446; 
 168;     2.329;    26.029;    88.446; 
 169;     2.322;    26.017;    88.446; 
 170;     2.317;    26.008;    88.446; 
 171;     2.315;    26.004;    88.446; 
 172;     2.311;    25.996;    88.446; 
 173;     2.307;    25.989;    88.446; 
 174;     2.303;    25.981;    88.446; 
 175;     2.298;    25.972;    88.446; 
 176;     2.296;    25.968;    88.446; 
 177;     2.291;    25.958;    88.446; 
 178;     2.288;    25.951;    88.446; 
 179;     2.280;    25.936;    88.446; 
 180;     2.275;    25.926;    88.446; 
 181;     2.273;    25.921;    88.446; 
 182;     2.272;    25.917;    88.446; 
 183;     2.270;    25.914;    88.446; 
 184;     2.268;    25.908;    88.446; 
 185;     2.264;    25.897;    88.446; 
 186;     2.253;    25.874;    88.446; 
 187;     2.246;    25.859;    88.446; 
 188;     2.242;    25.852;    88.446; 
 189;     2.238;    25.843;    88.446; 
 190;     2.233;    25.834;    88.446; 
 191;     2.228;    25.823;    88.446; 
 192;     2.223;    25.814;    88.446; 
 193;     2.219;    25.806;    88.446; 
 194;     2.215;    25.797;    88.446; 
 195;     2.211;    25.788;    88.446; 
 196;     2.207;    25.780;    88.446; 
 197;     2.205;    25.775;    88.446; 
 198;     2.200;    25.763;    88.446; 
 199;     2.197;    25.756;    88.446; 
 200;     2.190;    25.742;    88.446; 
 201;     2.187;    25.736;    88.446; 
 202;     2.183;    25.726;    88.446; 
 203;     2.181;    25.720;    88.446; 
 204;     2.176;    25.710;    88.446; 
 205;     2.173;    25.701;    88.446; 
 206;     2.170;    25.694;    88.446; 
 207;     2.160;    25.672;    88.446; 
 208;     2.154;    25.659;    88.446; 
 209;     2.151;    25.653;    88.446; 
 210;     2.147;    25.644;    88.446; 
 211;     2.147;    25.643;    88.446; 
 212;     2.143;    25.634;    88.446; 
 213;     2.138;    25.624;    88.446; 
 214;     2.135;    25.614;    88.446; 
 215;     2.128;    25.600;    88.446; 
 216;     2.121;    25.585;    88.446; 
 217;     2.118;    25.578;    88.446; 
 218;     2.116;    25.573;    88.446; 
 219;     2.113;    25.565;    88.446; 
 220;     2.108;    25.554;    88.446; 
 221;     2.102;    25.542;    88.446; 
 222;     2.098;    25.532;    88.446; 
 223;     2.093;    25.521;    88.446; 
 224;     2.092;    25.518;    88.446; 
 225;     2.088;    25.510;    88.446; 
 226;     2.087;    25.505;    88.446; 
 227;     2.083;    25.495;    88.446; 
 228;     2.079;    25.485;    88.446; 
 229;     2.075;    25.474;    88.446; 
 230;     2.071;    25.465;    88.446; 
 231;     2.070;    25.461;    88.446; 
 232;     2.064;    25.446;    88.446; 
 233;     2.057;    25.429;    88.446; 
 234;     2.054;    25.421;    88.446; 
 235;     2.050;    25.412;    88.446; 
 236;     2.047;    25.403;    88.446; 
 237;     2.040;    25.389;    88.446; 
 238;     2.036;    25.379;    88.446; 
 239;     2.031;    25.368;    88.446; 
 240;     2.027;    25.358;    88.446; 
 241;     2.023;    25.349;    88.446; 
 242;     2.022;    25.345;    88.446; 
 243;     2.018;    25.336;    88.446; 
 244;     2.015;    25.327;    88.446; 
 245;     2.013;    25.322;    88.446; 
 246;     2.010;    25.313;    88.446; 
 247;     2.004;    25.298;    88.446; 
 248;     2.002;    25.293;    88.446; 
 249;     1.998;    25.281;    88.446; 
 250;     1.994;    25.272;    88.446; 
 251;     1.992;    25.265;    88.446; 
 252;     1.989;    25.257;    88.446; 
 253;     1.985;    25.244;    88.446; 
 254;     1.978;    25.228;    88.446; 
 255;     1.972;    25.213;    88.446; 
 256;     1.970;    25.208;    88.446; 
 257;     1.969;    25.204;    88.446; 
 258;     1.963;    25.189;    88.446; 
 259;     1.960;    25.179;    88.446; 
 260;     1.955;    25.167;    88.446; 
 261;     1.952;    25.160;    88.446; 
 262;     1.951;    25.157;    88.446; 
 263;     1.950;    25.153;    88.446; 
 264;     1.949;    25.149;    88.446; 
 265;     1.948;    25.146;    88.446; 
 266;     1.946;    25.135;    88.446; 
 267;     1.940;    25.115;    88.446; 
 268;     1.924;    25.075;    88.446; 
 269;     1.922;    25.069;    88.446; 
 270;     1.918;    25.061;    88.446; 
 271;     1.918;    25.060;    88.446; 
 272;     1.915;    25.053;    88.446; 
 273;     1.912;    25.044;    88.446; 
 274;     1.909;    25.034;    88.446; 
 275;     1.904;    25.022;    88.446; 
 276;     1.902;    25.016;    88.446; 
 277;     1.899;    25.007;    88.446; 
 278;     1.899;    25.006;    88.446; 
 279;     1.898;    25.000;    88.446; 
 280;     1.899;    25.002;    88.446; 
 281;     1.896;    24.991;    88.446; 
 282;     1.894;    24.981;    88.446; 
 283;     1.890;    24.966;    88.446; 
 284;     1.884;    24.944;    88.446; 
 285;     1.882;    24.936;    88.446; 
 286;     1.877;    24.920;    88.446; 
 287;     1.874;    24.910;    88.446; 
 288;     1.868;    24.892;    88.446; 
 289;     1.856;    24.864;    88.446; 
 290;     1.852;    24.853;    88.446; 
 291;     1.851;    24.852;    88.446; 
 292;     1.850;    24.849;    88.446; 
 293;     1.849;    24.846;    88.446; 
 294;     1.848;    24.840;    88.446; 
 295;     1.843;    24.827;    88.446; 
 296;     1.832;    24.798;    88.446; 
 297;     1.826;    24.784;    88.446; 
 298;     1.823;    24.777;    88.446; 
 299;     1.808;    24.747;    88.446; 
 300;     1.774;    24.699;    88.446; 
 301;     1.757;    24.680;    88.446; 
 302;     1.664;    24.618;    88.446; 
 303;     1.589;    24.598;    88.446; 
 304;     1.542;    24.596;    88.446; 
 305;     1.517;    24.598;    88.446; 
 306;     1.505;    24.599;    88.446; 
 307;     1.500;    24.599;    88.446; 
 308;     1.494;    24.599;    88.446; 
 309;     1.487;    24.599;    88.446; 
 310;     1.470;    24.600;    88.446; 
 311;     1.445;    24.602;    88.446; 
 312;     1.433;    24.604;    88.446; 
 313;     1.426;    24.604;    88.446; 
 314;     1.425;    24.604;    88.446; 
 315;     1.422;    24.604;    88.446; 
 316;     1.416;    24.604;    88.446; 
 317;     1.397;    24.605;    88.446; 
 318;     1.375;    24.607;    88.446; 
 319;     1.363;    24.608;    88.446; 
 320;     1.356;    24.608;    88.446; 
 321;     1.345;    24.609;    88.446; 
 322;     1.338;    24.610;    88.446; 
 323;     1.327;    24.611;    88.446; 
 324;     1.316;    24.612;    88.446; 
 325;     1.308;    24.612;    88.446; 
 326;     1.301;    24.613;    88.446; 
 327;     1.291;    24.613;    88.446; 
 328;     1.279;    24.614;    88.446; 
 329;     1.269;    24.614;    88.446; 
 330;     1.257;    24.615;    88.446; 
 331;     1.243;    24.616;    88.446; 
 332;     1.237;    24.616;    88.446; 
 333;     1.229;    24.617;    88.446; 
 334;     1.223;    24.617;    88.446; 
 335;     1.212;    24.617;    88.446; 
 336;     1.187;    24.619;    88.446; 
 337;     1.161;    24.622;    88.446; 
 338;     1.136;    24.627;    88.446; 
 339;     1.052;    24.662;    88.446; 
 340;      .995;    24.708;    88.446; 
 341;      .944;    24.785;    88.446; 
 342;      .926;    24.838;    88.446; 
 343;      .925;    24.841;    88.446; 
 344;      .918;    24.868;    88.446; 
 345;      .917;    24.872;    88.446; 
 346;      .916;    24.875;    88.446; 
 347;      .912;    24.890;    88.446; 
 348;      .908;    24.910;    88.446; 
 349;      .904;    24.928;    88.446; 
 350;      .901;    24.951;    88.446; 
 351;      .900;    24.958;    88.446; 
 352;      .899;    24.968;    88.446; 
 353;      .898;    24.975;    88.446; 
 354;      .896;    24.982;    88.446; 
 355;      .895;    24.991;    88.446; 
 356;      .894;    24.996;    88.446; 
 357;      .892;    25.007;    88.446; 
 358;      .890;    25.016;    88.446; 
 359;      .888;    25.024;    88.446; 
 360;      .886;    25.032;    88.446; 
 361;      .885;    25.039;    88.446; 
 362;      .882;    25.049;    88.446; 
 363;      .880;    25.061;    88.446; 
 364;      .876;    25.077;    88.446; 
 365;      .873;    25.092;    88.446; 
 366;      .872;    25.099;    88.446; 
 367;      .870;    25.108;    88.446; 
 368;      .868;    25.121;    88.446; 
 369;      .866;    25.130;    88.446; 
 370;      .863;    25.146;    88.446; 
 371;      .861;    25.156;    88.446; 
 372;      .860;    25.159;    88.446; 
 373;      .858;    25.167;    88.446; 
 374;      .856;    25.178;    88.446; 
 375;      .854;    25.187;    88.446; 
 376;      .851;    25.199;    88.446; 
 377;      .848;    25.217;    88.446; 
 378;      .846;    25.223;    88.446; 
 379;      .844;    25.232;    88.446; 
 380;      .843;    25.240;    88.446; 
 381;      .840;    25.250;    88.446; 
 382;      .839;    25.257;    88.446; 
 383;      .837;    25.262;    88.446; 
 384;      .835;    25.273;    88.446; 
 385;      .833;    25.278;    88.446; 
 386;      .829;    25.293;    88.446; 
 387;      .825;    25.309;    88.446; 
 388;      .823;    25.321;    88.446; 
 389;      .821;    25.329;    88.446; 
 390;      .818;    25.340;    88.446; 
 391;      .816;    25.349;    88.446; 
 392;      .813;    25.361;    88.446; 
 393;      .812;    25.367;    88.446; 
 394;      .810;    25.376;    88.446; 
 395;      .807;    25.386;    88.446; 
 396;      .805;    25.396;    88.446; 
 397;      .802;    25.405;    88.446; 
 398;      .799;    25.416;    88.446; 
 399;      .796;    25.427;    88.446; 
 400;      .793;    25.439;    88.446; 
 401;      .791;    25.447;    88.446; 
 402;      .788;    25.460;    88.446; 
 403;      .786;    25.470;    88.446; 
 404;      .783;    25.480;    88.446; 
 405;      .781;    25.491;    88.446; 
 406;      .779;    25.497;    88.446; 
 407;      .776;    25.508;    88.446; 
 408;      .775;    25.510;    88.446; 
 409;      .773;    25.517;    88.446; 
 410;      .771;    25.526;    88.446; 
 411;      .767;    25.539;    88.446; 
 412;      .764;    25.549;    88.446; 
 413;      .760;    25.561;    88.446; 
 414;      .758;    25.569;    88.446; 
 415;      .754;    25.581;    88.446; 
 416;      .752;    25.589;    88.446; 
 417;      .748;    25.603;    88.446; 
 418;      .745;    25.612;    88.446; 
 419;      .742;    25.625;    88.446; 
 420;      .738;    25.636;    88.446; 
 421;      .735;    25.647;    88.446; 
 422;      .733;    25.655;    88.446; 
 423;      .732;    25.659;    88.446; 
 424;      .730;    25.665;    88.446; 
 425;      .727;    25.674;    88.446; 
 426;      .724;    25.682;    88.446; 
 427;      .720;    25.692;    88.446; 
 428;      .715;    25.710;    88.446; 
 429;      .710;    25.728;    88.446; 
 430;      .705;    25.745;    88.446; 
 431;      .703;    25.753;    88.446; 
 432;      .701;    25.760;    88.446; 
 433;      .700;    25.762;    88.446; 
 434;      .698;    25.769;    88.446; 
 435;      .696;    25.777;    88.446; 
 436;      .692;    25.786;    88.446; 
 437;      .688;    25.800;    88.446; 
 438;      .685;    25.810;    88.446; 
 439;      .683;    25.817;    88.446; 
 440;      .679;    25.830;    88.446; 
 441;      .675;    25.840;    88.446; 
 442;      .671;    25.854;    88.446; 
 443;      .669;    25.860;    88.446; 
 444;      .667;    25.868;    88.446; 
 445;      .664;    25.875;    88.446; 
 446;      .662;    25.880;    88.446; 
 447;      .656;    25.897;    88.446; 
 448;      .651;    25.915;    88.446; 
 449;      .649;    25.921;    88.446; 
 450;      .647;    25.927;    88.446; 
 451;      .643;    25.939;    88.446; 
 452;      .640;    25.948;    88.446; 
 453;      .636;    25.959;    88.446; 
 454;      .634;    25.966;    88.446; 
 455;      .629;    25.980;    88.446; 
 456;      .627;    25.986;    88.446; 
 457;      .623;    25.997;    88.446; 
 458;      .620;    26.005;    88.446; 
 459;      .617;    26.015;    88.446; 
 460;      .614;    26.022;    88.446; 
 461;      .611;    26.030;    88.446; 
 462;      .607;    26.042;    88.446; 
 463;      .602;    26.056;    88.446; 
 464;      .600;    26.063;    88.446; 
 465;      .598;    26.069;    88.446; 
 466;      .594;    26.079;    88.446; 
 467;      .590;    26.088;    88.446; 
 468;      .589;    26.091;    88.446; 
 469;      .586;    26.097;    88.446; 
 470;      .582;    26.107;    88.446; 
 471;      .575;    26.123;    88.446; 
 472;      .562;    26.165;    88.446; 
 473;      .560;    26.173;    88.446; 
 474;      .558;    26.180;    88.446; 
 475;      .557;    26.184;    88.446; 
 476;      .555;    26.188;    88.446; 
 477;      .553;    26.195;    88.446; 
 478;      .549;    26.207;    88.446; 
 479;      .546;    26.214;    88.446; 
 480;      .545;    26.217;    88.446; 
 481;      .540;    26.230;    88.446; 
 482;      .537;    26.238;    88.446; 
 483;      .532;    26.251;    88.446; 
 484;      .528;    26.263;    88.446; 
 485;      .524;    26.272;    88.446; 
 486;      .520;    26.285;    88.446; 
 487;      .517;    26.291;    88.446; 
 488;      .514;    26.300;    88.446; 
 489;      .511;    26.309;    88.446; 
 490;      .506;    26.320;    88.446; 
 491;      .501;    26.334;    88.446; 
 492;      .499;    26.342;    88.446; 
 493;      .494;    26.354;    88.446; 
 494;      .493;    26.357;    88.446; 
 495;      .490;    26.366;    88.446; 
 496;      .486;    26.376;    88.446; 
 497;      .481;    26.387;    88.446; 
 498;      .477;    26.396;    88.446; 
 499;      .474;    26.405;    88.446; 
 500;      .470;    26.416;    88.446; 
 501;      .465;    26.426;    88.446; 
 502;      .460;    26.442;    88.446; 
 503;      .457;    26.449;    88.446; 
 504;      .454;    26.456;    88.446; 
 505;      .450;    26.468;    88.446; 
 506;      .447;    26.475;    88.446; 
 507;      .442;    26.487;    88.446; 
 508;      .440;    26.493;    88.446; 
 509;      .436;    26.504;    88.446; 
 510;      .432;    26.512;    88.446; 
 511;      .428;    26.523;    88.446; 
 512;      .426;    26.528;    88.446; 
 513;      .422;    26.537;    88.446; 
 514;      .420;    26.540;    88.446; 
 515;      .415;    26.553;    88.446; 
 516;      .408;    26.569;    88.446; 
 517;      .400;    26.589;    88.446; 
 518;      .398;    26.597;    88.446; 
 519;      .395;    26.604;    88.446; 
 520;      .392;    26.612;    88.446; 
 521;      .391;    26.613;    88.446; 
 522;      .386;    26.623;    88.446; 
 523;      .382;    26.634;    88.446; 
 524;      .377;    26.646;    88.446; 
 525;      .373;    26.655;    88.446; 
 526;      .367;    26.668;    88.446; 
 527;      .365;    26.673;    88.446; 
 528;      .360;    26.686;    88.446; 
 529;      .355;    26.697;    88.446; 
 530;      .351;    26.709;    88.446; 
 531;      .345;    26.725;    88.446; 
 532;      .342;    26.732;    88.446; 
 533;      .339;    26.739;    88.446; 
 534;      .336;    26.747;    88.446; 
 535;      .333;    26.754;    88.446; 
 536;      .330;    26.761;    88.446; 
 537;      .327;    26.767;    88.446; 
 538;      .323;    26.776;    88.446; 
 539;      .320;    26.784;    88.446; 
 540;      .319;    26.785;    88.446; 
 541;      .316;    26.790;    88.446; 
 542;      .314;    26.794;    88.446; 
 543;      .310;    26.801;    88.446; 
 544;      .304;    26.810;    88.446; 
 545;      .298;    26.821;    88.446; 
 546;      .294;    26.828;    88.446; 
 547;      .290;    26.835;    88.446; 
 548;      .287;    26.839;    88.446; 
 549;      .284;    26.843;    88.446; 
 550;      .283;    26.845;    88.446; 
 551;      .281;    26.848;    88.446; 
 552;      .276;    26.853;    88.446; 
 553;      .276;    26.854;    88.446; 
 554;      .272;    26.858;    88.446; 
 555;      .270;    26.859;    88.446; 
 556;      .266;    26.863;    88.446; 
 557;      .264;    26.865;    88.446; 
 558;      .262;    26.867;    88.446; 
 559;      .260;    26.868;    88.446; 
 560;      .258;    26.870;    88.446; 
 561;      .253;    26.874;    88.446; 
 562;      .251;    26.874;    88.446; 
 563;      .248;    26.876;    88.446; 
 564;      .244;    26.879;    88.446; 
 565;      .237;    26.883;    88.446; 
 566;      .231;    26.887;    88.446; 
 567;      .224;    26.891;    88.446; 
 568;      .213;    26.897;    88.446; 
 569;      .210;    26.898;    88.446; 
 570;      .204;    26.901;    88.446; 
 571;      .200;    26.903;    88.446; 
 572;      .195;    26.905;    88.446; 
 573;      .193;    26.906;    88.446; 
 574;      .190;    26.906;    88.446; 
 575;      .188;    26.907;    88.446; 
 576;      .185;    26.907;    88.446; 
 577;      .178;    26.909;    88.446; 
 578;      .170;    26.911;    88.446; 
 579;      .166;    26.912;    88.446; 
 580;      .163;    26.913;    88.446; 
 581;      .160;    26.913;    88.446; 
 582;      .154;    26.914;    88.446; 
 583;      .150;    26.914;    88.446; 
 584;      .144;    26.915;    88.446; 
 585;      .141;    26.915;    88.446; 
 586;      .136;    26.915;    88.446; 
 587;      .127;    26.916;    88.446; 
 588;      .117;    26.916;    88.446; 
 589;      .103;    26.917;    88.446; 
 590;      .090;    26.917;    88.446; 
 591;      .085;    26.918;    88.446; 
 592;      .080;    26.918;    88.446; 
 593;      .075;    26.917;    88.446; 
 594;      .068;    26.917;    88.446; 
 595;      .061;    26.917;    88.446; 
 596;      .054;    26.917;    88.446; 
 597;      .042;    26.916;    88.446; 
 598;      .025;    26.916;    88.446; 
 599;      .008;    26.916;    88.446; 
 600;     -.002;    26.916;    88.446; 
 601;     -.010;    26.916;    88.446; 
 602;     -.017;    26.916;    88.446; 
 603;     -.026;    26.916;    88.446; 
 604;     -.039;    26.915;    88.446; 
 605;     -.049;    26.915;    88.446; 
 606;     -.060;    26.915;    88.446; 
 607;     -.065;    26.915;    88.446; 
 608;     -.076;    26.914;    88.446; 
 609;     -.089;    26.914;    88.446; 
 610;     -.112;    26.914;    88.446; 
 611;     -.133;    26.915;    88.446; 
 612;     -.142;    26.915;    88.446; 
 613;     -.149;    26.916;    88.446; 
 614;     -.157;    26.916;    88.446; 
 615;     -.162;    26.916;    88.446; 
 616;     -.171;    26.916;    88.446; 
 617;     -.181;    26.916;    88.446; 
 618;     -.191;    26.916;    88.446; 
 619;     -.203;    26.916;    88.446; 
 620;     -.211;    26.916;    88.446; 
 621;     -.220;    26.916;    88.446; 
 622;     -.231;    26.916;    88.446; 
 623;     -.241;    26.916;    88.446; 
 624;     -.250;    26.916;    88.446; 
 625;     -.256;    26.915;    88.446; 
 626;     -.264;    26.915;    88.446; 
 627;     -.277;    26.915;    88.446; 
 628;     -.292;    26.915;    88.446; 
 629;     -.299;    26.915;    88.446; 
 630;     -.305;    26.914;    88.446; 
 631;     -.310;    26.914;    88.446; 
 632;     -.331;    26.913;    88.446; 
 633;     -.351;    26.913;    88.446; 
 634;     -.373;    26.915;    88.446; 
 635;     -.380;    26.915;    88.446; 
 636;     -.386;    26.915;    88.446; 
 637;     -.393;    26.915;    88.446; 
 638;     -.397;    26.915;    88.446; 
 639;     -.402;    26.915;    88.446; 
 640;     -.405;    26.914;    88.446; 
 641;     -.408;    26.914;    88.446; 
 642;     -.412;    26.913;    88.446; 
 643;     -.416;    26.913;    88.446; 
 644;     -.416;    26.912;    88.446; 
 645;     -.420;    26.912;    88.446; 
 646;     -.421;    26.911;    88.446; 
 647;     -.423;    26.910;    88.446; 
 648;     -.426;    26.909;    88.446; 
 649;     -.429;    26.908;    88.446; 
 650;     -.434;    26.906;    88.446; 
 651;     -.443;    26.902;    88.446; 
 652;     -.453;    26.898;    88.446; 
 653;     -.461;    26.895;    88.446; 
 654;     -.467;    26.892;    88.446; 
 655;     -.471;    26.890;    88.446; 
 656;     -.470;    26.890;    88.446; 
 657;     -.474;    26.888;    88.446; 
 658;     -.476;    26.887;    88.446; 
 659;     -.488;    26.880;    88.446; 
 660;     -.496;    26.875;    88.446; 
 661;     -.506;    26.869;    88.446; 
 662;     -.519;    26.862;    88.446; 
 663;     -.528;    26.857;    88.446; 
 664;     -.532;    26.855;    88.446; 
 665;     -.533;    26.854;    88.446; 
 666;     -.538;    26.851;    88.446; 
 667;     -.539;    26.850;    88.446; 
 668;     -.542;    26.847;    88.446; 
 669;     -.543;    26.846;    88.446; 
 670;     -.544;    26.845;    88.446; 
 671;     -.548;    26.841;    88.446; 
 672;     -.549;    26.840;    88.446; 
 673;     -.551;    26.838;    88.446; 
 674;     -.552;    26.836;    88.446; 
 675;     -.555;    26.832;    88.446; 
 676;     -.558;    26.829;    88.446; 
 677;     -.560;    26.826;    88.446; 
 678;     -.563;    26.821;    88.446; 
 679;     -.566;    26.817;    88.446; 
 680;     -.569;    26.812;    88.446; 
 681;     -.573;    26.804;    88.446; 
 682;     -.576;    26.800;    88.446; 
 683;     -.580;    26.794;    88.446; 
 684;     -.582;    26.789;    88.446; 
 685;     -.587;    26.779;    88.446; 
 686;     -.588;    26.778;    88.446; 
 687;     -.594;    26.766;    88.446; 
 688;     -.591;    26.770;    88.446; 
 689;     -.596;    26.759;    88.446; 
 690;     -.598;    26.755;    88.446; 
 691;     -.602;    26.745;    88.446; 
 692;     -.602;    26.742;    88.446; 
 693;     -.605;    26.733;    88.446; 
 694;     -.613;    26.713;    88.446; 
 695;     -.621;    26.694;    88.446; 
 696;     -.626;    26.682;    88.446; 
 697;     -.628;    26.678;    88.446; 
 698;     -.630;    26.672;    88.446; 
 699;     -.630;    26.672;    88.446; 
 700;     -.631;    26.668;    88.446; 
 701;     -.636;    26.654;    88.446; 
 702;     -.638;    26.646;    88.446; 
 703;     -.648;    26.623;    88.446; 
 704;     -.656;    26.603;    88.446; 
 705;     -.663;    26.589;    88.446; 
 706;     -.667;    26.580;    88.446; 
 707;     -.669;    26.575;    88.446; 
 708;     -.673;    26.567;    88.446; 
 709;     -.675;    26.560;    88.446; 
 710;     -.679;    26.552;    88.446; 
 711;     -.681;    26.547;    88.446; 
 712;     -.684;    26.539;    88.446; 
 713;     -.687;    26.529;    88.446; 
 714;     -.693;    26.515;    88.446; 
 715;     -.695;    26.508;    88.446; 
 716;     -.702;    26.492;    88.446; 
 717;     -.705;    26.483;    88.446; 
 718;     -.709;    26.474;    88.446; 
 719;     -.713;    26.464;    88.446; 
 720;     -.715;    26.457;    88.446; 
 721;     -.720;    26.445;    88.446; 
 722;     -.723;    26.437;    88.446; 
 723;     -.727;    26.426;    88.446; 
 724;     -.732;    26.416;    88.446; 
 725;     -.736;    26.405;    88.446; 
 726;     -.738;    26.398;    88.446; 
 727;     -.742;    26.389;    88.446; 
 728;     -.745;    26.381;    88.446; 
 729;     -.747;    26.375;    88.446; 
 730;     -.752;    26.360;    88.446; 
 731;     -.755;    26.354;    88.446; 
 732;     -.759;    26.341;    88.446; 
 733;     -.763;    26.331;    88.446; 
 734;     -.766;    26.322;    88.446; 
 735;     -.768;    26.317;    88.446; 
 736;     -.772;    26.305;    88.446; 
 737;     -.778;    26.290;    88.446; 
 738;     -.781;    26.281;    88.446; 
 739;     -.785;    26.271;    88.446; 
 740;     -.787;    26.265;    88.446; 
 741;     -.791;    26.256;    88.446; 
 742;     -.792;    26.252;    88.446; 
 743;     -.793;    26.247;    88.446; 
 744;     -.795;    26.242;    88.446; 
 745;     -.797;    26.232;    88.446; 
 746;     -.801;    26.220;    88.446; 
 747;     -.806;    26.204;    88.446; 
 748;     -.814;    26.183;    88.446; 
 749;     -.817;    26.173;    88.446; 
 750;     -.821;    26.163;    88.446; 
 751;     -.823;    26.156;    88.446; 
 752;     -.828;    26.145;    88.446; 
 753;     -.830;    26.138;    88.446; 
 754;     -.835;    26.124;    88.446; 
 755;     -.840;    26.111;    88.446; 
 756;     -.844;    26.102;    88.446; 
 757;     -.848;    26.092;    88.446; 
 758;     -.851;    26.083;    88.446; 
 759;     -.852;    26.079;    88.446; 
 760;     -.854;    26.073;    88.446; 
 761;     -.856;    26.067;    88.446; 
 762;     -.861;    26.053;    88.446; 
 763;     -.866;    26.040;    88.446; 
 764;     -.871;    26.026;    88.446; 
 765;     -.874;    26.016;    88.446; 
 766;     -.877;    26.009;    88.446; 
 767;     -.880;    26.001;    88.446; 
 768;     -.883;    25.991;    88.446; 
 769;     -.885;    25.985;    88.446; 
 770;     -.890;    25.971;    88.446; 
 771;     -.893;    25.963;    88.446; 
 772;     -.896;    25.954;    88.446; 
 773;     -.898;    25.946;    88.446; 
 774;     -.900;    25.939;    88.446; 
 775;     -.906;    25.922;    88.446; 
 776;     -.910;    25.910;    88.446; 
 777;     -.914;    25.901;    88.446; 
 778;     -.917;    25.892;    88.446; 
 779;     -.920;    25.883;    88.446; 
 780;     -.921;    25.878;    88.446; 
 781;     -.924;    25.869;    88.446; 
 782;     -.929;    25.855;    88.446; 
 783;     -.932;    25.845;    88.446; 
 784;     -.937;    25.830;    88.446; 
 785;     -.940;    25.820;    88.446; 
 786;     -.943;    25.811;    88.446; 
 787;     -.947;    25.801;    88.446; 
 788;     -.948;    25.796;    88.446; 
 789;     -.952;    25.785;    88.446; 
 790;     -.954;    25.777;    88.446; 
 791;     -.957;    25.768;    88.446; 
 792;     -.961;    25.755;    88.446; 
 793;     -.963;    25.748;    88.446; 
 794;     -.967;    25.736;    88.446; 
 795;     -.971;    25.723;    88.446; 
 796;     -.974;    25.713;    88.446; 
 797;     -.976;    25.705;    88.446; 
 798;     -.979;    25.697;    88.446; 
 799;     -.982;    25.687;    88.446; 
 800;     -.984;    25.679;    88.446; 
 801;     -.987;    25.670;    88.446; 
 802;     -.989;    25.661;    88.446; 
 803;     -.992;    25.653;    88.446; 
 804;     -.994;    25.645;    88.446; 
 805;     -.996;    25.637;    88.446; 
 806;     -.998;    25.627;    88.446; 
 807;    -1.002;    25.615;    88.446; 
 808;    -1.007;    25.596;    88.446; 
 809;    -1.011;    25.584;    88.446; 
 810;    -1.012;    25.581;    88.446; 
 811;    -1.014;    25.573;    88.446; 
 812;    -1.014;    25.570;    88.446; 
 813;    -1.015;    25.568;    88.446; 
 814;    -1.018;    25.553;    88.446; 
 815;    -1.021;    25.539;    88.446; 
 816;    -1.027;    25.518;    88.446; 
 817;    -1.032;    25.502;    88.446; 
 818;    -1.036;    25.489;    88.446; 
 819;    -1.039;    25.482;    88.446; 
 820;    -1.041;    25.475;    88.446; 
 821;    -1.042;    25.471;    88.446; 
 822;    -1.044;    25.464;    88.446; 
 823;    -1.045;    25.457;    88.446; 
 824;    -1.047;    25.450;    88.446; 
 825;    -1.050;    25.437;    88.446; 
 826;    -1.052;    25.430;    88.446; 
 827;    -1.058;    25.407;    88.446; 
 828;    -1.061;    25.396;    88.446; 
 829;    -1.064;    25.386;    88.446; 
 830;    -1.066;    25.378;    88.446; 
 831;    -1.068;    25.372;    88.446; 
 832;    -1.070;    25.362;    88.446; 
 833;    -1.072;    25.357;    88.446; 
 834;    -1.072;    25.354;    88.446; 
 835;    -1.073;    25.347;    88.446; 
 836;    -1.073;    25.345;    88.446; 
 837;    -1.078;    25.321;    88.446; 
 838;    -1.084;    25.298;    88.446; 
 839;    -1.089;    25.280;    88.446; 
 840;    -1.090;    25.276;    88.446; 
 841;    -1.093;    25.265;    88.446; 
 842;    -1.093;    25.264;    88.446; 
 843;    -1.097;    25.251;    88.446; 
 844;    -1.098;    25.246;    88.446; 
 845;    -1.101;    25.234;    88.446; 
 846;    -1.105;    25.217;    88.446; 
 847;    -1.106;    25.214;    88.446; 
 848;    -1.107;    25.207;    88.446; 
 849;    -1.108;    25.204;    88.446; 
 850;    -1.110;    25.192;    88.446; 
 851;    -1.113;    25.179;    88.446; 
 852;    -1.115;    25.170;    88.446; 
 853;    -1.118;    25.156;    88.446; 
 854;    -1.121;    25.144;    88.446; 
 855;    -1.123;    25.132;    88.446; 
 856;    -1.125;    25.125;    88.446; 
 857;    -1.127;    25.115;    88.446; 
 858;    -1.128;    25.111;    88.446; 
 859;    -1.130;    25.101;    88.446; 
 860;    -1.132;    25.090;    88.446; 
 861;    -1.133;    25.082;    88.446; 
 862;    -1.136;    25.069;    88.446; 
 863;    -1.140;    25.052;    88.446; 
 864;    -1.141;    25.045;    88.446; 
 865;    -1.143;    25.037;    88.446; 
 866;    -1.145;    25.026;    88.446; 
 867;    -1.147;    25.017;    88.446; 
 868;    -1.149;    25.006;    88.446; 
 869;    -1.152;    24.993;    88.446; 
 870;    -1.153;    24.986;    88.446; 
 871;    -1.155;    24.979;    88.446; 
 872;    -1.156;    24.972;    88.446; 
 873;    -1.157;    24.965;    88.446; 
 874;    -1.158;    24.956;    88.446; 
 875;    -1.159;    24.948;    88.446; 
 876;    -1.161;    24.937;    88.446; 
 877;    -1.162;    24.928;    88.446; 
 878;    -1.163;    24.920;    88.446; 
 879;    -1.163;    24.917;    88.446; 
 880;    -1.167;    24.890;    88.446; 
 881;    -1.171;    24.870;    88.446; 
 882;    -1.180;    24.838;    88.446; 
 883;    -1.188;    24.814;    88.446; 
 884;    -1.195;    24.797;    88.446; 
 885;    -1.201;    24.784;    88.446; 
 886;    -1.208;    24.767;    88.446; 
 887;    -1.217;    24.750;    88.446; 
 888;    -1.265;    24.685;    88.446; 
 889;    -1.357;    24.624;    88.446; 
 890;    -1.436;    24.605;    88.446; 
 891;    -1.450;    24.604;    88.446; 
 892;    -1.461;    24.603;    88.446; 
 893;    -1.473;    24.601;    88.446; 
 894;    -1.489;    24.600;    88.446; 
 895;    -1.502;    24.600;    88.446; 
 896;    -1.514;    24.599;    88.446; 
 897;    -1.521;    24.599;    88.446; 
 898;    -1.528;    24.598;    88.446; 
 899;    -1.538;    24.597;    88.446; 
 900;    -1.554;    24.597;    88.446; 
 901;    -1.565;    24.596;    88.446; 
 902;    -1.576;    24.595;    88.446; 
 903;    -1.587;    24.595;    88.446; 
 904;    -1.597;    24.594;    88.446; 
 905;    -1.605;    24.594;    88.446; 
 906;    -1.613;    24.593;    88.446; 
 907;    -1.625;    24.593;    88.446; 
 908;    -1.635;    24.592;    88.446; 
 909;    -1.647;    24.591;    88.446; 
 910;    -1.660;    24.591;    88.446; 
 911;    -1.669;    24.590;    88.446; 
 912;    -1.679;    24.589;    88.446; 
 913;    -1.689;    24.589;    88.446; 
 914;    -1.698;    24.588;    88.446; 
 915;    -1.706;    24.588;    88.446; 
 916;    -1.714;    24.587;    88.446; 
 917;    -1.719;    24.586;    88.446; 
 918;    -1.730;    24.585;    88.446; 
 919;    -1.742;    24.584;    88.446; 
 920;    -1.762;    24.582;    88.446; 
 921;    -1.781;    24.582;    88.446; 
 922;    -1.790;    24.581;    88.446; 
 923;    -1.802;    24.581;    88.446; 
 924;    -1.827;    24.582;    88.446; 
 925;    -1.858;    24.584;    88.446; 
 926;    -1.925;    24.602;    88.446; 
 927;    -2.027;    24.673;    88.446; 
 928;    -2.063;    24.721;    88.446; 
 929;    -2.081;    24.757;    88.446; 
 930;    -2.087;    24.772;    88.446; 
 931;    -2.092;    24.783;    88.446; 
 932;    -2.096;    24.791;    88.446; 
 933;    -2.100;    24.799;    88.446; 
 934;    -2.105;    24.813;    88.446; 
 935;    -2.111;    24.825;    88.446; 
 936;    -2.121;    24.855;    88.446; 
 937;    -2.124;    24.867;    88.446; 
 938;    -2.127;    24.876;    88.446; 
 939;    -2.130;    24.884;    88.446; 
 940;    -2.134;    24.898;    88.446; 
 941;    -2.138;    24.911;    88.446; 
 942;    -2.141;    24.922;    88.446; 
 943;    -2.142;    24.927;    88.446; 
 944;    -2.145;    24.933;    88.446; 
 945;    -2.145;    24.933;    88.446; 
 946;    -2.150;    24.947;    88.446; 
 947;    -2.152;    24.954;    88.446; 
 948;    -2.159;    24.973;    88.446; 
 949;    -2.160;    24.977;    88.446; 
 950;    -2.163;    24.983;    88.446; 
 951;    -2.165;    24.990;    88.446; 
 952;    -2.167;    24.995;    88.446; 
 953;    -2.172;    25.006;    88.446; 
 954;    -2.179;    25.026;    88.446; 
 955;    -2.186;    25.047;    88.446; 
 956;    -2.189;    25.056;    88.446; 
 957;    -2.193;    25.067;    88.446; 
 958;    -2.195;    25.073;    88.446; 
 959;    -2.198;    25.086;    88.446; 
 960;    -2.201;    25.092;    88.446; 
 961;    -2.203;    25.098;    88.446; 
 962;    -2.208;    25.113;    88.446; 
 963;    -2.210;    25.120;    88.446; 
 964;    -2.214;    25.131;    88.446; 
 965;    -2.216;    25.136;    88.446; 
 966;    -2.220;    25.148;    88.446; 
 967;    -2.224;    25.157;    88.446; 
 968;    -2.227;    25.168;    88.446; 
 969;    -2.230;    25.174;    88.446; 
 970;    -2.234;    25.184;    88.446; 
 971;    -2.235;    25.188;    88.446; 
 972;    -2.237;    25.190;    88.446; 
 973;    -2.239;    25.196;    88.446; 
 974;    -2.241;    25.200;    88.446; 
 975;    -2.251;    25.220;    88.446; 
 976;    -2.262;    25.251;    88.446; 
 977;    -2.269;    25.272;    88.446; 
 978;    -2.269;    25.274;    88.446; 
 979;    -2.271;    25.280;    88.446; 
 980;    -2.275;    25.289;    88.446; 
 981;    -2.276;    25.294;    88.446; 
 982;    -2.280;    25.303;    88.446; 
 983;    -2.283;    25.310;    88.446; 
 984;    -2.288;    25.323;    88.446; 
 985;    -2.292;    25.334;    88.446; 
 986;    -2.294;    25.340;    88.446; 
 987;    -2.298;    25.349;    88.446; 
 988;    -2.301;    25.356;    88.446; 
 989;    -2.305;    25.365;    88.446; 
 990;    -2.309;    25.376;    88.446; 
 991;    -2.314;    25.388;    88.446; 
 992;    -2.317;    25.397;    88.446; 
 993;    -2.322;    25.409;    88.446; 
 994;    -2.324;    25.415;    88.446; 
 995;    -2.327;    25.421;    88.446; 
 996;    -2.332;    25.432;    88.446; 
 997;    -2.335;    25.439;    88.446; 
 998;    -2.339;    25.449;    88.446; 
 999;    -2.344;    25.460;    88.446; 
1000;    -2.350;    25.474;    88.446; 
1001;    -2.353;    25.482;    88.446; 
1002;    -2.358;    25.493;    88.446; 
1003;    -2.360;    25.498;    88.446; 
1004;    -2.363;    25.506;    88.446; 
1005;    -2.368;    25.517;    88.446; 
1006;    -2.374;    25.530;    88.446; 
1007;    -2.379;    25.542;    88.446; 
1008;    -2.382;    25.550;    88.446; 
1009;    -2.386;    25.559;    88.446; 
1010;    -2.389;    25.566;    88.446; 
1011;    -2.393;    25.576;    88.446; 
1012;    -2.395;    25.580;    88.446; 
1013;    -2.401;    25.594;    88.446; 
1014;    -2.405;    25.603;    88.446; 
1015;    -2.410;    25.612;    88.446; 
1016;    -2.413;    25.620;    88.446; 
1017;    -2.417;    25.630;    88.446; 
1018;    -2.423;    25.642;    88.446; 
1019;    -2.428;    25.653;    88.446; 
1020;    -2.433;    25.664;    88.446; 
1021;    -2.435;    25.669;    88.446; 
1022;    -2.439;    25.679;    88.446; 
1023;    -2.444;    25.689;    88.446; 
1024;    -2.449;    25.701;    88.446; 
1025;    -2.452;    25.707;    88.446; 
1026;    -2.456;    25.717;    88.446; 
1027;    -2.460;    25.725;    88.446; 
1028;    -2.462;    25.730;    88.446; 
1029;    -2.465;    25.735;    88.446; 
1030;    -2.467;    25.738;    88.446; 
1031;    -2.471;    25.746;    88.446; 
1032;    -2.476;    25.756;    88.446; 
1033;    -2.492;    25.790;    88.446; 
1034;    -2.497;    25.803;    88.446; 
1035;    -2.498;    25.805;    88.446; 
1036;    -2.501;    25.812;    88.446; 
1037;    -2.504;    25.817;    88.446; 
1038;    -2.509;    25.827;    88.446; 
1039;    -2.513;    25.836;    88.446; 
1040;    -2.518;    25.846;    88.446; 
1041;    -2.521;    25.853;    88.446; 
1042;    -2.525;    25.861;    88.446; 
1043;    -2.528;    25.866;    88.446; 
1044;    -2.530;    25.870;    88.446; 
1045;    -2.535;    25.879;    88.446; 
1046;    -2.537;    25.882;    88.446; 
1047;    -2.544;    25.893;    88.446; 
1048;    -2.558;    25.922;    88.446; 
1049;    -2.565;    25.938;    88.446; 
1050;    -2.571;    25.951;    88.446; 
1051;    -2.573;    25.956;    88.446; 
1052;    -2.577;    25.964;    88.446; 
1053;    -2.580;    25.972;    88.446; 
1054;    -2.585;    25.982;    88.446; 
1055;    -2.590;    25.994;    88.446; 
1056;    -2.593;    26.000;    88.446; 
1057;    -2.597;    26.008;    88.446; 
1058;    -2.600;    26.014;    88.446; 
1059;    -2.603;    26.019;    88.446; 
1060;    -2.609;    26.031;    88.446; 
1061;    -2.613;    26.039;    88.446; 
1062;    -2.619;    26.050;    88.446; 
1063;    -2.623;    26.058;    88.446; 
1064;    -2.628;    26.067;    88.446; 
1065;    -2.630;    26.072;    88.446; 
1066;    -2.635;    26.080;    88.446; 
1067;    -2.638;    26.085;    88.446; 
1068;    -2.642;    26.092;    88.446; 
1069;    -2.648;    26.102;    88.446; 
1070;    -2.658;    26.121;    88.446; 
1071;    -2.667;    26.139;    88.446; 
1072;    -2.672;    26.149;    88.446; 
1073;    -2.676;    26.159;    88.446; 
1074;    -2.679;    26.163;    88.446; 
1075;    -2.683;    26.171;    88.446; 
1076;    -2.691;    26.187;    88.446; 
1077;    -2.695;    26.196;    88.446; 
1078;    -2.699;    26.204;    88.446; 
1079;    -2.704;    26.214;    88.446; 
1080;    -2.706;    26.218;    88.446; 
1081;    -2.711;    26.226;    88.446; 
1082;    -2.714;    26.233;    88.446; 
1083;    -2.718;    26.240;    88.446; 
1084;    -2.723;    26.248;    88.446; 
1085;    -2.731;    26.262;    88.446; 
1086;    -2.736;    26.271;    88.446; 
1087;    -2.738;    26.276;    88.446; 
1088;    -2.744;    26.287;    88.446; 
1089;    -2.750;    26.298;    88.446; 
1090;    -2.756;    26.309;    88.446; 
1091;    -2.760;    26.316;    88.446; 
1092;    -2.765;    26.324;    88.446; 
1093;    -2.769;    26.332;    88.446; 
1094;    -2.774;    26.339;    88.446; 
1095;    -2.782;    26.354;    88.446; 
1096;    -2.786;    26.363;    88.446; 
1097;    -2.792;    26.373;    88.446; 
1098;    -2.798;    26.385;    88.446; 
1099;    -2.801;    26.390;    88.446; 
1100;    -2.807;    26.400;    88.446; 
1101;    -2.812;    26.409;    88.446; 
1102;    -2.815;    26.416;    88.446; 
1103;    -2.820;    26.424;    88.446; 
1104;    -2.825;    26.432;    88.446; 
1105;    -2.830;    26.440;    88.446; 
1106;    -2.835;    26.449;    88.446; 
1107;    -2.842;    26.462;    88.446; 
1108;    -2.848;    26.472;    88.446; 
1109;    -2.852;    26.479;    88.446; 
1110;    -2.857;    26.488;    88.446; 
1111;    -2.865;    26.502;    88.446; 
1112;    -2.868;    26.508;    88.446; 
1113;    -2.877;    26.523;    88.446; 
1114;    -2.880;    26.528;    88.446; 
1115;    -2.883;    26.534;    88.446; 
1116;    -2.886;    26.538;    88.446; 
1117;    -2.891;    26.546;    88.446; 
1118;    -2.897;    26.555;    88.446; 
1119;    -2.907;    26.572;    88.446; 
1120;    -2.917;    26.591;    88.446; 
1121;    -2.921;    26.597;    88.446; 
1122;    -2.927;    26.609;    88.446; 
1123;    -2.931;    26.617;    88.446; 
1124;    -2.935;    26.624;    88.446; 
1125;    -2.939;    26.630;    88.446; 
1126;    -2.940;    26.632;    88.446; 
1127;    -2.943;    26.636;    88.446; 
1128;    -2.945;    26.639;    88.446; 
1129;    -2.949;    26.644;    88.446; 
1130;    -2.958;    26.657;    88.446; 
