[A]
   1;     2.877;    26.773;    88.447; 
   2;     2.867;    26.774;    88.447; 
   3;     2.853;    26.776;    88.447; 
   4;     2.841;    26.777;    88.447; 
   5;     2.831;    26.778;    88.447; 
   6;     2.823;    26.780;    88.447; 
   7;     2.815;    26.780;    88.447; 
   8;     2.809;    26.781;    88.447; 
   9;     2.799;    26.782;    88.447; 
  10;     2.792;    26.782;    88.447; 
  11;     2.784;    26.783;    88.447; 
  12;     2.779;    26.783;    88.447; 
  13;     2.773;    26.783;    88.447; 
  14;     2.768;    26.783;    88.447; 
  15;     2.763;    26.783;    88.447; 
  16;     2.759;    26.783;    88.447; 
  17;     2.754;    26.782;    88.447; 
  18;     2.749;    26.782;    88.447; 
  19;     2.745;    26.781;    88.447; 
  20;     2.738;    26.780;    88.447; 
  21;     2.735;    26.779;    88.447; 
  22;     2.728;    26.778;    88.447; 
  23;     2.724;    26.777;    88.447; 
  24;     2.720;    26.776;    88.447; 
  25;     2.717;    26.775;    88.447; 
  26;     2.713;    26.774;    88.447; 
  27;     2.708;    26.772;    88.447; 
  28;     2.707;    26.772;    88.447; 
  29;     2.703;    26.770;    88.447; 
  30;     2.700;    26.768;    88.447; 
  31;     2.698;    26.767;    88.447; 
  32;     2.693;    26.765;    88.447; 
  33;     2.687;    26.762;    88.447; 
  34;     2.683;    26.760;    88.447; 
  35;     2.681;    26.758;    88.447; 
  36;     2.679;    26.757;    88.447; 
  37;     2.672;    26.752;    88.447; 
  38;     2.661;    26.745;    88.447; 
  39;     2.650;    26.738;    88.447; 
  40;     2.643;    26.734;    88.447; 
  41;     2.637;    26.729;    88.447; 
  42;     2.633;    26.727;    88.447; 
  43;     2.631;    26.724;    88.447; 
  44;     2.625;    26.720;    88.447; 
  45;     2.624;    26.719;    88.447; 
  46;     2.623;    26.718;    88.447; 
  47;     2.619;    26.714;    88.447; 
  48;     2.616;    26.711;    88.447; 
  49;     2.614;    26.709;    88.447; 
  50;     2.612;    26.706;    88.447; 
  51;     2.606;    26.700;    88.447; 
  52;     2.605;    26.697;    88.447; 
  53;     2.601;    26.692;    88.447; 
  54;     2.599;    26.689;    88.447; 
  55;     2.594;    26.682;    88.447; 
  56;     2.592;    26.679;    88.447; 
  57;     2.590;    26.675;    88.447; 
  58;     2.586;    26.669;    88.447; 
  59;     2.581;    26.660;    88.447; 
  60;     2.579;    26.656;    88.447; 
  61;     2.572;    26.644;    88.447; 
  62;     2.568;    26.636;    88.447; 
  63;     2.561;    26.624;    88.447; 
  64;     2.556;    26.615;    88.447; 
  65;     2.552;    26.607;    88.447; 
  66;     2.549;    26.602;    88.447; 
  67;     2.544;    26.592;    88.447; 
  68;     2.539;    26.583;    88.447; 
  69;     2.536;    26.577;    88.447; 
  70;     2.530;    26.567;    88.447; 
  71;     2.524;    26.555;    88.447; 
  72;     2.517;    26.542;    88.447; 
  73;     2.511;    26.532;    88.447; 
  74;     2.507;    26.524;    88.447; 
  75;     2.501;    26.515;    88.447; 
  76;     2.497;    26.507;    88.447; 
  77;     2.490;    26.495;    88.447; 
  78;     2.486;    26.488;    88.447; 
  79;     2.483;    26.482;    88.447; 
  80;     2.477;    26.470;    88.447; 
  81;     2.474;    26.465;    88.447; 
  82;     2.470;    26.457;    88.447; 
  83;     2.462;    26.441;    88.447; 
  84;     2.459;    26.436;    88.447; 
  85;     2.452;    26.424;    88.447; 
  86;     2.448;    26.415;    88.447; 
  87;     2.443;    26.406;    88.447; 
  88;     2.438;    26.396;    88.447; 
  89;     2.431;    26.384;    88.447; 
  90;     2.426;    26.376;    88.447; 
  91;     2.422;    26.368;    88.447; 
  92;     2.418;    26.360;    88.447; 
  93;     2.415;    26.355;    88.447; 
  94;     2.412;    26.347;    88.447; 
  95;     2.408;    26.341;    88.447; 
  96;     2.403;    26.330;    88.447; 
  97;     2.397;    26.317;    88.447; 
  98;     2.387;    26.300;    88.447; 
  99;     2.381;    26.289;    88.447; 
 100;     2.380;    26.286;    88.447; 
 101;     2.375;    26.277;    88.447; 
 102;     2.372;    26.271;    88.447; 
 103;     2.367;    26.260;    88.447; 
 104;     2.362;    26.251;    88.447; 
 105;     2.354;    26.236;    88.447; 
 106;     2.352;    26.233;    88.447; 
 107;     2.348;    26.223;    88.447; 
 108;     2.345;    26.217;    88.447; 
 109;     2.337;    26.203;    88.447; 
 110;     2.332;    26.192;    88.447; 
 111;     2.330;    26.189;    88.447; 
 112;     2.327;    26.182;    88.447; 
 113;     2.320;    26.167;    88.447; 
 114;     2.315;    26.157;    88.447; 
 115;     2.305;    26.139;    88.447; 
 116;     2.300;    26.130;    88.447; 
 117;     2.297;    26.124;    88.447; 
 118;     2.293;    26.118;    88.447; 
 119;     2.289;    26.110;    88.447; 
 120;     2.285;    26.101;    88.447; 
 121;     2.280;    26.091;    88.447; 
 122;     2.277;    26.085;    88.447; 
 123;     2.274;    26.079;    88.447; 
 124;     2.271;    26.072;    88.447; 
 125;     2.267;    26.064;    88.447; 
 126;     2.261;    26.050;    88.447; 
 127;     2.250;    26.028;    88.447; 
 128;     2.244;    26.018;    88.447; 
 129;     2.242;    26.014;    88.447; 
 130;     2.236;    26.001;    88.447; 
 131;     2.234;    25.998;    88.447; 
 132;     2.231;    25.991;    88.447; 
 133;     2.225;    25.978;    88.447; 
 134;     2.222;    25.973;    88.447; 
 135;     2.218;    25.963;    88.447; 
 136;     2.212;    25.951;    88.447; 
 137;     2.210;    25.946;    88.447; 
 138;     2.206;    25.939;    88.447; 
 139;     2.204;    25.933;    88.447; 
 140;     2.198;    25.919;    88.447; 
 141;     2.190;    25.901;    88.447; 
 142;     2.185;    25.891;    88.447; 
 143;     2.177;    25.877;    88.447; 
 144;     2.173;    25.868;    88.447; 
 145;     2.167;    25.857;    88.447; 
 146;     2.164;    25.852;    88.447; 
 147;     2.161;    25.844;    88.447; 
 148;     2.157;    25.836;    88.447; 
 149;     2.154;    25.829;    88.447; 
 150;     2.150;    25.821;    88.447; 
 151;     2.146;    25.811;    88.447; 
 152;     2.140;    25.799;    88.447; 
 153;     2.138;    25.794;    88.447; 
 154;     2.133;    25.784;    88.447; 
 155;     2.129;    25.773;    88.447; 
 156;     2.123;    25.761;    88.447; 
 157;     2.118;    25.751;    88.447; 
 158;     2.116;    25.744;    88.447; 
 159;     2.112;    25.736;    88.447; 
 160;     2.109;    25.729;    88.447; 
 161;     2.108;    25.725;    88.447; 
 162;     2.102;    25.710;    88.447; 
 163;     2.092;    25.690;    88.447; 
 164;     2.087;    25.679;    88.447; 
 165;     2.084;    25.671;    88.447; 
 166;     2.079;    25.661;    88.447; 
 167;     2.078;    25.658;    88.447; 
 168;     2.072;    25.645;    88.447; 
 169;     2.068;    25.637;    88.447; 
 170;     2.064;    25.627;    88.447; 
 171;     2.060;    25.618;    88.447; 
 172;     2.055;    25.607;    88.447; 
 173;     2.054;    25.605;    88.447; 
 174;     2.048;    25.590;    88.447; 
 175;     2.046;    25.586;    88.447; 
 176;     2.042;    25.575;    88.447; 
 177;     2.035;    25.560;    88.447; 
 178;     2.033;    25.555;    88.447; 
 179;     2.032;    25.552;    88.447; 
 180;     2.029;    25.543;    88.447; 
 181;     2.025;    25.534;    88.447; 
 182;     2.022;    25.524;    88.447; 
 183;     2.015;    25.507;    88.447; 
 184;     2.009;    25.493;    88.447; 
 185;     2.004;    25.483;    88.447; 
 186;     2.000;    25.473;    88.447; 
 187;     1.996;    25.464;    88.447; 
 188;     1.993;    25.456;    88.447; 
 189;     1.990;    25.451;    88.447; 
 190;     1.986;    25.439;    88.447; 
 191;     1.983;    25.432;    88.447; 
 192;     1.979;    25.423;    88.447; 
 193;     1.974;    25.409;    88.447; 
 194;     1.971;    25.402;    88.447; 
 195;     1.965;    25.389;    88.447; 
 196;     1.962;    25.380;    88.447; 
 197;     1.958;    25.372;    88.447; 
 198;     1.955;    25.364;    88.447; 
 199;     1.952;    25.355;    88.447; 
 200;     1.949;    25.346;    88.447; 
 201;     1.946;    25.340;    88.447; 
 202;     1.941;    25.325;    88.447; 
 203;     1.937;    25.314;    88.447; 
 204;     1.933;    25.305;    88.447; 
 205;     1.928;    25.293;    88.447; 
 206;     1.926;    25.286;    88.447; 
 207;     1.924;    25.280;    88.447; 
 208;     1.922;    25.273;    88.447; 
 209;     1.921;    25.271;    88.447; 
 210;     1.917;    25.259;    88.447; 
 211;     1.912;    25.244;    88.447; 
 212;     1.904;    25.221;    88.447; 
 213;     1.900;    25.213;    88.447; 
 214;     1.897;    25.204;    88.447; 
 215;     1.894;    25.196;    88.447; 
 216;     1.892;    25.191;    88.447; 
 217;     1.889;    25.182;    88.447; 
 218;     1.887;    25.175;    88.447; 
 219;     1.884;    25.165;    88.447; 
 220;     1.881;    25.157;    88.447; 
 221;     1.877;    25.144;    88.447; 
 222;     1.872;    25.130;    88.447; 
 223;     1.869;    25.121;    88.447; 
 224;     1.865;    25.111;    88.447; 
 225;     1.863;    25.103;    88.447; 
 226;     1.862;    25.100;    88.447; 
 227;     1.861;    25.095;    88.447; 
 228;     1.858;    25.087;    88.447; 
 229;     1.856;    25.077;    88.447; 
 230;     1.853;    25.068;    88.447; 
 231;     1.850;    25.056;    88.447; 
 232;     1.844;    25.036;    88.447; 
 233;     1.834;    25.011;    88.447; 
 234;     1.829;    24.997;    88.447; 
 235;     1.825;    24.988;    88.447; 
 236;     1.824;    24.984;    88.447; 
 237;     1.823;    24.982;    88.447; 
 238;     1.821;    24.976;    88.447; 
 239;     1.819;    24.969;    88.447; 
 240;     1.817;    24.961;    88.447; 
 241;     1.815;    24.955;    88.447; 
 242;     1.811;    24.943;    88.447; 
 243;     1.810;    24.936;    88.447; 
 244;     1.808;    24.930;    88.447; 
 245;     1.807;    24.925;    88.447; 
 246;     1.804;    24.912;    88.447; 
 247;     1.799;    24.895;    88.447; 
 248;     1.790;    24.869;    88.447; 
 249;     1.787;    24.860;    88.447; 
 250;     1.783;    24.850;    88.447; 
 251;     1.780;    24.840;    88.447; 
 252;     1.774;    24.824;    88.447; 
 253;     1.767;    24.808;    88.447; 
 254;     1.766;    24.804;    88.447; 
 255;     1.761;    24.793;    88.447; 
 256;     1.750;    24.768;    88.447; 
 257;     1.731;    24.736;    88.447; 
 258;     1.700;    24.695;    88.447; 
 259;     1.640;    24.646;    88.447; 
 260;     1.526;    24.607;    88.447; 
 261;     1.493;    24.605;    88.447; 
 262;     1.479;    24.604;    88.447; 
 263;     1.468;    24.604;    88.447; 
 264;     1.447;    24.604;    88.447; 
 265;     1.433;    24.605;    88.447; 
 266;     1.418;    24.606;    88.447; 
 267;     1.408;    24.606;    88.447; 
 268;     1.394;    24.607;    88.447; 
 269;     1.385;    24.608;    88.447; 
 270;     1.377;    24.608;    88.447; 
 271;     1.375;    24.608;    88.447; 
 272;     1.373;    24.608;    88.447; 
 273;     1.374;    24.608;    88.447; 
 274;     1.366;    24.607;    88.447; 
 275;     1.351;    24.606;    88.447; 
 276;     1.328;    24.606;    88.447; 
 277;     1.286;    24.610;    88.447; 
 278;     1.261;    24.614;    88.447; 
 279;     1.249;    24.617;    88.447; 
 280;     1.244;    24.618;    88.447; 
 281;     1.241;    24.618;    88.447; 
 282;     1.237;    24.618;    88.447; 
 283;     1.232;    24.619;    88.447; 
 284;     1.228;    24.619;    88.447; 
 285;     1.222;    24.619;    88.447; 
 286;     1.218;    24.619;    88.447; 
 287;     1.213;    24.619;    88.447; 
 288;     1.196;    24.620;    88.447; 
 289;     1.171;    24.622;    88.447; 
 290;     1.152;    24.624;    88.447; 
 291;     1.144;    24.625;    88.447; 
 292;     1.137;    24.626;    88.447; 
 293;     1.128;    24.626;    88.447; 
 294;     1.119;    24.627;    88.447; 
 295;     1.098;    24.630;    88.447; 
 296;     1.051;    24.641;    88.447; 
 297;      .959;    24.691;    88.447; 
 298;      .886;    24.786;    88.447; 
 299;      .868;    24.836;    88.447; 
 300;      .864;    24.851;    88.447; 
 301;      .861;    24.859;    88.447; 
 302;      .858;    24.870;    88.447; 
 303;      .855;    24.880;    88.447; 
 304;      .850;    24.902;    88.447; 
 305;      .846;    24.921;    88.447; 
 306;      .845;    24.928;    88.447; 
 307;      .843;    24.937;    88.447; 
 308;      .842;    24.944;    88.447; 
 309;      .839;    24.958;    88.447; 
 310;      .836;    24.970;    88.447; 
 311;      .833;    24.985;    88.447; 
 312;      .832;    24.992;    88.447; 
 313;      .830;    25.003;    88.447; 
 314;      .828;    25.011;    88.447; 
 315;      .827;    25.020;    88.447; 
 316;      .824;    25.030;    88.447; 
 317;      .822;    25.041;    88.447; 
 318;      .820;    25.053;    88.447; 
 319;      .818;    25.065;    88.447; 
 320;      .815;    25.077;    88.447; 
 321;      .814;    25.083;    88.447; 
 322;      .812;    25.091;    88.447; 
 323;      .810;    25.100;    88.447; 
 324;      .808;    25.108;    88.447; 
 325;      .805;    25.121;    88.447; 
 326;      .802;    25.137;    88.447; 
 327;      .799;    25.153;    88.447; 
 328;      .798;    25.158;    88.447; 
 329;      .797;    25.164;    88.447; 
 330;      .795;    25.171;    88.447; 
 331;      .793;    25.184;    88.447; 
 332;      .791;    25.193;    88.447; 
 333;      .787;    25.210;    88.447; 
 334;      .786;    25.218;    88.447; 
 335;      .784;    25.224;    88.447; 
 336;      .782;    25.234;    88.447; 
 337;      .780;    25.241;    88.447; 
 338;      .778;    25.253;    88.447; 
 339;      .776;    25.258;    88.447; 
 340;      .774;    25.269;    88.447; 
 341;      .771;    25.280;    88.447; 
 342;      .769;    25.290;    88.447; 
 343;      .767;    25.296;    88.447; 
 344;      .764;    25.310;    88.447; 
 345;      .761;    25.319;    88.447; 
 346;      .759;    25.329;    88.447; 
 347;      .758;    25.334;    88.447; 
 348;      .756;    25.338;    88.447; 
 349;      .756;    25.340;    88.447; 
 350;      .753;    25.347;    88.447; 
 351;      .747;    25.366;    88.447; 
 352;      .740;    25.398;    88.447; 
 353;      .736;    25.417;    88.447; 
 354;      .736;    25.420;    88.447; 
 355;      .736;    25.418;    88.447; 
 356;      .734;    25.424;    88.447; 
 357;      .733;    25.427;    88.447; 
 358;      .729;    25.442;    88.447; 
 359;      .722;    25.469;    88.447; 
 360;      .721;    25.473;    88.447; 
 361;      .720;    25.479;    88.447; 
 362;      .719;    25.481;    88.447; 
 363;      .717;    25.488;    88.447; 
 364;      .712;    25.506;    88.447; 
 365;      .707;    25.523;    88.447; 
 366;      .705;    25.533;    88.447; 
 367;      .704;    25.533;    88.447; 
 368;      .703;    25.536;    88.447; 
 369;      .703;    25.537;    88.447; 
 370;      .697;    25.552;    88.447; 
 371;      .690;    25.577;    88.447; 
 372;      .686;    25.590;    88.447; 
 373;      .684;    25.600;    88.447; 
 374;      .681;    25.609;    88.447; 
 375;      .678;    25.620;    88.447; 
 376;      .677;    25.625;    88.447; 
 377;      .674;    25.636;    88.447; 
 378;      .672;    25.642;    88.447; 
 379;      .669;    25.649;    88.447; 
 380;      .667;    25.657;    88.447; 
 381;      .661;    25.675;    88.447; 
 382;      .657;    25.690;    88.447; 
 383;      .653;    25.704;    88.447; 
 384;      .651;    25.713;    88.447; 
 385;      .649;    25.718;    88.447; 
 386;      .647;    25.727;    88.447; 
 387;      .644;    25.734;    88.447; 
 388;      .642;    25.741;    88.447; 
 389;      .639;    25.751;    88.447; 
 390;      .637;    25.757;    88.447; 
 391;      .635;    25.763;    88.447; 
 392;      .631;    25.774;    88.447; 
 393;      .625;    25.793;    88.447; 
 394;      .620;    25.808;    88.447; 
 395;      .617;    25.818;    88.447; 
 396;      .617;    25.818;    88.447; 
 397;      .615;    25.823;    88.447; 
 398;      .613;    25.830;    88.447; 
 399;      .605;    25.851;    88.447; 
 400;      .602;    25.861;    88.447; 
 401;      .599;    25.870;    88.447; 
 402;      .595;    25.882;    88.447; 
 403;      .593;    25.889;    88.447; 
 404;      .589;    25.899;    88.447; 
 405;      .585;    25.911;    88.447; 
 406;      .581;    25.924;    88.447; 
 407;      .578;    25.934;    88.447; 
 408;      .575;    25.944;    88.447; 
 409;      .571;    25.955;    88.447; 
 410;      .568;    25.967;    88.447; 
 411;      .565;    25.974;    88.447; 
 412;      .562;    25.983;    88.447; 
 413;      .560;    25.992;    88.447; 
 414;      .557;    26.000;    88.447; 
 415;      .553;    26.012;    88.447; 
 416;      .550;    26.019;    88.447; 
 417;      .547;    26.029;    88.447; 
 418;      .545;    26.033;    88.447; 
 419;      .541;    26.044;    88.447; 
 420;      .537;    26.054;    88.447; 
 421;      .532;    26.070;    88.447; 
 422;      .528;    26.082;    88.447; 
 423;      .525;    26.089;    88.447; 
 424;      .522;    26.100;    88.447; 
 425;      .519;    26.107;    88.447; 
 426;      .517;    26.112;    88.447; 
 427;      .513;    26.122;    88.447; 
 428;      .513;    26.123;    88.447; 
 429;      .505;    26.143;    88.447; 
 430;      .498;    26.163;    88.447; 
 431;      .495;    26.172;    88.447; 
 432;      .493;    26.179;    88.447; 
 433;      .491;    26.184;    88.447; 
 434;      .487;    26.194;    88.447; 
 435;      .482;    26.206;    88.447; 
 436;      .480;    26.212;    88.447; 
 437;      .478;    26.218;    88.447; 
 438;      .473;    26.231;    88.447; 
 439;      .466;    26.251;    88.447; 
 440;      .462;    26.262;    88.447; 
 441;      .461;    26.265;    88.447; 
 442;      .459;    26.268;    88.447; 
 443;      .456;    26.275;    88.447; 
 444;      .451;    26.288;    88.447; 
 445;      .446;    26.302;    88.447; 
 446;      .442;    26.312;    88.447; 
 447;      .438;    26.324;    88.447; 
 448;      .435;    26.330;    88.447; 
 449;      .431;    26.340;    88.447; 
 450;      .427;    26.353;    88.447; 
 451;      .424;    26.359;    88.447; 
 452;      .423;    26.362;    88.447; 
 453;      .419;    26.371;    88.447; 
 454;      .416;    26.377;    88.447; 
 455;      .412;    26.387;    88.447; 
 456;      .404;    26.407;    88.447; 
 457;      .397;    26.425;    88.447; 
 458;      .396;    26.428;    88.447; 
 459;      .395;    26.431;    88.447; 
 460;      .390;    26.441;    88.447; 
 461;      .384;    26.457;    88.447; 
 462;      .379;    26.471;    88.447; 
 463;      .378;    26.473;    88.447; 
 464;      .374;    26.483;    88.447; 
 465;      .371;    26.490;    88.447; 
 466;      .369;    26.495;    88.447; 
 467;      .365;    26.502;    88.447; 
 468;      .360;    26.515;    88.447; 
 469;      .352;    26.534;    88.447; 
 470;      .346;    26.549;    88.447; 
 471;      .342;    26.560;    88.447; 
 472;      .342;    26.560;    88.447; 
 473;      .337;    26.573;    88.447; 
 474;      .334;    26.580;    88.447; 
 475;      .328;    26.595;    88.447; 
 476;      .326;    26.600;    88.447; 
 477;      .323;    26.608;    88.447; 
 478;      .320;    26.613;    88.447; 
 479;      .316;    26.623;    88.447; 
 480;      .309;    26.637;    88.447; 
 481;      .307;    26.642;    88.447; 
 482;      .301;    26.656;    88.447; 
 483;      .295;    26.671;    88.447; 
 484;      .290;    26.684;    88.447; 
 485;      .287;    26.692;    88.447; 
 486;      .286;    26.695;    88.447; 
 487;      .284;    26.699;    88.447; 
 488;      .283;    26.700;    88.447; 
 489;      .281;    26.704;    88.447; 
 490;      .270;    26.726;    88.447; 
 491;      .265;    26.738;    88.447; 
 492;      .257;    26.759;    88.447; 
 493;      .252;    26.771;    88.447; 
 494;      .249;    26.778;    88.447; 
 495;      .246;    26.786;    88.447; 
 496;      .244;    26.791;    88.447; 
 497;      .242;    26.796;    88.447; 
 498;      .240;    26.800;    88.447; 
 499;      .237;    26.805;    88.447; 
 500;      .235;    26.808;    88.447; 
 501;      .231;    26.816;    88.447; 
 502;      .230;    26.817;    88.447; 
 503;      .226;    26.823;    88.447; 
 504;      .226;    26.824;    88.447; 
 505;      .223;    26.828;    88.447; 
 506;      .220;    26.831;    88.447; 
 507;      .218;    26.833;    88.447; 
 508;      .217;    26.834;    88.447; 
 509;      .213;    26.838;    88.447; 
 510;      .212;    26.839;    88.447; 
 511;      .208;    26.843;    88.447; 
 512;      .201;    26.850;    88.447; 
 513;      .201;    26.849;    88.447; 
 514;      .192;    26.857;    88.447; 
 515;      .178;    26.870;    88.447; 
 516;      .173;    26.875;    88.447; 
 517;      .163;    26.885;    88.447; 
 518;      .160;    26.887;    88.447; 
 519;      .157;    26.889;    88.447; 
 520;      .158;    26.888;    88.447; 
 521;      .159;    26.887;    88.447; 
 522;      .157;    26.889;    88.447; 
 523;      .154;    26.890;    88.447; 
 524;      .153;    26.890;    88.447; 
 525;      .145;    26.894;    88.447; 
 526;      .142;    26.895;    88.447; 
 527;      .137;    26.897;    88.447; 
 528;      .132;    26.900;    88.447; 
 529;      .125;    26.902;    88.447; 
 530;      .120;    26.904;    88.447; 
 531;      .113;    26.906;    88.447; 
 532;      .103;    26.910;    88.447; 
 533;      .096;    26.912;    88.447; 
 534;      .095;    26.912;    88.447; 
 535;      .090;    26.913;    88.447; 
 536;      .085;    26.914;    88.447; 
 537;      .082;    26.914;    88.447; 
 538;      .077;    26.915;    88.447; 
 539;      .076;    26.915;    88.447; 
 540;      .070;    26.915;    88.447; 
 541;      .068;    26.915;    88.447; 
 542;      .064;    26.915;    88.447; 
 543;      .060;    26.915;    88.447; 
 544;      .050;    26.915;    88.447; 
 545;      .042;    26.915;    88.447; 
 546;      .033;    26.915;    88.447; 
 547;      .025;    26.915;    88.447; 
 548;      .014;    26.915;    88.447; 
 549;      .001;    26.914;    88.447; 
 550;     -.019;    26.915;    88.447; 
 551;     -.031;    26.915;    88.447; 
 552;     -.038;    26.915;    88.447; 
 553;     -.043;    26.915;    88.447; 
 554;     -.047;    26.915;    88.447; 
 555;     -.061;    26.914;    88.447; 
 556;     -.075;    26.914;    88.447; 
 557;     -.094;    26.915;    88.447; 
 558;     -.100;    26.915;    88.447; 
 559;     -.107;    26.915;    88.447; 
 560;     -.115;    26.915;    88.447; 
 561;     -.128;    26.914;    88.447; 
 562;     -.142;    26.914;    88.447; 
 563;     -.151;    26.915;    88.447; 
 564;     -.163;    26.915;    88.447; 
 565;     -.172;    26.915;    88.447; 
 566;     -.183;    26.915;    88.447; 
 567;     -.192;    26.915;    88.447; 
 568;     -.202;    26.915;    88.447; 
 569;     -.206;    26.914;    88.447; 
 570;     -.216;    26.914;    88.447; 
 571;     -.228;    26.914;    88.447; 
 572;     -.239;    26.913;    88.447; 
 573;     -.250;    26.913;    88.447; 
 574;     -.266;    26.913;    88.447; 
 575;     -.278;    26.913;    88.447; 
 576;     -.286;    26.913;    88.447; 
 577;     -.298;    26.913;    88.447; 
 578;     -.311;    26.913;    88.447; 
 579;     -.324;    26.913;    88.447; 
 580;     -.334;    26.913;    88.447; 
 581;     -.341;    26.913;    88.447; 
 582;     -.352;    26.913;    88.447; 
 583;     -.364;    26.913;    88.447; 
 584;     -.373;    26.913;    88.447; 
 585;     -.382;    26.913;    88.447; 
 586;     -.392;    26.913;    88.447; 
 587;     -.400;    26.913;    88.447; 
 588;     -.411;    26.913;    88.447; 
 589;     -.427;    26.913;    88.447; 
 590;     -.435;    26.912;    88.447; 
 591;     -.438;    26.912;    88.447; 
 592;     -.446;    26.912;    88.447; 
 593;     -.454;    26.911;    88.447; 
 594;     -.461;    26.911;    88.447; 
 595;     -.468;    26.910;    88.447; 
 596;     -.476;    26.909;    88.447; 
 597;     -.480;    26.909;    88.447; 
 598;     -.483;    26.908;    88.447; 
 599;     -.484;    26.908;    88.447; 
 600;     -.493;    26.906;    88.447; 
 601;     -.507;    26.903;    88.447; 
 602;     -.525;    26.900;    88.447; 
 603;     -.530;    26.899;    88.447; 
 604;     -.534;    26.898;    88.447; 
 605;     -.538;    26.897;    88.447; 
 606;     -.541;    26.896;    88.447; 
 607;     -.543;    26.895;    88.447; 
 608;     -.547;    26.894;    88.447; 
 609;     -.549;    26.893;    88.447; 
 610;     -.552;    26.892;    88.447; 
 611;     -.556;    26.890;    88.447; 
 612;     -.560;    26.888;    88.447; 
 613;     -.564;    26.886;    88.447; 
 614;     -.567;    26.884;    88.447; 
 615;     -.572;    26.881;    88.447; 
 616;     -.575;    26.879;    88.447; 
 617;     -.581;    26.875;    88.447; 
 618;     -.583;    26.874;    88.447; 
 619;     -.585;    26.872;    88.447; 
 620;     -.592;    26.867;    88.447; 
 621;     -.594;    26.866;    88.447; 
 622;     -.597;    26.862;    88.447; 
 623;     -.600;    26.860;    88.447; 
 624;     -.604;    26.856;    88.447; 
 625;     -.606;    26.854;    88.447; 
 626;     -.608;    26.851;    88.447; 
 627;     -.614;    26.845;    88.447; 
 628;     -.615;    26.843;    88.447; 
 629;     -.617;    26.841;    88.447; 
 630;     -.619;    26.838;    88.447; 
 631;     -.623;    26.833;    88.447; 
 632;     -.629;    26.825;    88.447; 
 633;     -.631;    26.821;    88.447; 
 634;     -.637;    26.811;    88.447; 
 635;     -.642;    26.804;    88.447; 
 636;     -.647;    26.796;    88.447; 
 637;     -.648;    26.794;    88.447; 
 638;     -.652;    26.788;    88.447; 
 639;     -.654;    26.784;    88.447; 
 640;     -.655;    26.781;    88.447; 
 641;     -.658;    26.774;    88.447; 
 642;     -.660;    26.768;    88.447; 
 643;     -.661;    26.766;    88.447; 
 644;     -.661;    26.765;    88.447; 
 645;     -.665;    26.755;    88.447; 
 646;     -.674;    26.731;    88.447; 
 647;     -.682;    26.712;    88.447; 
 648;     -.687;    26.701;    88.447; 
 649;     -.689;    26.698;    88.447; 
 650;     -.690;    26.695;    88.447; 
 651;     -.695;    26.682;    88.447; 
 652;     -.699;    26.672;    88.447; 
 653;     -.704;    26.660;    88.447; 
 654;     -.708;    26.650;    88.447; 
 655;     -.713;    26.638;    88.447; 
 656;     -.716;    26.630;    88.447; 
 657;     -.719;    26.623;    88.447; 
 658;     -.722;    26.616;    88.447; 
 659;     -.726;    26.605;    88.447; 
 660;     -.731;    26.594;    88.447; 
 661;     -.734;    26.585;    88.447; 
 662;     -.740;    26.572;    88.447; 
 663;     -.741;    26.567;    88.447; 
 664;     -.746;    26.556;    88.447; 
 665;     -.750;    26.546;    88.447; 
 666;     -.753;    26.537;    88.447; 
 667;     -.757;    26.527;    88.447; 
 668;     -.761;    26.518;    88.447; 
 669;     -.766;    26.506;    88.447; 
 670;     -.771;    26.493;    88.447; 
 671;     -.775;    26.483;    88.447; 
 672;     -.776;    26.481;    88.447; 
 673;     -.781;    26.467;    88.447; 
 674;     -.782;    26.464;    88.447; 
 675;     -.786;    26.453;    88.447; 
 676;     -.791;    26.439;    88.447; 
 677;     -.793;    26.434;    88.447; 
 678;     -.795;    26.429;    88.447; 
 679;     -.798;    26.419;    88.447; 
 680;     -.803;    26.405;    88.447; 
 681;     -.809;    26.390;    88.447; 
 682;     -.814;    26.377;    88.447; 
 683;     -.820;    26.363;    88.447; 
 684;     -.821;    26.360;    88.447; 
 685;     -.824;    26.351;    88.447; 
 686;     -.828;    26.341;    88.447; 
 687;     -.834;    26.324;    88.447; 
 688;     -.835;    26.322;    88.447; 
 689;     -.840;    26.309;    88.447; 
 690;     -.844;    26.298;    88.447; 
 691;     -.847;    26.290;    88.447; 
 692;     -.852;    26.277;    88.447; 
 693;     -.854;    26.271;    88.447; 
 694;     -.857;    26.263;    88.447; 
 695;     -.860;    26.254;    88.447; 
 696;     -.865;    26.241;    88.447; 
 697;     -.869;    26.229;    88.447; 
 698;     -.872;    26.223;    88.447; 
 699;     -.875;    26.212;    88.447; 
 700;     -.877;    26.206;    88.447; 
 701;     -.880;    26.200;    88.447; 
 702;     -.883;    26.189;    88.447; 
 703;     -.887;    26.177;    88.447; 
 704;     -.891;    26.165;    88.447; 
 705;     -.897;    26.149;    88.447; 
 706;     -.901;    26.140;    88.447; 
 707;     -.903;    26.134;    88.447; 
 708;     -.905;    26.128;    88.447; 
 709;     -.910;    26.112;    88.447; 
 710;     -.915;    26.100;    88.447; 
 711;     -.917;    26.093;    88.447; 
 712;     -.920;    26.086;    88.447; 
 713;     -.923;    26.076;    88.447; 
 714;     -.927;    26.066;    88.447; 
 715;     -.931;    26.054;    88.447; 
 716;     -.932;    26.049;    88.447; 
 717;     -.936;    26.039;    88.447; 
 718;     -.937;    26.035;    88.447; 
 719;     -.940;    26.025;    88.447; 
 720;     -.942;    26.019;    88.447; 
 721;     -.943;    26.012;    88.447; 
 722;     -.950;    25.992;    88.447; 
 723;     -.954;    25.979;    88.447; 
 724;     -.958;    25.966;    88.447; 
 725;     -.960;    25.960;    88.447; 
 726;     -.965;    25.945;    88.447; 
 727;     -.969;    25.936;    88.447; 
 728;     -.972;    25.926;    88.447; 
 729;     -.974;    25.920;    88.447; 
 730;     -.980;    25.904;    88.447; 
 731;     -.984;    25.892;    88.447; 
 732;     -.986;    25.885;    88.447; 
 733;     -.989;    25.876;    88.447; 
 734;     -.991;    25.872;    88.447; 
 735;     -.996;    25.857;    88.447; 
 736;     -.998;    25.849;    88.447; 
 737;    -1.002;    25.839;    88.447; 
 738;    -1.003;    25.835;    88.447; 
 739;    -1.004;    25.830;    88.447; 
 740;    -1.006;    25.822;    88.447; 
 741;    -1.012;    25.805;    88.447; 
 742;    -1.015;    25.794;    88.447; 
 743;    -1.018;    25.783;    88.447; 
 744;    -1.021;    25.772;    88.447; 
 745;    -1.023;    25.767;    88.447; 
 746;    -1.025;    25.760;    88.447; 
 747;    -1.027;    25.752;    88.447; 
 748;    -1.032;    25.735;    88.447; 
 749;    -1.035;    25.727;    88.447; 
 750;    -1.037;    25.718;    88.447; 
 751;    -1.039;    25.711;    88.447; 
 752;    -1.044;    25.694;    88.447; 
 753;    -1.048;    25.681;    88.447; 
 754;    -1.053;    25.666;    88.447; 
 755;    -1.055;    25.661;    88.447; 
 756;    -1.057;    25.653;    88.447; 
 757;    -1.058;    25.650;    88.447; 
 758;    -1.062;    25.638;    88.447; 
 759;    -1.064;    25.630;    88.447; 
 760;    -1.069;    25.614;    88.447; 
 761;    -1.069;    25.610;    88.447; 
 762;    -1.073;    25.599;    88.447; 
 763;    -1.075;    25.590;    88.447; 
 764;    -1.078;    25.580;    88.447; 
 765;    -1.081;    25.569;    88.447; 
 766;    -1.082;    25.562;    88.447; 
 767;    -1.086;    25.549;    88.447; 
 768;    -1.089;    25.538;    88.447; 
 769;    -1.091;    25.530;    88.447; 
 770;    -1.093;    25.521;    88.447; 
 771;    -1.097;    25.508;    88.447; 
 772;    -1.098;    25.502;    88.447; 
 773;    -1.101;    25.491;    88.447; 
 774;    -1.102;    25.485;    88.447; 
 775;    -1.105;    25.474;    88.447; 
 776;    -1.109;    25.460;    88.447; 
 777;    -1.113;    25.445;    88.447; 
 778;    -1.116;    25.435;    88.447; 
 779;    -1.117;    25.431;    88.447; 
 780;    -1.118;    25.424;    88.447; 
 781;    -1.119;    25.419;    88.447; 
 782;    -1.124;    25.400;    88.447; 
 783;    -1.126;    25.392;    88.447; 
 784;    -1.129;    25.380;    88.447; 
 785;    -1.132;    25.370;    88.447; 
 786;    -1.133;    25.364;    88.447; 
 787;    -1.137;    25.348;    88.447; 
 788;    -1.142;    25.331;    88.447; 
 789;    -1.143;    25.326;    88.447; 
 790;    -1.146;    25.316;    88.447; 
 791;    -1.148;    25.305;    88.447; 
 792;    -1.150;    25.299;    88.447; 
 793;    -1.152;    25.288;    88.447; 
 794;    -1.155;    25.278;    88.447; 
 795;    -1.157;    25.268;    88.447; 
 796;    -1.160;    25.258;    88.447; 
 797;    -1.162;    25.250;    88.447; 
 798;    -1.163;    25.245;    88.447; 
 799;    -1.165;    25.232;    88.447; 
 800;    -1.167;    25.223;    88.447; 
 801;    -1.169;    25.215;    88.447; 
 802;    -1.171;    25.204;    88.447; 
 803;    -1.174;    25.193;    88.447; 
 804;    -1.176;    25.184;    88.447; 
 805;    -1.179;    25.168;    88.447; 
 806;    -1.183;    25.155;    88.447; 
 807;    -1.184;    25.147;    88.447; 
 808;    -1.186;    25.141;    88.447; 
 809;    -1.187;    25.135;    88.447; 
 810;    -1.188;    25.129;    88.447; 
 811;    -1.191;    25.112;    88.447; 
 812;    -1.193;    25.102;    88.447; 
 813;    -1.196;    25.088;    88.447; 
 814;    -1.199;    25.077;    88.447; 
 815;    -1.201;    25.068;    88.447; 
 816;    -1.202;    25.060;    88.447; 
 817;    -1.204;    25.052;    88.447; 
 818;    -1.206;    25.041;    88.447; 
 819;    -1.208;    25.032;    88.447; 
 820;    -1.210;    25.022;    88.447; 
 821;    -1.212;    25.013;    88.447; 
 822;    -1.213;    25.006;    88.447; 
 823;    -1.216;    24.992;    88.447; 
 824;    -1.217;    24.984;    88.447; 
 825;    -1.218;    24.979;    88.447; 
 826;    -1.220;    24.965;    88.447; 
 827;    -1.221;    24.957;    88.447; 
 828;    -1.224;    24.944;    88.447; 
 829;    -1.227;    24.926;    88.447; 
 830;    -1.229;    24.919;    88.447; 
 831;    -1.231;    24.908;    88.447; 
 832;    -1.233;    24.898;    88.447; 
 833;    -1.235;    24.885;    88.447; 
 834;    -1.237;    24.875;    88.447; 
 835;    -1.239;    24.864;    88.447; 
 836;    -1.243;    24.848;    88.447; 
 837;    -1.250;    24.823;    88.447; 
 838;    -1.256;    24.803;    88.447; 
 839;    -1.262;    24.787;    88.447; 
 840;    -1.269;    24.770;    88.447; 
 841;    -1.276;    24.754;    88.447; 
 842;    -1.343;    24.665;    88.447; 
 843;    -1.448;    24.607;    88.447; 
 844;    -1.506;    24.596;    88.447; 
 845;    -1.521;    24.595;    88.447; 
 846;    -1.525;    24.594;    88.447; 
 847;    -1.535;    24.593;    88.447; 
 848;    -1.547;    24.592;    88.447; 
 849;    -1.568;    24.590;    88.447; 
 850;    -1.578;    24.590;    88.447; 
 851;    -1.584;    24.589;    88.447; 
 852;    -1.595;    24.588;    88.447; 
 853;    -1.606;    24.587;    88.447; 
 854;    -1.621;    24.586;    88.447; 
 855;    -1.641;    24.586;    88.447; 
 856;    -1.656;    24.585;    88.447; 
 857;    -1.663;    24.585;    88.447; 
 858;    -1.668;    24.585;    88.447; 
 859;    -1.674;    24.585;    88.447; 
 860;    -1.684;    24.584;    88.447; 
 861;    -1.694;    24.583;    88.447; 
 862;    -1.706;    24.583;    88.447; 
 863;    -1.713;    24.582;    88.447; 
 864;    -1.716;    24.582;    88.447; 
 865;    -1.722;    24.581;    88.447; 
 866;    -1.726;    24.580;    88.447; 
 867;    -1.740;    24.579;    88.447; 
 868;    -1.775;    24.576;    88.447; 
 869;    -1.797;    24.576;    88.447; 
 870;    -1.800;    24.576;    88.447; 
 871;    -1.803;    24.576;    88.447; 
 872;    -1.806;    24.575;    88.447; 
 873;    -1.815;    24.574;    88.447; 
 874;    -1.829;    24.573;    88.447; 
 875;    -1.852;    24.572;    88.447; 
 876;    -1.866;    24.572;    88.447; 
 877;    -1.886;    24.572;    88.447; 
 878;    -1.914;    24.574;    88.447; 
 879;    -1.953;    24.581;    88.447; 
 880;    -2.044;    24.621;    88.447; 
 881;    -2.126;    24.708;    88.447; 
 882;    -2.145;    24.744;    88.447; 
 883;    -2.149;    24.753;    88.447; 
 884;    -2.154;    24.765;    88.447; 
 885;    -2.160;    24.779;    88.447; 
 886;    -2.167;    24.795;    88.447; 
 887;    -2.171;    24.805;    88.447; 
 888;    -2.174;    24.812;    88.447; 
 889;    -2.179;    24.824;    88.447; 
 890;    -2.184;    24.837;    88.447; 
 891;    -2.190;    24.855;    88.447; 
 892;    -2.197;    24.877;    88.447; 
 893;    -2.201;    24.890;    88.447; 
 894;    -2.203;    24.898;    88.447; 
 895;    -2.205;    24.906;    88.447; 
 896;    -2.206;    24.907;    88.447; 
 897;    -2.208;    24.913;    88.447; 
 898;    -2.210;    24.918;    88.447; 
 899;    -2.216;    24.936;    88.447; 
 900;    -2.222;    24.954;    88.447; 
 901;    -2.226;    24.969;    88.447; 
 902;    -2.228;    24.975;    88.447; 
 903;    -2.230;    24.982;    88.447; 
 904;    -2.231;    24.984;    88.447; 
 905;    -2.234;    24.992;    88.447; 
 906;    -2.234;    24.991;    88.447; 
 907;    -2.236;    24.997;    88.447; 
 908;    -2.240;    25.006;    88.447; 
 909;    -2.246;    25.018;    88.447; 
 910;    -2.255;    25.043;    88.447; 
 911;    -2.265;    25.074;    88.447; 
 912;    -2.267;    25.081;    88.447; 
 913;    -2.269;    25.088;    88.447; 
 914;    -2.271;    25.095;    88.447; 
 915;    -2.272;    25.099;    88.447; 
 916;    -2.275;    25.106;    88.447; 
 917;    -2.278;    25.113;    88.447; 
 918;    -2.282;    25.125;    88.447; 
 919;    -2.286;    25.138;    88.447; 
 920;    -2.290;    25.150;    88.447; 
 921;    -2.292;    25.155;    88.447; 
 922;    -2.295;    25.163;    88.447; 
 923;    -2.296;    25.166;    88.447; 
 924;    -2.301;    25.179;    88.447; 
 925;    -2.307;    25.194;    88.447; 
 926;    -2.314;    25.215;    88.447; 
 927;    -2.316;    25.220;    88.447; 
 928;    -2.319;    25.228;    88.447; 
 929;    -2.321;    25.235;    88.447; 
 930;    -2.324;    25.242;    88.447; 
 931;    -2.326;    25.247;    88.447; 
 932;    -2.327;    25.250;    88.447; 
 933;    -2.329;    25.253;    88.447; 
 934;    -2.333;    25.260;    88.447; 
 935;    -2.342;    25.282;    88.447; 
 936;    -2.351;    25.305;    88.447; 
 937;    -2.353;    25.311;    88.447; 
 938;    -2.357;    25.322;    88.447; 
 939;    -2.361;    25.332;    88.447; 
 940;    -2.362;    25.335;    88.447; 
 941;    -2.366;    25.345;    88.447; 
 942;    -2.369;    25.353;    88.447; 
 943;    -2.372;    25.359;    88.447; 
 944;    -2.377;    25.371;    88.447; 
 945;    -2.380;    25.379;    88.447; 
 946;    -2.384;    25.389;    88.447; 
 947;    -2.387;    25.394;    88.447; 
 948;    -2.394;    25.410;    88.447; 
 949;    -2.399;    25.425;    88.447; 
 950;    -2.401;    25.430;    88.447; 
 951;    -2.406;    25.442;    88.447; 
 952;    -2.408;    25.445;    88.447; 
 953;    -2.410;    25.451;    88.447; 
 954;    -2.415;    25.462;    88.447; 
 955;    -2.420;    25.472;    88.447; 
 956;    -2.423;    25.478;    88.447; 
 957;    -2.429;    25.492;    88.447; 
 958;    -2.434;    25.504;    88.447; 
 959;    -2.440;    25.518;    88.447; 
 960;    -2.442;    25.523;    88.447; 
 961;    -2.446;    25.531;    88.447; 
 962;    -2.450;    25.541;    88.447; 
 963;    -2.454;    25.549;    88.447; 
 964;    -2.457;    25.556;    88.447; 
 965;    -2.462;    25.566;    88.447; 
 966;    -2.466;    25.576;    88.447; 
 967;    -2.472;    25.590;    88.447; 
 968;    -2.477;    25.600;    88.447; 
 969;    -2.480;    25.606;    88.447; 
 970;    -2.482;    25.612;    88.447; 
 971;    -2.487;    25.622;    88.447; 
 972;    -2.493;    25.634;    88.447; 
 973;    -2.498;    25.646;    88.447; 
 974;    -2.502;    25.656;    88.447; 
 975;    -2.505;    25.660;    88.447; 
 976;    -2.507;    25.665;    88.447; 
 977;    -2.515;    25.681;    88.447; 
 978;    -2.521;    25.697;    88.447; 
 979;    -2.525;    25.705;    88.447; 
 980;    -2.529;    25.714;    88.447; 
 981;    -2.531;    25.718;    88.447; 
 982;    -2.534;    25.723;    88.447; 
 983;    -2.540;    25.736;    88.447; 
 984;    -2.545;    25.747;    88.447; 
 985;    -2.551;    25.758;    88.447; 
 986;    -2.555;    25.767;    88.447; 
 987;    -2.558;    25.774;    88.447; 
 988;    -2.563;    25.783;    88.447; 
 989;    -2.566;    25.789;    88.447; 
 990;    -2.571;    25.799;    88.447; 
 991;    -2.576;    25.810;    88.447; 
 992;    -2.581;    25.818;    88.447; 
 993;    -2.587;    25.831;    88.447; 
 994;    -2.587;    25.830;    88.447; 
 995;    -2.593;    25.843;    88.447; 
 996;    -2.594;    25.844;    88.447; 
 997;    -2.606;    25.868;    88.447; 
 998;    -2.616;    25.889;    88.447; 
 999;    -2.619;    25.897;    88.447; 
1000;    -2.621;    25.901;    88.447; 
1001;    -2.625;    25.908;    88.447; 
1002;    -2.628;    25.914;    88.447; 
1003;    -2.633;    25.925;    88.447; 
1004;    -2.637;    25.934;    88.447; 
1005;    -2.641;    25.940;    88.447; 
1006;    -2.645;    25.948;    88.447; 
1007;    -2.651;    25.959;    88.447; 
1008;    -2.658;    25.974;    88.447; 
1009;    -2.662;    25.982;    88.447; 
1010;    -2.667;    25.990;    88.447; 
1011;    -2.670;    25.997;    88.447; 
1012;    -2.671;    25.999;    88.447; 
1013;    -2.679;    26.014;    88.447; 
1014;    -2.684;    26.022;    88.447; 
1015;    -2.687;    26.028;    88.447; 
1016;    -2.695;    26.044;    88.447; 
1017;    -2.702;    26.058;    88.447; 
1018;    -2.707;    26.068;    88.447; 
1019;    -2.712;    26.078;    88.447; 
1020;    -2.716;    26.085;    88.447; 
1021;    -2.723;    26.101;    88.447; 
1022;    -2.725;    26.105;    88.447; 
1023;    -2.725;    26.104;    88.447; 
1024;    -2.729;    26.112;    88.447; 
1025;    -2.738;    26.129;    88.447; 
1026;    -2.746;    26.144;    88.447; 
1027;    -2.751;    26.153;    88.447; 
1028;    -2.753;    26.158;    88.447; 
1029;    -2.758;    26.167;    88.447; 
1030;    -2.762;    26.175;    88.447; 
1031;    -2.765;    26.180;    88.447; 
1032;    -2.772;    26.193;    88.447; 
1033;    -2.775;    26.198;    88.447; 
1034;    -2.782;    26.211;    88.447; 
1035;    -2.786;    26.218;    88.447; 
1036;    -2.792;    26.230;    88.447; 
1037;    -2.798;    26.241;    88.447; 
1038;    -2.802;    26.249;    88.447; 
1039;    -2.805;    26.254;    88.447; 
1040;    -2.811;    26.265;    88.447; 
1041;    -2.818;    26.277;    88.447; 
1042;    -2.822;    26.286;    88.447; 
1043;    -2.828;    26.296;    88.447; 
1044;    -2.831;    26.302;    88.447; 
1045;    -2.835;    26.310;    88.447; 
1046;    -2.839;    26.317;    88.447; 
1047;    -2.845;    26.326;    88.447; 
1048;    -2.851;    26.338;    88.447; 
1049;    -2.855;    26.345;    88.447; 
1050;    -2.861;    26.355;    88.447; 
1051;    -2.866;    26.364;    88.447; 
1052;    -2.872;    26.373;    88.447; 
1053;    -2.879;    26.386;    88.447; 
1054;    -2.885;    26.398;    88.447; 
1055;    -2.888;    26.402;    88.447; 
1056;    -2.892;    26.409;    88.447; 
1057;    -2.895;    26.414;    88.447; 
1058;    -2.900;    26.422;    88.447; 
1059;    -2.901;    26.424;    88.447; 
1060;    -2.909;    26.437;    88.447; 
1061;    -2.919;    26.455;    88.447; 
1062;    -2.929;    26.472;    88.447; 
1063;    -2.932;    26.478;    88.447; 
1064;    -2.933;    26.480;    88.447; 
1065;    -2.936;    26.485;    88.447; 
1066;    -2.937;    26.486;    88.447; 
1067;    -2.941;    26.491;    88.447; 
1068;    -2.958;    26.520;    88.447; 
1069;    -2.970;    26.543;    88.447; 
1070;    -2.974;    26.551;    88.447; 
1071;    -2.976;    26.554;    88.447; 
1072;    -2.980;    26.561;    88.447; 
1073;    -2.983;    26.567;    88.447; 
1074;    -2.988;    26.575;    88.447; 
1075;    -2.993;    26.583;    88.447; 
1076;    -3.000;    26.596;    88.447; 
1077;    -3.003;    26.601;    88.447; 
1078;    -3.007;    26.607;    88.447; 
1079;    -3.012;    26.615;    88.447; 
1080;    -3.016;    26.622;    88.447; 
1081;    -3.020;    26.628;    88.447; 
1082;    -3.021;    26.629;    88.447; 
1083;    -3.026;    26.636;    88.447; 
1084;    -3.029;    26.640;    88.447; 
1085;    -3.030;    26.641;    88.447; 
1086;    -3.034;    26.646;    88.447; 
1087;    -3.037;    26.649;    88.447; 
1088;    -3.039;    26.650;    88.447; 
1089;    -3.043;    26.655;    88.447; 
1090;    -3.047;    26.658;    88.447; 
1091;    -3.052;    26.663;    88.447; 
1092;    -3.057;    26.667;    88.447; 
1093;    -3.061;    26.671;    88.447; 
1094;    -3.067;    26.677;    88.447; 
1095;    -3.073;    26.682;    88.447; 
1096;    -3.077;    26.684;    88.447; 
1097;    -3.077;    26.684;    88.447; 
1098;    -3.081;    26.686;    88.447; 
1099;    -3.087;    26.690;    88.447; 
1100;    -3.090;    26.692;    88.447; 
1101;    -3.093;    26.694;    88.447; 
1102;    -3.095;    26.695;    88.447; 
1103;    -3.100;    26.697;    88.447; 
1104;    -3.105;    26.700;    88.447; 
1105;    -3.107;    26.700;    88.447; 
1106;    -3.110;    26.701;    88.447; 
1107;    -3.113;    26.702;    88.447; 
1108;    -3.118;    26.704;    88.447; 
1109;    -3.124;    26.706;    88.447; 
1110;    -3.125;    26.706;    88.447; 
1111;    -3.132;    26.707;    88.447; 
1112;    -3.138;    26.709;    88.447; 
1113;    -3.145;    26.710;    88.447; 
1114;    -3.151;    26.711;    88.447; 
1115;    -3.165;    26.714;    88.447; 
1116;    -3.172;    26.715;    88.447; 
1117;    -3.177;    26.716;    88.447; 
1118;    -3.181;    26.716;    88.447; 
1119;    -3.184;    26.716;    88.447; 
1120;    -3.189;    26.716;    88.447; 
1121;    -3.191;    26.716;    88.447; 
1122;    -3.193;    26.716;    88.447; 
1123;    -3.202;    26.716;    88.447; 
1124;    -3.208;    26.716;    88.447; 
1125;    -3.213;    26.715;    88.447; 
1126;    -3.217;    26.715;    88.447; 
1127;    -3.221;    26.714;    88.447; 
1128;    -3.224;    26.714;    88.447; 
1129;    -3.227;    26.713;    88.447; 
1130;    -3.230;    26.712;    88.447; 
1131;    -3.241;    26.710;    88.447; 
1132;    -3.266;    26.706;    88.447; 
1133;    -3.289;    26.704;    88.447; 
1134;    -3.300;    26.703;    88.447; 
1135;    -3.311;    26.702;    88.447; 
1136;    -3.321;    26.701;    88.447; 
1137;    -3.330;    26.700;    88.447; 
1138;    -3.337;    26.700;    88.447; 
1139;    -3.345;    26.699;    88.447; 
1140;    -3.353;    26.698;    88.447; 
1141;    -3.363;    26.697;    88.447; 
1142;    -3.369;    26.696;    88.447; 
1143;    -3.381;    26.694;    88.447; 
1144;    -3.392;    26.692;    88.447; 
1145;    -3.405;    26.691;    88.447; 
1146;    -3.414;    26.689;    88.447; 
1147;    -3.421;    26.688;    88.447; 
1148;    -3.430;    26.687;    88.447; 
1149;    -3.445;    26.685;    88.447; 
1150;    -3.454;    26.684;    88.447; 
1151;    -3.462;    26.683;    88.447; 
1152;    -3.466;    26.682;    88.447; 
1153;    -3.469;    26.681;    88.447; 
1154;    -3.480;    26.679;    88.447; 
1155;    -3.496;    26.676;    88.447; 
1156;    -3.513;    26.673;    88.447; 
1157;    -3.532;    26.671;    88.447; 
1158;    -3.554;    26.669;    88.447; 
1159;    -3.575;    26.668;    88.447; 
1160;    -3.582;    26.668;    88.447; 
1161;    -3.588;    26.667;    88.447; 
1162;    -3.591;    26.667;    88.447; 
1163;    -3.595;    26.666;    88.447; 
1164;    -3.597;    26.666;    88.447; 
1165;    -3.601;    26.665;    88.447; 
1166;    -3.601;    26.665;    88.447; 
1167;    -3.607;    26.663;    88.447; 
1168;    -3.622;    26.660;    88.447; 
1169;    -3.655;    26.655;    88.447; 
1170;    -3.668;    26.653;    88.447; 
1171;    -3.674;    26.652;    88.447; 
1172;    -3.676;    26.652;    88.447; 
1173;    -3.680;    26.651;    88.447; 
1174;    -3.682;    26.650;    88.447; 
1175;    -3.689;    26.649;    88.447; 
