[A]
   1;     3.378;    26.858;    88.447; 
   2;     3.368;    26.860;    88.447; 
   3;     3.352;    26.862;    88.447; 
   4;     3.342;    26.864;    88.447; 
   5;     3.336;    26.865;    88.447; 
   6;     3.327;    26.867;    88.447; 
   7;     3.323;    26.867;    88.447; 
   8;     3.320;    26.867;    88.447; 
   9;     3.309;    26.868;    88.447; 
  10;     3.300;    26.869;    88.447; 
  11;     3.288;    26.870;    88.447; 
  12;     3.275;    26.872;    88.447; 
  13;     3.254;    26.874;    88.447; 
  14;     3.238;    26.877;    88.447; 
  15;     3.232;    26.878;    88.447; 
  16;     3.226;    26.879;    88.447; 
  17;     3.217;    26.880;    88.447; 
  18;     3.206;    26.882;    88.447; 
  19;     3.194;    26.883;    88.447; 
  20;     3.184;    26.885;    88.447; 
  21;     3.176;    26.886;    88.447; 
  22;     3.164;    26.887;    88.447; 
  23;     3.155;    26.889;    88.447; 
  24;     3.146;    26.890;    88.447; 
  25;     3.137;    26.891;    88.447; 
  26;     3.126;    26.892;    88.447; 
  27;     3.119;    26.893;    88.447; 
  28;     3.110;    26.894;    88.447; 
  29;     3.100;    26.895;    88.447; 
  30;     3.081;    26.897;    88.447; 
  31;     3.067;    26.899;    88.447; 
  32;     3.063;    26.899;    88.447; 
  33;     3.057;    26.900;    88.447; 
  34;     3.047;    26.901;    88.447; 
  35;     3.030;    26.903;    88.447; 
  36;     3.020;    26.904;    88.447; 
  37;     3.008;    26.906;    88.447; 
  38;     2.995;    26.908;    88.447; 
  39;     2.986;    26.909;    88.447; 
  40;     2.977;    26.910;    88.447; 
  41;     2.968;    26.911;    88.447; 
  42;     2.957;    26.912;    88.447; 
  43;     2.947;    26.914;    88.447; 
  44;     2.938;    26.915;    88.447; 
  45;     2.926;    26.916;    88.447; 
  46;     2.914;    26.918;    88.447; 
  47;     2.906;    26.919;    88.447; 
  48;     2.898;    26.920;    88.447; 
  49;     2.891;    26.920;    88.447; 
  50;     2.882;    26.921;    88.447; 
  51;     2.876;    26.921;    88.447; 
  52;     2.869;    26.922;    88.447; 
  53;     2.864;    26.922;    88.447; 
  54;     2.856;    26.922;    88.447; 
  55;     2.850;    26.922;    88.447; 
  56;     2.838;    26.922;    88.447; 
  57;     2.830;    26.922;    88.447; 
  58;     2.821;    26.921;    88.447; 
  59;     2.819;    26.921;    88.447; 
  60;     2.816;    26.921;    88.447; 
  61;     2.810;    26.920;    88.447; 
  62;     2.810;    26.920;    88.447; 
  63;     2.804;    26.919;    88.447; 
  64;     2.802;    26.918;    88.447; 
  65;     2.798;    26.917;    88.447; 
  66;     2.793;    26.916;    88.447; 
  67;     2.791;    26.915;    88.447; 
  68;     2.786;    26.914;    88.447; 
  69;     2.778;    26.911;    88.447; 
  70;     2.774;    26.910;    88.447; 
  71;     2.773;    26.909;    88.447; 
  72;     2.771;    26.908;    88.447; 
  73;     2.771;    26.908;    88.447; 
  74;     2.770;    26.908;    88.447; 
  75;     2.767;    26.905;    88.447; 
  76;     2.770;    26.907;    88.447; 
  77;     2.763;    26.902;    88.447; 
  78;     2.755;    26.897;    88.447; 
  79;     2.747;    26.892;    88.447; 
  80;     2.736;    26.885;    88.447; 
  81;     2.732;    26.882;    88.447; 
  82;     2.731;    26.881;    88.447; 
  83;     2.720;    26.873;    88.447; 
  84;     2.714;    26.869;    88.447; 
  85;     2.712;    26.867;    88.447; 
  86;     2.708;    26.863;    88.447; 
  87;     2.705;    26.861;    88.447; 
  88;     2.704;    26.859;    88.447; 
  89;     2.700;    26.855;    88.447; 
  90;     2.696;    26.850;    88.447; 
  91;     2.691;    26.846;    88.447; 
  92;     2.689;    26.843;    88.447; 
  93;     2.682;    26.835;    88.447; 
  94;     2.678;    26.830;    88.447; 
  95;     2.674;    26.825;    88.447; 
  96;     2.671;    26.821;    88.447; 
  97;     2.667;    26.816;    88.447; 
  98;     2.660;    26.806;    88.447; 
  99;     2.657;    26.802;    88.447; 
 100;     2.652;    26.795;    88.447; 
 101;     2.650;    26.792;    88.447; 
 102;     2.647;    26.786;    88.447; 
 103;     2.641;    26.777;    88.447; 
 104;     2.637;    26.770;    88.447; 
 105;     2.633;    26.763;    88.447; 
 106;     2.628;    26.755;    88.447; 
 107;     2.625;    26.748;    88.447; 
 108;     2.619;    26.737;    88.447; 
 109;     2.614;    26.729;    88.447; 
 110;     2.608;    26.718;    88.447; 
 111;     2.603;    26.710;    88.447; 
 112;     2.594;    26.696;    88.447; 
 113;     2.590;    26.687;    88.447; 
 114;     2.587;    26.683;    88.447; 
 115;     2.584;    26.676;    88.447; 
 116;     2.579;    26.668;    88.447; 
 117;     2.576;    26.661;    88.447; 
 118;     2.571;    26.652;    88.447; 
 119;     2.564;    26.640;    88.447; 
 120;     2.552;    26.619;    88.447; 
 121;     2.548;    26.612;    88.447; 
 122;     2.544;    26.606;    88.447; 
 123;     2.540;    26.599;    88.447; 
 124;     2.537;    26.593;    88.447; 
 125;     2.534;    26.587;    88.447; 
 126;     2.527;    26.574;    88.447; 
 127;     2.520;    26.562;    88.447; 
 128;     2.516;    26.555;    88.447; 
 129;     2.513;    26.548;    88.447; 
 130;     2.508;    26.539;    88.447; 
 131;     2.503;    26.529;    88.447; 
 132;     2.497;    26.518;    88.447; 
 133;     2.492;    26.510;    88.447; 
 134;     2.486;    26.498;    88.447; 
 135;     2.482;    26.490;    88.447; 
 136;     2.477;    26.481;    88.447; 
 137;     2.475;    26.476;    88.447; 
 138;     2.468;    26.464;    88.447; 
 139;     2.460;    26.450;    88.447; 
 140;     2.455;    26.440;    88.447; 
 141;     2.448;    26.428;    88.447; 
 142;     2.444;    26.421;    88.447; 
 143;     2.441;    26.416;    88.447; 
 144;     2.437;    26.407;    88.447; 
 145;     2.431;    26.396;    88.447; 
 146;     2.425;    26.386;    88.447; 
 147;     2.423;    26.381;    88.447; 
 148;     2.419;    26.373;    88.447; 
 149;     2.414;    26.363;    88.447; 
 150;     2.410;    26.355;    88.447; 
 151;     2.407;    26.349;    88.447; 
 152;     2.399;    26.334;    88.447; 
 153;     2.394;    26.325;    88.447; 
 154;     2.390;    26.316;    88.447; 
 155;     2.384;    26.304;    88.447; 
 156;     2.380;    26.296;    88.447; 
 157;     2.376;    26.288;    88.447; 
 158;     2.374;    26.283;    88.447; 
 159;     2.370;    26.276;    88.447; 
 160;     2.367;    26.268;    88.447; 
 161;     2.363;    26.260;    88.447; 
 162;     2.360;    26.253;    88.447; 
 163;     2.350;    26.232;    88.447; 
 164;     2.340;    26.214;    88.447; 
 165;     2.332;    26.200;    88.447; 
 166;     2.327;    26.192;    88.447; 
 167;     2.323;    26.185;    88.447; 
 168;     2.320;    26.180;    88.447; 
 169;     2.316;    26.171;    88.447; 
 170;     2.315;    26.169;    88.447; 
 171;     2.313;    26.165;    88.447; 
 172;     2.307;    26.151;    88.447; 
 173;     2.300;    26.138;    88.447; 
 174;     2.294;    26.125;    88.447; 
 175;     2.288;    26.114;    88.447; 
 176;     2.285;    26.107;    88.447; 
 177;     2.282;    26.101;    88.447; 
 178;     2.275;    26.089;    88.447; 
 179;     2.271;    26.079;    88.447; 
 180;     2.267;    26.072;    88.447; 
 181;     2.263;    26.064;    88.447; 
 182;     2.259;    26.055;    88.447; 
 183;     2.257;    26.050;    88.447; 
 184;     2.252;    26.040;    88.447; 
 185;     2.250;    26.035;    88.447; 
 186;     2.243;    26.020;    88.447; 
 187;     2.239;    26.011;    88.447; 
 188;     2.231;    25.994;    88.447; 
 189;     2.227;    25.987;    88.447; 
 190;     2.221;    25.975;    88.447; 
 191;     2.220;    25.973;    88.447; 
 192;     2.217;    25.967;    88.447; 
 193;     2.216;    25.963;    88.447; 
 194;     2.215;    25.959;    88.447; 
 195;     2.209;    25.946;    88.447; 
 196;     2.203;    25.932;    88.447; 
 197;     2.196;    25.916;    88.447; 
 198;     2.189;    25.903;    88.447; 
 199;     2.185;    25.893;    88.447; 
 200;     2.180;    25.885;    88.447; 
 201;     2.181;    25.885;    88.447; 
 202;     2.177;    25.876;    88.447; 
 203;     2.171;    25.863;    88.447; 
 204;     2.168;    25.856;    88.447; 
 205;     2.164;    25.846;    88.447; 
 206;     2.153;    25.824;    88.447; 
 207;     2.150;    25.818;    88.447; 
 208;     2.147;    25.810;    88.447; 
 209;     2.142;    25.800;    88.447; 
 210;     2.136;    25.789;    88.447; 
 211;     2.137;    25.789;    88.447; 
 212;     2.132;    25.779;    88.447; 
 213;     2.130;    25.774;    88.447; 
 214;     2.129;    25.770;    88.447; 
 215;     2.127;    25.764;    88.447; 
 216;     2.119;    25.745;    88.447; 
 217;     2.109;    25.724;    88.447; 
 218;     2.106;    25.716;    88.447; 
 219;     2.101;    25.706;    88.447; 
 220;     2.100;    25.703;    88.447; 
 221;     2.099;    25.700;    88.447; 
 222;     2.092;    25.684;    88.447; 
 223;     2.086;    25.672;    88.447; 
 224;     2.082;    25.661;    88.447; 
 225;     2.076;    25.649;    88.447; 
 226;     2.074;    25.644;    88.447; 
 227;     2.070;    25.636;    88.447; 
 228;     2.069;    25.632;    88.447; 
 229;     2.064;    25.620;    88.447; 
 230;     2.062;    25.615;    88.447; 
 231;     2.060;    25.608;    88.447; 
 232;     2.056;    25.598;    88.447; 
 233;     2.053;    25.589;    88.447; 
 234;     2.045;    25.570;    88.447; 
 235;     2.041;    25.561;    88.447; 
 236;     2.034;    25.545;    88.447; 
 237;     2.030;    25.536;    88.447; 
 238;     2.027;    25.529;    88.447; 
 239;     2.025;    25.524;    88.447; 
 240;     2.025;    25.523;    88.447; 
 241;     2.020;    25.509;    88.447; 
 242;     2.010;    25.487;    88.447; 
 243;     2.010;    25.486;    88.447; 
 244;     2.003;    25.470;    88.447; 
 245;     2.002;    25.466;    88.447; 
 246;     2.000;    25.461;    88.447; 
 247;     1.997;    25.454;    88.447; 
 248;     1.993;    25.442;    88.447; 
 249;     1.992;    25.439;    88.447; 
 250;     1.987;    25.425;    88.447; 
 251;     1.978;    25.404;    88.447; 
 252;     1.973;    25.392;    88.447; 
 253;     1.970;    25.386;    88.447; 
 254;     1.967;    25.379;    88.447; 
 255;     1.966;    25.375;    88.447; 
 256;     1.965;    25.373;    88.447; 
 257;     1.964;    25.368;    88.447; 
 258;     1.963;    25.364;    88.447; 
 259;     1.962;    25.359;    88.447; 
 260;     1.960;    25.352;    88.447; 
 261;     1.957;    25.342;    88.447; 
 262;     1.951;    25.318;    88.447; 
 263;     1.940;    25.288;    88.447; 
 264;     1.933;    25.273;    88.447; 
 265;     1.931;    25.267;    88.447; 
 266;     1.928;    25.260;    88.447; 
 267;     1.925;    25.252;    88.447; 
 268;     1.923;    25.246;    88.447; 
 269;     1.922;    25.243;    88.447; 
 270;     1.921;    25.240;    88.447; 
 271;     1.918;    25.230;    88.447; 
 272;     1.916;    25.222;    88.447; 
 273;     1.907;    25.197;    88.447; 
 274;     1.896;    25.170;    88.447; 
 275;     1.893;    25.163;    88.447; 
 276;     1.892;    25.161;    88.447; 
 277;     1.891;    25.158;    88.447; 
 278;     1.892;    25.160;    88.447; 
 279;     1.891;    25.157;    88.447; 
 280;     1.893;    25.160;    88.447; 
 281;     1.891;    25.151;    88.447; 
 282;     1.890;    25.149;    88.447; 
 283;     1.890;    25.143;    88.447; 
 284;     1.888;    25.135;    88.447; 
 285;     1.885;    25.114;    88.447; 
 286;     1.871;    25.068;    88.447; 
 287;     1.849;    25.021;    88.447; 
 288;     1.848;    25.017;    88.447; 
 289;     1.846;    25.014;    88.447; 
 290;     1.847;    25.015;    88.447; 
 291;     1.846;    25.011;    88.447; 
 292;     1.843;    25.004;    88.447; 
 293;     1.843;    25.002;    88.447; 
 294;     1.836;    24.984;    88.447; 
 295;     1.829;    24.964;    88.447; 
 296;     1.816;    24.938;    88.447; 
 297;     1.804;    24.915;    88.447; 
 298;     1.794;    24.899;    88.447; 
 299;     1.787;    24.889;    88.447; 
 300;     1.781;    24.879;    88.447; 
 301;     1.766;    24.859;    88.447; 
 302;     1.644;    24.770;    88.447; 
 303;     1.574;    24.754;    88.447; 
 304;     1.544;    24.752;    88.447; 
 305;     1.521;    24.752;    88.447; 
 306;     1.493;    24.754;    88.447; 
 307;     1.474;    24.756;    88.447; 
 308;     1.466;    24.757;    88.447; 
 309;     1.461;    24.757;    88.447; 
 310;     1.452;    24.758;    88.447; 
 311;     1.444;    24.758;    88.447; 
 312;     1.435;    24.759;    88.447; 
 313;     1.424;    24.759;    88.447; 
 314;     1.409;    24.760;    88.447; 
 315;     1.399;    24.761;    88.447; 
 316;     1.389;    24.762;    88.447; 
 317;     1.380;    24.763;    88.447; 
 318;     1.369;    24.763;    88.447; 
 319;     1.360;    24.764;    88.447; 
 320;     1.354;    24.764;    88.447; 
 321;     1.345;    24.764;    88.447; 
 322;     1.332;    24.765;    88.447; 
 323;     1.317;    24.766;    88.447; 
 324;     1.307;    24.767;    88.447; 
 325;     1.300;    24.767;    88.447; 
 326;     1.294;    24.767;    88.447; 
 327;     1.283;    24.767;    88.447; 
 328;     1.271;    24.768;    88.447; 
 329;     1.255;    24.769;    88.447; 
 330;     1.243;    24.770;    88.447; 
 331;     1.234;    24.770;    88.447; 
 332;     1.220;    24.771;    88.447; 
 333;     1.208;    24.772;    88.447; 
 334;     1.191;    24.774;    88.447; 
 335;     1.185;    24.774;    88.447; 
 336;     1.175;    24.775;    88.447; 
 337;     1.151;    24.778;    88.447; 
 338;     1.105;    24.789;    88.447; 
 339;     1.037;    24.820;    88.447; 
 340;      .936;    24.937;    88.447; 
 341;      .920;    24.980;    88.447; 
 342;      .919;    24.987;    88.447; 
 343;      .916;    24.996;    88.447; 
 344;      .912;    25.007;    88.447; 
 345;      .905;    25.033;    88.447; 
 346;      .901;    25.056;    88.447; 
 347;      .899;    25.065;    88.447; 
 348;      .898;    25.072;    88.447; 
 349;      .896;    25.078;    88.447; 
 350;      .896;    25.079;    88.447; 
 351;      .893;    25.088;    88.447; 
 352;      .892;    25.093;    88.447; 
 353;      .888;    25.108;    88.447; 
 354;      .882;    25.139;    88.447; 
 355;      .878;    25.161;    88.447; 
 356;      .878;    25.163;    88.447; 
 357;      .877;    25.167;    88.447; 
 358;      .875;    25.178;    88.447; 
 359;      .872;    25.194;    88.447; 
 360;      .870;    25.209;    88.447; 
 361;      .868;    25.225;    88.447; 
 362;      .867;    25.234;    88.447; 
 363;      .866;    25.240;    88.447; 
 364;      .866;    25.242;    88.447; 
 365;      .864;    25.250;    88.447; 
 366;      .863;    25.255;    88.447; 
 367;      .861;    25.263;    88.447; 
 368;      .859;    25.275;    88.447; 
 369;      .857;    25.282;    88.447; 
 370;      .855;    25.293;    88.447; 
 371;      .852;    25.304;    88.447; 
 372;      .849;    25.318;    88.447; 
 373;      .846;    25.340;    88.447; 
 374;      .846;    25.339;    88.447; 
 375;      .844;    25.344;    88.447; 
 376;      .844;    25.346;    88.447; 
 377;      .843;    25.350;    88.447; 
 378;      .842;    25.351;    88.447; 
 379;      .837;    25.367;    88.447; 
 380;      .830;    25.398;    88.447; 
 381;      .827;    25.417;    88.447; 
 382;      .825;    25.425;    88.447; 
 383;      .824;    25.432;    88.447; 
 384;      .823;    25.437;    88.447; 
 385;      .821;    25.448;    88.447; 
 386;      .819;    25.457;    88.447; 
 387;      .818;    25.459;    88.447; 
 388;      .815;    25.471;    88.447; 
 389;      .813;    25.478;    88.447; 
 390;      .810;    25.489;    88.447; 
 391;      .807;    25.501;    88.447; 
 392;      .805;    25.510;    88.447; 
 393;      .803;    25.517;    88.447; 
 394;      .801;    25.525;    88.447; 
 395;      .798;    25.536;    88.447; 
 396;      .796;    25.545;    88.447; 
 397;      .792;    25.558;    88.447; 
 398;      .790;    25.565;    88.447; 
 399;      .787;    25.576;    88.447; 
 400;      .784;    25.589;    88.447; 
 401;      .784;    25.589;    88.447; 
 402;      .781;    25.598;    88.447; 
 403;      .777;    25.611;    88.447; 
 404;      .773;    25.626;    88.447; 
 405;      .770;    25.639;    88.447; 
 406;      .767;    25.649;    88.447; 
 407;      .765;    25.658;    88.447; 
 408;      .763;    25.666;    88.447; 
 409;      .760;    25.676;    88.447; 
 410;      .757;    25.688;    88.447; 
 411;      .754;    25.695;    88.447; 
 412;      .752;    25.703;    88.447; 
 413;      .750;    25.710;    88.447; 
 414;      .746;    25.723;    88.447; 
 415;      .744;    25.729;    88.447; 
 416;      .741;    25.738;    88.447; 
 417;      .736;    25.758;    88.447; 
 418;      .733;    25.768;    88.447; 
 419;      .731;    25.777;    88.447; 
 420;      .728;    25.785;    88.447; 
 421;      .726;    25.793;    88.447; 
 422;      .724;    25.800;    88.447; 
 423;      .720;    25.812;    88.447; 
 424;      .718;    25.820;    88.447; 
 425;      .715;    25.828;    88.447; 
 426;      .712;    25.839;    88.447; 
 427;      .709;    25.846;    88.447; 
 428;      .706;    25.857;    88.447; 
 429;      .702;    25.869;    88.447; 
 430;      .699;    25.879;    88.447; 
 431;      .696;    25.889;    88.447; 
 432;      .690;    25.906;    88.447; 
 433;      .687;    25.918;    88.447; 
 434;      .686;    25.924;    88.447; 
 435;      .684;    25.928;    88.447; 
 436;      .681;    25.938;    88.447; 
 437;      .676;    25.954;    88.447; 
 438;      .673;    25.964;    88.447; 
 439;      .672;    25.968;    88.447; 
 440;      .669;    25.975;    88.447; 
 441;      .664;    25.991;    88.447; 
 442;      .660;    26.005;    88.447; 
 443;      .658;    26.010;    88.447; 
 444;      .656;    26.016;    88.447; 
 445;      .654;    26.022;    88.447; 
 446;      .650;    26.033;    88.447; 
 447;      .648;    26.039;    88.447; 
 448;      .641;    26.058;    88.447; 
 449;      .634;    26.082;    88.447; 
 450;      .632;    26.091;    88.447; 
 451;      .629;    26.098;    88.447; 
 452;      .629;    26.100;    88.447; 
 453;      .626;    26.107;    88.447; 
 454;      .621;    26.122;    88.447; 
 455;      .618;    26.130;    88.447; 
 456;      .615;    26.142;    88.447; 
 457;      .612;    26.150;    88.447; 
 458;      .610;    26.156;    88.447; 
 459;      .607;    26.164;    88.447; 
 460;      .603;    26.176;    88.447; 
 461;      .600;    26.183;    88.447; 
 462;      .595;    26.195;    88.447; 
 463;      .591;    26.209;    88.447; 
 464;      .586;    26.222;    88.447; 
 465;      .584;    26.228;    88.447; 
 466;      .581;    26.236;    88.447; 
 467;      .578;    26.246;    88.447; 
 468;      .573;    26.261;    88.447; 
 469;      .570;    26.270;    88.447; 
 470;      .567;    26.278;    88.447; 
 471;      .566;    26.281;    88.447; 
 472;      .563;    26.286;    88.447; 
 473;      .557;    26.302;    88.447; 
 474;      .554;    26.311;    88.447; 
 475;      .549;    26.324;    88.447; 
 476;      .545;    26.334;    88.447; 
 477;      .542;    26.344;    88.447; 
 478;      .537;    26.355;    88.447; 
 479;      .535;    26.363;    88.447; 
 480;      .530;    26.377;    88.447; 
 481;      .527;    26.382;    88.447; 
 482;      .525;    26.390;    88.447; 
 483;      .521;    26.398;    88.447; 
 484;      .516;    26.411;    88.447; 
 485;      .513;    26.420;    88.447; 
 486;      .510;    26.426;    88.447; 
 487;      .508;    26.431;    88.447; 
 488;      .500;    26.453;    88.447; 
 489;      .493;    26.472;    88.447; 
 490;      .489;    26.484;    88.447; 
 491;      .485;    26.496;    88.447; 
 492;      .484;    26.501;    88.447; 
 493;      .483;    26.504;    88.447; 
 494;      .480;    26.510;    88.447; 
 495;      .477;    26.519;    88.447; 
 496;      .472;    26.530;    88.447; 
 497;      .469;    26.537;    88.447; 
 498;      .468;    26.539;    88.447; 
 499;      .464;    26.550;    88.447; 
 500;      .459;    26.561;    88.447; 
 501;      .453;    26.575;    88.447; 
 502;      .444;    26.602;    88.447; 
 503;      .440;    26.612;    88.447; 
 504;      .438;    26.618;    88.447; 
 505;      .437;    26.621;    88.447; 
 506;      .434;    26.627;    88.447; 
 507;      .432;    26.634;    88.447; 
 508;      .428;    26.643;    88.447; 
 509;      .421;    26.660;    88.447; 
 510;      .418;    26.668;    88.447; 
 511;      .414;    26.677;    88.447; 
 512;      .410;    26.688;    88.447; 
 513;      .406;    26.699;    88.447; 
 514;      .404;    26.703;    88.447; 
 515;      .397;    26.720;    88.447; 
 516;      .395;    26.724;    88.447; 
 517;      .392;    26.732;    88.447; 
 518;      .389;    26.739;    88.447; 
 519;      .384;    26.751;    88.447; 
 520;      .380;    26.761;    88.447; 
 521;      .377;    26.767;    88.447; 
 522;      .373;    26.776;    88.447; 
 523;      .369;    26.784;    88.447; 
 524;      .365;    26.793;    88.447; 
 525;      .359;    26.807;    88.447; 
 526;      .354;    26.820;    88.447; 
 527;      .345;    26.842;    88.447; 
 528;      .341;    26.855;    88.447; 
 529;      .339;    26.861;    88.447; 
 530;      .339;    26.861;    88.447; 
 531;      .335;    26.869;    88.447; 
 532;      .337;    26.865;    88.447; 
 533;      .333;    26.873;    88.447; 
 534;      .329;    26.880;    88.447; 
 535;      .327;    26.884;    88.447; 
 536;      .322;    26.892;    88.447; 
 537;      .307;    26.926;    88.447; 
 538;      .300;    26.944;    88.447; 
 539;      .299;    26.947;    88.447; 
 540;      .296;    26.953;    88.447; 
 541;      .296;    26.953;    88.447; 
 542;      .292;    26.961;    88.447; 
 543;      .290;    26.964;    88.447; 
 544;      .287;    26.969;    88.447; 
 545;      .283;    26.976;    88.447; 
 546;      .281;    26.978;    88.447; 
 547;      .280;    26.980;    88.447; 
 548;      .277;    26.984;    88.447; 
 549;      .276;    26.985;    88.447; 
 550;      .274;    26.987;    88.447; 
 551;      .273;    26.988;    88.447; 
 552;      .271;    26.990;    88.447; 
 553;      .260;    27.002;    88.447; 
 554;      .253;    27.010;    88.447; 
 555;      .246;    27.018;    88.447; 
 556;      .245;    27.018;    88.447; 
 557;      .245;    27.019;    88.447; 
 558;      .244;    27.019;    88.447; 
 559;      .242;    27.020;    88.447; 
 560;      .238;    27.023;    88.447; 
 561;      .232;    27.027;    88.447; 
 562;      .228;    27.031;    88.447; 
 563;      .218;    27.037;    88.447; 
 564;      .216;    27.038;    88.447; 
 565;      .218;    27.037;    88.447; 
 566;      .208;    27.042;    88.447; 
 567;      .205;    27.044;    88.447; 
 568;      .203;    27.044;    88.447; 
 569;      .200;    27.045;    88.447; 
 570;      .194;    27.048;    88.447; 
 571;      .188;    27.050;    88.447; 
 572;      .181;    27.053;    88.447; 
 573;      .172;    27.056;    88.447; 
 574;      .168;    27.057;    88.447; 
 575;      .166;    27.058;    88.447; 
 576;      .161;    27.059;    88.447; 
 577;      .155;    27.060;    88.447; 
 578;      .153;    27.060;    88.447; 
 579;      .149;    27.061;    88.447; 
 580;      .143;    27.062;    88.447; 
 581;      .139;    27.062;    88.447; 
 582;      .135;    27.062;    88.447; 
 583;      .131;    27.062;    88.447; 
 584;      .129;    27.062;    88.447; 
 585;      .120;    27.063;    88.447; 
 586;      .110;    27.063;    88.447; 
 587;      .097;    27.063;    88.447; 
 588;      .086;    27.064;    88.447; 
 589;      .080;    27.064;    88.447; 
 590;      .075;    27.064;    88.447; 
 591;      .065;    27.063;    88.447; 
 592;      .054;    27.063;    88.447; 
 593;      .042;    27.063;    88.447; 
 594;      .029;    27.064;    88.447; 
 595;      .021;    27.064;    88.447; 
 596;      .013;    27.063;    88.447; 
 597;      .005;    27.063;    88.447; 
 598;     -.011;    27.063;    88.447; 
 599;     -.021;    27.063;    88.447; 
 600;     -.028;    27.063;    88.447; 
 601;     -.034;    27.063;    88.447; 
 602;     -.038;    27.063;    88.447; 
 603;     -.049;    27.062;    88.447; 
 604;     -.076;    27.062;    88.447; 
 605;     -.090;    27.062;    88.447; 
 606;     -.103;    27.062;    88.447; 
 607;     -.113;    27.063;    88.447; 
 608;     -.116;    27.063;    88.447; 
 609;     -.123;    27.062;    88.447; 
 610;     -.137;    27.062;    88.447; 
 611;     -.154;    27.063;    88.447; 
 612;     -.168;    27.063;    88.447; 
 613;     -.172;    27.063;    88.447; 
 614;     -.180;    27.063;    88.447; 
 615;     -.190;    27.063;    88.447; 
 616;     -.203;    27.063;    88.447; 
 617;     -.214;    27.063;    88.447; 
 618;     -.222;    27.063;    88.447; 
 619;     -.231;    27.063;    88.447; 
 620;     -.238;    27.063;    88.447; 
 621;     -.245;    27.063;    88.447; 
 622;     -.258;    27.063;    88.447; 
 623;     -.269;    27.062;    88.447; 
 624;     -.279;    27.062;    88.447; 
 625;     -.290;    27.062;    88.447; 
 626;     -.306;    27.062;    88.447; 
 627;     -.326;    27.062;    88.447; 
 628;     -.335;    27.063;    88.447; 
 629;     -.343;    27.063;    88.447; 
 630;     -.352;    27.063;    88.447; 
 631;     -.362;    27.063;    88.447; 
 632;     -.371;    27.063;    88.447; 
 633;     -.382;    27.063;    88.447; 
 634;     -.390;    27.063;    88.447; 
 635;     -.398;    27.063;    88.447; 
 636;     -.404;    27.063;    88.447; 
 637;     -.413;    27.062;    88.447; 
 638;     -.416;    27.062;    88.447; 
 639;     -.420;    27.061;    88.447; 
 640;     -.428;    27.061;    88.447; 
 641;     -.433;    27.060;    88.447; 
 642;     -.436;    27.059;    88.447; 
 643;     -.443;    27.058;    88.447; 
 644;     -.449;    27.057;    88.447; 
 645;     -.449;    27.056;    88.447; 
 646;     -.454;    27.055;    88.447; 
 647;     -.457;    27.054;    88.447; 
 648;     -.458;    27.053;    88.447; 
 649;     -.463;    27.052;    88.447; 
 650;     -.471;    27.048;    88.447; 
 651;     -.474;    27.047;    88.447; 
 652;     -.476;    27.046;    88.447; 
 653;     -.478;    27.045;    88.447; 
 654;     -.479;    27.044;    88.447; 
 655;     -.479;    27.044;    88.447; 
 656;     -.487;    27.039;    88.447; 
 657;     -.487;    27.038;    88.447; 
 658;     -.492;    27.035;    88.447; 
 659;     -.505;    27.026;    88.447; 
 660;     -.520;    27.016;    88.447; 
 661;     -.530;    27.010;    88.447; 
 662;     -.537;    27.006;    88.447; 
 663;     -.546;    27.000;    88.447; 
 664;     -.550;    26.997;    88.447; 
 665;     -.555;    26.994;    88.447; 
 666;     -.556;    26.993;    88.447; 
 667;     -.558;    26.991;    88.447; 
 668;     -.559;    26.989;    88.447; 
 669;     -.560;    26.989;    88.447; 
 670;     -.562;    26.986;    88.447; 
 671;     -.560;    26.988;    88.447; 
 672;     -.562;    26.985;    88.447; 
 673;     -.562;    26.985;    88.447; 
 674;     -.567;    26.977;    88.447; 
 675;     -.574;    26.968;    88.447; 
 676;     -.578;    26.963;    88.447; 
 677;     -.582;    26.956;    88.447; 
 678;     -.582;    26.956;    88.447; 
 679;     -.586;    26.949;    88.447; 
 680;     -.588;    26.946;    88.447; 
 681;     -.588;    26.945;    88.447; 
 682;     -.592;    26.938;    88.447; 
 683;     -.592;    26.937;    88.447; 
 684;     -.596;    26.928;    88.447; 
 685;     -.601;    26.916;    88.447; 
 686;     -.603;    26.910;    88.447; 
 687;     -.606;    26.904;    88.447; 
 688;     -.612;    26.889;    88.447; 
 689;     -.620;    26.870;    88.447; 
 690;     -.627;    26.856;    88.447; 
 691;     -.628;    26.854;    88.447; 
 692;     -.629;    26.851;    88.447; 
 693;     -.630;    26.847;    88.447; 
 694;     -.636;    26.833;    88.447; 
 695;     -.641;    26.819;    88.447; 
 696;     -.648;    26.803;    88.447; 
 697;     -.650;    26.799;    88.447; 
 698;     -.652;    26.794;    88.447; 
 699;     -.653;    26.790;    88.447; 
 700;     -.656;    26.781;    88.447; 
 701;     -.658;    26.775;    88.447; 
 702;     -.666;    26.754;    88.447; 
 703;     -.673;    26.736;    88.447; 
 704;     -.679;    26.723;    88.447; 
 705;     -.682;    26.716;    88.447; 
 706;     -.687;    26.704;    88.447; 
 707;     -.690;    26.698;    88.447; 
 708;     -.692;    26.693;    88.447; 
 709;     -.696;    26.681;    88.447; 
 710;     -.699;    26.674;    88.447; 
 711;     -.704;    26.663;    88.447; 
 712;     -.706;    26.656;    88.447; 
 713;     -.707;    26.652;    88.447; 
 714;     -.710;    26.643;    88.447; 
 715;     -.712;    26.637;    88.447; 
 716;     -.716;    26.625;    88.447; 
 717;     -.732;    26.589;    88.447; 
 718;     -.738;    26.576;    88.447; 
 719;     -.740;    26.571;    88.447; 
 720;     -.742;    26.567;    88.447; 
 721;     -.743;    26.563;    88.447; 
 722;     -.744;    26.560;    88.447; 
 723;     -.744;    26.559;    88.447; 
 724;     -.748;    26.548;    88.447; 
 725;     -.750;    26.541;    88.447; 
 726;     -.754;    26.528;    88.447; 
 727;     -.764;    26.502;    88.447; 
 728;     -.769;    26.491;    88.447; 
 729;     -.774;    26.479;    88.447; 
 730;     -.776;    26.473;    88.447; 
 731;     -.779;    26.465;    88.447; 
 732;     -.782;    26.458;    88.447; 
 733;     -.786;    26.447;    88.447; 
 734;     -.789;    26.440;    88.447; 
 735;     -.793;    26.429;    88.447; 
 736;     -.795;    26.422;    88.447; 
 737;     -.800;    26.410;    88.447; 
 738;     -.804;    26.398;    88.447; 
 739;     -.807;    26.390;    88.447; 
 740;     -.813;    26.375;    88.447; 
 741;     -.815;    26.370;    88.447; 
 742;     -.818;    26.361;    88.447; 
 743;     -.819;    26.359;    88.447; 
 744;     -.821;    26.351;    88.447; 
 745;     -.827;    26.334;    88.447; 
 746;     -.831;    26.323;    88.447; 
 747;     -.838;    26.305;    88.447; 
 748;     -.843;    26.292;    88.447; 
 749;     -.846;    26.284;    88.447; 
 750;     -.848;    26.278;    88.447; 
 751;     -.851;    26.270;    88.447; 
 752;     -.855;    26.260;    88.447; 
 753;     -.857;    26.253;    88.447; 
 754;     -.861;    26.243;    88.447; 
 755;     -.864;    26.235;    88.447; 
 756;     -.867;    26.226;    88.447; 
 757;     -.871;    26.214;    88.447; 
 758;     -.874;    26.205;    88.447; 
 759;     -.877;    26.196;    88.447; 
 760;     -.879;    26.190;    88.447; 
 761;     -.881;    26.184;    88.447; 
 762;     -.885;    26.170;    88.447; 
 763;     -.888;    26.161;    88.447; 
 764;     -.893;    26.147;    88.447; 
 765;     -.896;    26.136;    88.447; 
 766;     -.899;    26.129;    88.447; 
 767;     -.904;    26.114;    88.447; 
 768;     -.905;    26.110;    88.447; 
 769;     -.909;    26.098;    88.447; 
 770;     -.913;    26.087;    88.447; 
 771;     -.917;    26.075;    88.447; 
 772;     -.920;    26.065;    88.447; 
 773;     -.924;    26.054;    88.447; 
 774;     -.926;    26.048;    88.447; 
 775;     -.927;    26.044;    88.447; 
 776;     -.929;    26.037;    88.447; 
 777;     -.932;    26.026;    88.447; 
 778;     -.937;    26.012;    88.447; 
 779;     -.940;    26.001;    88.447; 
 780;     -.944;    25.989;    88.447; 
 781;     -.947;    25.980;    88.447; 
 782;     -.949;    25.974;    88.447; 
 783;     -.950;    25.969;    88.447; 
 784;     -.953;    25.959;    88.447; 
 785;     -.956;    25.949;    88.447; 
 786;     -.962;    25.929;    88.447; 
 787;     -.966;    25.915;    88.447; 
 788;     -.969;    25.906;    88.447; 
 789;     -.974;    25.894;    88.447; 
 790;     -.977;    25.884;    88.447; 
 791;     -.981;    25.872;    88.447; 
 792;     -.982;    25.869;    88.447; 
 793;     -.985;    25.860;    88.447; 
 794;     -.986;    25.857;    88.447; 
 795;     -.988;    25.849;    88.447; 
 796;     -.992;    25.836;    88.447; 
 797;     -.994;    25.829;    88.447; 
 798;     -.996;    25.821;    88.447; 
 799;     -.998;    25.815;    88.447; 
 800;    -1.000;    25.807;    88.447; 
 801;    -1.003;    25.795;    88.447; 
 802;    -1.007;    25.780;    88.447; 
 803;    -1.010;    25.768;    88.447; 
 804;    -1.012;    25.760;    88.447; 
 805;    -1.018;    25.741;    88.447; 
 806;    -1.019;    25.736;    88.447; 
 807;    -1.025;    25.718;    88.447; 
 808;    -1.027;    25.712;    88.447; 
 809;    -1.028;    25.709;    88.447; 
 810;    -1.028;    25.705;    88.447; 
 811;    -1.031;    25.693;    88.447; 
 812;    -1.033;    25.686;    88.447; 
 813;    -1.039;    25.665;    88.447; 
 814;    -1.045;    25.645;    88.447; 
 815;    -1.048;    25.637;    88.447; 
 816;    -1.049;    25.632;    88.447; 
 817;    -1.053;    25.620;    88.447; 
 818;    -1.055;    25.612;    88.447; 
 819;    -1.058;    25.602;    88.447; 
 820;    -1.062;    25.590;    88.447; 
 821;    -1.063;    25.584;    88.447; 
 822;    -1.066;    25.575;    88.447; 
 823;    -1.067;    25.568;    88.447; 
 824;    -1.068;    25.565;    88.447; 
 825;    -1.069;    25.558;    88.447; 
 826;    -1.072;    25.546;    88.447; 
 827;    -1.076;    25.529;    88.447; 
 828;    -1.079;    25.519;    88.447; 
 829;    -1.081;    25.507;    88.447; 
 830;    -1.085;    25.495;    88.447; 
 831;    -1.087;    25.487;    88.447; 
 832;    -1.089;    25.476;    88.447; 
 833;    -1.093;    25.462;    88.447; 
 834;    -1.095;    25.454;    88.447; 
 835;    -1.097;    25.448;    88.447; 
 836;    -1.099;    25.440;    88.447; 
 837;    -1.100;    25.434;    88.447; 
 838;    -1.101;    25.429;    88.447; 
 839;    -1.103;    25.418;    88.447; 
 840;    -1.104;    25.411;    88.447; 
 841;    -1.108;    25.396;    88.447; 
 842;    -1.111;    25.380;    88.447; 
 843;    -1.113;    25.373;    88.447; 
 844;    -1.114;    25.367;    88.447; 
 845;    -1.115;    25.360;    88.447; 
 846;    -1.116;    25.352;    88.447; 
 847;    -1.118;    25.342;    88.447; 
 848;    -1.120;    25.332;    88.447; 
 849;    -1.122;    25.322;    88.447; 
 850;    -1.125;    25.304;    88.447; 
 851;    -1.130;    25.283;    88.447; 
 852;    -1.137;    25.259;    88.447; 
 853;    -1.139;    25.254;    88.447; 
 854;    -1.141;    25.246;    88.447; 
 855;    -1.141;    25.244;    88.447; 
 856;    -1.144;    25.234;    88.447; 
 857;    -1.145;    25.226;    88.447; 
 858;    -1.147;    25.219;    88.447; 
 859;    -1.147;    25.217;    88.447; 
 860;    -1.148;    25.210;    88.447; 
 861;    -1.149;    25.207;    88.447; 
 862;    -1.149;    25.203;    88.447; 
 863;    -1.150;    25.193;    88.447; 
 864;    -1.152;    25.182;    88.447; 
 865;    -1.153;    25.173;    88.447; 
 866;    -1.154;    25.164;    88.447; 
 867;    -1.154;    25.157;    88.447; 
 868;    -1.157;    25.136;    88.447; 
 869;    -1.164;    25.100;    88.447; 
 870;    -1.173;    25.072;    88.447; 
 871;    -1.176;    25.064;    88.447; 
 872;    -1.176;    25.062;    88.447; 
 873;    -1.179;    25.051;    88.447; 
 874;    -1.180;    25.047;    88.447; 
 875;    -1.182;    25.038;    88.447; 
 876;    -1.184;    25.031;    88.447; 
 877;    -1.186;    25.021;    88.447; 
 878;    -1.191;    25.003;    88.447; 
 879;    -1.195;    24.989;    88.447; 
 880;    -1.199;    24.975;    88.447; 
 881;    -1.205;    24.958;    88.447; 
 882;    -1.208;    24.949;    88.447; 
 883;    -1.215;    24.929;    88.447; 
 884;    -1.230;    24.897;    88.447; 
 885;    -1.254;    24.859;    88.447; 
 886;    -1.350;    24.776;    88.447; 
 887;    -1.450;    24.748;    88.447; 
 888;    -1.462;    24.747;    88.447; 
 889;    -1.476;    24.745;    88.447; 
 890;    -1.488;    24.744;    88.447; 
 891;    -1.497;    24.743;    88.447; 
 892;    -1.518;    24.742;    88.447; 
 893;    -1.538;    24.742;    88.447; 
 894;    -1.548;    24.742;    88.447; 
 895;    -1.553;    24.741;    88.447; 
 896;    -1.559;    24.741;    88.447; 
 897;    -1.568;    24.741;    88.447; 
 898;    -1.577;    24.740;    88.447; 
 899;    -1.586;    24.739;    88.447; 
 900;    -1.595;    24.739;    88.447; 
 901;    -1.607;    24.738;    88.447; 
 902;    -1.618;    24.737;    88.447; 
 903;    -1.628;    24.736;    88.447; 
 904;    -1.637;    24.735;    88.447; 
 905;    -1.648;    24.735;    88.447; 
 906;    -1.658;    24.734;    88.447; 
 907;    -1.662;    24.733;    88.447; 
 908;    -1.666;    24.733;    88.447; 
 909;    -1.669;    24.732;    88.447; 
 910;    -1.672;    24.731;    88.447; 
 911;    -1.706;    24.727;    88.447; 
 912;    -1.748;    24.726;    88.447; 
 913;    -1.757;    24.726;    88.447; 
 914;    -1.762;    24.726;    88.447; 
 915;    -1.767;    24.726;    88.447; 
 916;    -1.773;    24.726;    88.447; 
 917;    -1.783;    24.725;    88.447; 
 918;    -1.793;    24.725;    88.447; 
 919;    -1.803;    24.724;    88.447; 
 920;    -1.807;    24.724;    88.447; 
 921;    -1.830;    24.723;    88.447; 
 922;    -1.928;    24.739;    88.447; 
 923;    -2.004;    24.781;    88.447; 
 924;    -2.079;    24.871;    88.447; 
 925;    -2.089;    24.890;    88.447; 
 926;    -2.091;    24.895;    88.447; 
 927;    -2.095;    24.903;    88.447; 
 928;    -2.099;    24.910;    88.447; 
 929;    -2.117;    24.952;    88.447; 
 930;    -2.126;    24.984;    88.447; 
 931;    -2.128;    24.991;    88.447; 
 932;    -2.129;    24.995;    88.447; 
 933;    -2.132;    25.002;    88.447; 
 934;    -2.133;    25.005;    88.447; 
 935;    -2.135;    25.012;    88.447; 
 936;    -2.137;    25.017;    88.447; 
 937;    -2.138;    25.019;    88.447; 
 938;    -2.141;    25.026;    88.447; 
 939;    -2.153;    25.056;    88.447; 
 940;    -2.161;    25.086;    88.447; 
 941;    -2.165;    25.102;    88.447; 
 942;    -2.167;    25.112;    88.447; 
 943;    -2.168;    25.114;    88.447; 
 944;    -2.168;    25.113;    88.447; 
 945;    -2.170;    25.119;    88.447; 
 946;    -2.170;    25.118;    88.447; 
 947;    -2.173;    25.125;    88.447; 
 948;    -2.175;    25.130;    88.447; 
 949;    -2.182;    25.147;    88.447; 
 950;    -2.191;    25.176;    88.447; 
 951;    -2.196;    25.192;    88.447; 
 952;    -2.197;    25.194;    88.447; 
 953;    -2.200;    25.205;    88.447; 
 954;    -2.204;    25.220;    88.447; 
 955;    -2.208;    25.235;    88.447; 
 956;    -2.210;    25.243;    88.447; 
 957;    -2.212;    25.248;    88.447; 
 958;    -2.213;    25.252;    88.447; 
 959;    -2.217;    25.261;    88.447; 
 960;    -2.220;    25.271;    88.447; 
 961;    -2.223;    25.279;    88.447; 
 962;    -2.226;    25.289;    88.447; 
 963;    -2.228;    25.295;    88.447; 
 964;    -2.232;    25.305;    88.447; 
 965;    -2.235;    25.314;    88.447; 
 966;    -2.239;    25.324;    88.447; 
 967;    -2.244;    25.336;    88.447; 
 968;    -2.246;    25.344;    88.447; 
 969;    -2.251;    25.357;    88.447; 
 970;    -2.253;    25.363;    88.447; 
 971;    -2.256;    25.370;    88.447; 
 972;    -2.258;    25.374;    88.447; 
 973;    -2.261;    25.380;    88.447; 
 974;    -2.268;    25.398;    88.447; 
 975;    -2.276;    25.419;    88.447; 
 976;    -2.278;    25.425;    88.447; 
 977;    -2.281;    25.433;    88.447; 
 978;    -2.282;    25.436;    88.447; 
 979;    -2.286;    25.445;    88.447; 
 980;    -2.290;    25.453;    88.447; 
 981;    -2.295;    25.466;    88.447; 
 982;    -2.299;    25.477;    88.447; 
 983;    -2.304;    25.490;    88.447; 
 984;    -2.308;    25.499;    88.447; 
 985;    -2.311;    25.509;    88.447; 
 986;    -2.315;    25.520;    88.447; 
 987;    -2.318;    25.526;    88.447; 
 988;    -2.323;    25.538;    88.447; 
 989;    -2.325;    25.543;    88.447; 
 990;    -2.329;    25.555;    88.447; 
 991;    -2.333;    25.565;    88.447; 
 992;    -2.335;    25.569;    88.447; 
 993;    -2.340;    25.582;    88.447; 
 994;    -2.345;    25.593;    88.447; 
 995;    -2.349;    25.603;    88.447; 
 996;    -2.352;    25.611;    88.447; 
 997;    -2.354;    25.615;    88.447; 
 998;    -2.358;    25.624;    88.447; 
 999;    -2.362;    25.632;    88.447; 
1000;    -2.364;    25.637;    88.447; 
1001;    -2.368;    25.646;    88.447; 
1002;    -2.372;    25.655;    88.447; 
1003;    -2.378;    25.668;    88.447; 
1004;    -2.385;    25.683;    88.447; 
1005;    -2.393;    25.703;    88.447; 
1006;    -2.396;    25.711;    88.447; 
1007;    -2.399;    25.719;    88.447; 
1008;    -2.401;    25.722;    88.447; 
1009;    -2.405;    25.731;    88.447; 
1010;    -2.407;    25.735;    88.447; 
1011;    -2.412;    25.746;    88.447; 
1012;    -2.416;    25.755;    88.447; 
1013;    -2.421;    25.766;    88.447; 
1014;    -2.425;    25.776;    88.447; 
1015;    -2.429;    25.783;    88.447; 
1016;    -2.432;    25.791;    88.447; 
1017;    -2.437;    25.802;    88.447; 
1018;    -2.442;    25.812;    88.447; 
1019;    -2.446;    25.821;    88.447; 
1020;    -2.453;    25.836;    88.447; 
1021;    -2.458;    25.848;    88.447; 
1022;    -2.463;    25.861;    88.447; 
1023;    -2.465;    25.867;    88.447; 
1024;    -2.468;    25.872;    88.447; 
1025;    -2.473;    25.882;    88.447; 
1026;    -2.474;    25.885;    88.447; 
1027;    -2.479;    25.894;    88.447; 
1028;    -2.484;    25.906;    88.447; 
1029;    -2.488;    25.915;    88.447; 
1030;    -2.493;    25.926;    88.447; 
1031;    -2.498;    25.937;    88.447; 
1032;    -2.502;    25.945;    88.447; 
1033;    -2.507;    25.956;    88.447; 
1034;    -2.511;    25.963;    88.447; 
1035;    -2.515;    25.973;    88.447; 
1036;    -2.519;    25.982;    88.447; 
1037;    -2.523;    25.989;    88.447; 
1038;    -2.527;    25.997;    88.447; 
1039;    -2.531;    26.005;    88.447; 
1040;    -2.538;    26.020;    88.447; 
1041;    -2.544;    26.033;    88.447; 
1042;    -2.548;    26.041;    88.447; 
1043;    -2.552;    26.049;    88.447; 
1044;    -2.555;    26.056;    88.447; 
1045;    -2.558;    26.061;    88.447; 
1046;    -2.565;    26.075;    88.447; 
1047;    -2.568;    26.083;    88.447; 
1048;    -2.571;    26.088;    88.447; 
1049;    -2.578;    26.101;    88.447; 
1050;    -2.585;    26.115;    88.447; 
1051;    -2.588;    26.121;    88.447; 
1052;    -2.591;    26.126;    88.447; 
1053;    -2.593;    26.130;    88.447; 
1054;    -2.599;    26.141;    88.447; 
1055;    -2.606;    26.153;    88.447; 
1056;    -2.611;    26.164;    88.447; 
1057;    -2.617;    26.175;    88.447; 
1058;    -2.626;    26.193;    88.447; 
1059;    -2.631;    26.204;    88.447; 
1060;    -2.636;    26.216;    88.447; 
1061;    -2.636;    26.216;    88.447; 
1062;    -2.642;    26.227;    88.447; 
1063;    -2.644;    26.231;    88.447; 
1064;    -2.648;    26.239;    88.447; 
1065;    -2.654;    26.251;    88.447; 
1066;    -2.660;    26.262;    88.447; 
1067;    -2.664;    26.271;    88.447; 
1068;    -2.669;    26.281;    88.447; 
1069;    -2.676;    26.295;    88.447; 
1070;    -2.680;    26.302;    88.447; 
1071;    -2.686;    26.314;    88.447; 
1072;    -2.689;    26.322;    88.447; 
1073;    -2.691;    26.326;    88.447; 
1074;    -2.694;    26.330;    88.447; 
1075;    -2.698;    26.337;    88.447; 
1076;    -2.704;    26.348;    88.447; 
1077;    -2.710;    26.359;    88.447; 
1078;    -2.715;    26.369;    88.447; 
1079;    -2.717;    26.371;    88.447; 
1080;    -2.723;    26.381;    88.447; 
1081;    -2.733;    26.401;    88.447; 
1082;    -2.741;    26.417;    88.447; 
1083;    -2.746;    26.428;    88.447; 
1084;    -2.749;    26.433;    88.447; 
1085;    -2.751;    26.438;    88.447; 
1086;    -2.752;    26.440;    88.447; 
1087;    -2.759;    26.451;    88.447; 
1088;    -2.761;    26.455;    88.447; 
1089;    -2.768;    26.468;    88.447; 
1090;    -2.777;    26.483;    88.447; 
1091;    -2.784;    26.498;    88.447; 
1092;    -2.788;    26.506;    88.447; 
1093;    -2.790;    26.509;    88.447; 
1094;    -2.796;    26.520;    88.447; 
1095;    -2.800;    26.527;    88.447; 
1096;    -2.806;    26.538;    88.447; 
1097;    -2.810;    26.546;    88.447; 
1098;    -2.816;    26.556;    88.447; 
1099;    -2.821;    26.566;    88.447; 
1100;    -2.823;    26.569;    88.447; 
1101;    -2.829;    26.579;    88.447; 
1102;    -2.832;    26.585;    88.447; 
1103;    -2.839;    26.597;    88.447; 
1104;    -2.846;    26.611;    88.447; 
1105;    -2.851;    26.619;    88.447; 
1106;    -2.854;    26.625;    88.447; 
1107;    -2.860;    26.634;    88.447; 
1108;    -2.865;    26.643;    88.447; 
1109;    -2.872;    26.656;    88.447; 
1110;    -2.876;    26.662;    88.447; 
1111;    -2.881;    26.672;    88.447; 
1112;    -2.888;    26.683;    88.447; 
1113;    -2.890;    26.687;    88.447; 
1114;    -2.896;    26.699;    88.447; 
1115;    -2.901;    26.706;    88.447; 
1116;    -2.904;    26.711;    88.447; 
1117;    -2.907;    26.715;    88.447; 
1118;    -2.917;    26.732;    88.447; 
1119;    -2.924;    26.744;    88.447; 
1120;    -2.932;    26.758;    88.447; 
1121;    -2.933;    26.760;    88.447; 
1122;    -2.933;    26.760;    88.447; 
1123;    -2.935;    26.762;    88.447; 
1124;    -2.936;    26.763;    88.447; 
1125;    -2.936;    26.762;    88.447; 
1126;    -2.940;    26.767;    88.447; 
1127;    -2.943;    26.770;    88.447; 
1128;    -2.943;    26.770;    88.447; 
1129;    -2.951;    26.778;    88.447; 
1130;    -2.966;    26.795;    88.447; 
1131;    -2.970;    26.798;    88.447; 
1132;    -2.977;    26.805;    88.447; 
1133;    -2.977;    26.806;    88.447; 
1134;    -2.981;    26.809;    88.447; 
1135;    -2.985;    26.812;    88.447; 
1136;    -2.994;    26.820;    88.447; 
1137;    -2.998;    26.824;    88.447; 
1138;    -2.999;    26.824;    88.447; 
1139;    -3.002;    26.826;    88.447; 
1140;    -3.003;    26.826;    88.447; 
1141;    -3.006;    26.828;    88.447; 
1142;    -3.011;    26.831;    88.447; 
1143;    -3.014;    26.833;    88.447; 
1144;    -3.023;    26.837;    88.447; 
1145;    -3.039;    26.846;    88.447; 
1146;    -3.055;    26.856;    88.447; 
1147;    -3.059;    26.858;    88.447; 
1148;    -3.065;    26.861;    88.447; 
1149;    -3.070;    26.864;    88.447; 
1150;    -3.076;    26.867;    88.447; 
1151;    -3.081;    26.869;    88.447; 
1152;    -3.084;    26.870;    88.447; 
1153;    -3.085;    26.871;    88.447; 
1154;    -3.087;    26.871;    88.447; 
1155;    -3.089;    26.871;    88.447; 
1156;    -3.091;    26.871;    88.447; 
1157;    -3.091;    26.871;    88.447; 
1158;    -3.094;    26.872;    88.447; 
1159;    -3.097;    26.872;    88.447; 
1160;    -3.101;    26.872;    88.447; 
1161;    -3.104;    26.872;    88.447; 
1162;    -3.111;    26.873;    88.447; 
1163;    -3.112;    26.872;    88.447; 
1164;    -3.114;    26.872;    88.447; 
1165;    -3.115;    26.872;    88.447; 
1166;    -3.121;    26.871;    88.447; 
1167;    -3.133;    26.871;    88.447; 
1168;    -3.140;    26.870;    88.447; 
1169;    -3.147;    26.869;    88.447; 
1170;    -3.158;    26.868;    88.447; 
1171;    -3.167;    26.867;    88.447; 
1172;    -3.180;    26.866;    88.447; 
1173;    -3.194;    26.865;    88.447; 
1174;    -3.201;    26.864;    88.447; 
1175;    -3.208;    26.863;    88.447; 
