[A]
   1;     3.449;    26.705;    88.447; 
   2;     3.439;    26.706;    88.447; 
   3;     3.429;    26.708;    88.447; 
   4;     3.420;    26.709;    88.447; 
   5;     3.414;    26.710;    88.447; 
   6;     3.403;    26.711;    88.447; 
   7;     3.395;    26.712;    88.447; 
   8;     3.383;    26.714;    88.447; 
   9;     3.374;    26.715;    88.447; 
  10;     3.364;    26.716;    88.447; 
  11;     3.358;    26.717;    88.447; 
  12;     3.349;    26.718;    88.447; 
  13;     3.334;    26.720;    88.447; 
  14;     3.319;    26.721;    88.447; 
  15;     3.302;    26.724;    88.447; 
  16;     3.293;    26.725;    88.447; 
  17;     3.287;    26.726;    88.447; 
  18;     3.278;    26.727;    88.447; 
  19;     3.269;    26.728;    88.447; 
  20;     3.259;    26.730;    88.447; 
  21;     3.249;    26.731;    88.447; 
  22;     3.238;    26.732;    88.447; 
  23;     3.228;    26.733;    88.447; 
  24;     3.219;    26.734;    88.447; 
  25;     3.208;    26.736;    88.447; 
  26;     3.197;    26.737;    88.447; 
  27;     3.185;    26.738;    88.447; 
  28;     3.173;    26.740;    88.447; 
  29;     3.164;    26.741;    88.447; 
  30;     3.153;    26.742;    88.447; 
  31;     3.142;    26.743;    88.447; 
  32;     3.131;    26.745;    88.447; 
  33;     3.123;    26.746;    88.447; 
  34;     3.114;    26.747;    88.447; 
  35;     3.102;    26.748;    88.447; 
  36;     3.089;    26.750;    88.447; 
  37;     3.079;    26.751;    88.447; 
  38;     3.067;    26.753;    88.447; 
  39;     3.057;    26.754;    88.447; 
  40;     3.044;    26.756;    88.447; 
  41;     3.034;    26.757;    88.447; 
  42;     3.024;    26.758;    88.447; 
  43;     3.013;    26.760;    88.447; 
  44;     3.002;    26.761;    88.447; 
  45;     2.994;    26.762;    88.447; 
  46;     2.986;    26.763;    88.447; 
  47;     2.980;    26.764;    88.447; 
  48;     2.974;    26.764;    88.447; 
  49;     2.971;    26.764;    88.447; 
  50;     2.969;    26.764;    88.447; 
  51;     2.964;    26.764;    88.447; 
  52;     2.961;    26.764;    88.447; 
  53;     2.956;    26.763;    88.447; 
  54;     2.952;    26.763;    88.447; 
  55;     2.946;    26.762;    88.447; 
  56;     2.940;    26.761;    88.447; 
  57;     2.936;    26.760;    88.447; 
  58;     2.929;    26.759;    88.447; 
  59;     2.920;    26.758;    88.447; 
  60;     2.913;    26.756;    88.447; 
  61;     2.909;    26.755;    88.447; 
  62;     2.907;    26.755;    88.447; 
  63;     2.906;    26.754;    88.447; 
  64;     2.902;    26.752;    88.447; 
  65;     2.901;    26.752;    88.447; 
  66;     2.899;    26.751;    88.447; 
  67;     2.893;    26.748;    88.447; 
  68;     2.886;    26.745;    88.447; 
  69;     2.889;    26.746;    88.447; 
  70;     2.885;    26.743;    88.447; 
  71;     2.885;    26.743;    88.447; 
  72;     2.878;    26.739;    88.447; 
  73;     2.861;    26.728;    88.447; 
  74;     2.849;    26.721;    88.447; 
  75;     2.843;    26.718;    88.447; 
  76;     2.838;    26.715;    88.447; 
  77;     2.833;    26.712;    88.447; 
  78;     2.830;    26.710;    88.447; 
  79;     2.826;    26.707;    88.447; 
  80;     2.825;    26.706;    88.447; 
  81;     2.822;    26.703;    88.447; 
  82;     2.823;    26.703;    88.447; 
  83;     2.822;    26.702;    88.447; 
  84;     2.818;    26.698;    88.447; 
  85;     2.821;    26.700;    88.447; 
  86;     2.816;    26.694;    88.447; 
  87;     2.815;    26.692;    88.447; 
  88;     2.809;    26.685;    88.447; 
  89;     2.804;    26.678;    88.447; 
  90;     2.799;    26.671;    88.447; 
  91;     2.796;    26.666;    88.447; 
  92;     2.789;    26.657;    88.447; 
  93;     2.785;    26.650;    88.447; 
  94;     2.779;    26.641;    88.447; 
  95;     2.770;    26.627;    88.447; 
  96;     2.766;    26.622;    88.447; 
  97;     2.760;    26.612;    88.447; 
  98;     2.758;    26.609;    88.447; 
  99;     2.754;    26.602;    88.447; 
 100;     2.752;    26.600;    88.447; 
 101;     2.746;    26.589;    88.447; 
 102;     2.739;    26.577;    88.447; 
 103;     2.728;    26.559;    88.447; 
 104;     2.724;    26.553;    88.447; 
 105;     2.721;    26.547;    88.447; 
 106;     2.715;    26.538;    88.447; 
 107;     2.711;    26.531;    88.447; 
 108;     2.707;    26.525;    88.447; 
 109;     2.703;    26.517;    88.447; 
 110;     2.696;    26.506;    88.447; 
 111;     2.693;    26.500;    88.447; 
 112;     2.689;    26.492;    88.447; 
 113;     2.684;    26.484;    88.447; 
 114;     2.682;    26.479;    88.447; 
 115;     2.680;    26.475;    88.447; 
 116;     2.675;    26.464;    88.447; 
 117;     2.670;    26.456;    88.447; 
 118;     2.664;    26.443;    88.447; 
 119;     2.656;    26.428;    88.447; 
 120;     2.649;    26.416;    88.447; 
 121;     2.644;    26.408;    88.447; 
 122;     2.638;    26.398;    88.447; 
 123;     2.634;    26.391;    88.447; 
 124;     2.629;    26.382;    88.447; 
 125;     2.625;    26.374;    88.447; 
 126;     2.621;    26.366;    88.447; 
 127;     2.615;    26.356;    88.447; 
 128;     2.611;    26.348;    88.447; 
 129;     2.606;    26.339;    88.447; 
 130;     2.602;    26.332;    88.447; 
 131;     2.597;    26.321;    88.447; 
 132;     2.591;    26.311;    88.447; 
 133;     2.587;    26.303;    88.447; 
 134;     2.581;    26.292;    88.447; 
 135;     2.576;    26.283;    88.447; 
 136;     2.572;    26.276;    88.447; 
 137;     2.567;    26.265;    88.447; 
 138;     2.562;    26.256;    88.447; 
 139;     2.557;    26.247;    88.447; 
 140;     2.551;    26.237;    88.447; 
 141;     2.547;    26.229;    88.447; 
 142;     2.541;    26.218;    88.447; 
 143;     2.539;    26.214;    88.447; 
 144;     2.535;    26.205;    88.447; 
 145;     2.529;    26.194;    88.447; 
 146;     2.524;    26.185;    88.447; 
 147;     2.521;    26.179;    88.447; 
 148;     2.516;    26.169;    88.447; 
 149;     2.510;    26.158;    88.447; 
 150;     2.504;    26.146;    88.447; 
 151;     2.500;    26.138;    88.447; 
 152;     2.496;    26.131;    88.447; 
 153;     2.492;    26.123;    88.447; 
 154;     2.487;    26.112;    88.447; 
 155;     2.481;    26.102;    88.447; 
 156;     2.476;    26.091;    88.447; 
 157;     2.471;    26.082;    88.447; 
 158;     2.467;    26.074;    88.447; 
 159;     2.463;    26.068;    88.447; 
 160;     2.460;    26.060;    88.447; 
 161;     2.454;    26.048;    88.447; 
 162;     2.451;    26.041;    88.447; 
 163;     2.446;    26.031;    88.447; 
 164;     2.441;    26.021;    88.447; 
 165;     2.437;    26.014;    88.447; 
 166;     2.430;    25.999;    88.447; 
 167;     2.426;    25.992;    88.447; 
 168;     2.422;    25.983;    88.447; 
 169;     2.417;    25.974;    88.447; 
 170;     2.413;    25.964;    88.447; 
 171;     2.409;    25.957;    88.447; 
 172;     2.403;    25.945;    88.447; 
 173;     2.399;    25.937;    88.447; 
 174;     2.394;    25.927;    88.447; 
 175;     2.389;    25.917;    88.447; 
 176;     2.387;    25.911;    88.447; 
 177;     2.383;    25.903;    88.447; 
 178;     2.375;    25.887;    88.447; 
 179;     2.370;    25.878;    88.447; 
 180;     2.367;    25.871;    88.447; 
 181;     2.362;    25.861;    88.447; 
 182;     2.359;    25.855;    88.447; 
 183;     2.354;    25.844;    88.447; 
 184;     2.351;    25.837;    88.447; 
 185;     2.347;    25.829;    88.447; 
 186;     2.344;    25.821;    88.447; 
 187;     2.340;    25.813;    88.447; 
 188;     2.335;    25.801;    88.447; 
 189;     2.330;    25.789;    88.447; 
 190;     2.323;    25.775;    88.447; 
 191;     2.319;    25.766;    88.447; 
 192;     2.315;    25.758;    88.447; 
 193;     2.311;    25.749;    88.447; 
 194;     2.307;    25.740;    88.447; 
 195;     2.303;    25.731;    88.447; 
 196;     2.297;    25.719;    88.447; 
 197;     2.294;    25.713;    88.447; 
 198;     2.289;    25.703;    88.447; 
 199;     2.287;    25.696;    88.447; 
 200;     2.285;    25.693;    88.447; 
 201;     2.280;    25.680;    88.447; 
 202;     2.275;    25.668;    88.447; 
 203;     2.270;    25.657;    88.447; 
 204;     2.266;    25.647;    88.447; 
 205;     2.261;    25.637;    88.447; 
 206;     2.257;    25.627;    88.447; 
 207;     2.253;    25.619;    88.447; 
 208;     2.249;    25.610;    88.447; 
 209;     2.246;    25.603;    88.447; 
 210;     2.243;    25.596;    88.447; 
 211;     2.241;    25.590;    88.447; 
 212;     2.238;    25.584;    88.447; 
 213;     2.236;    25.576;    88.447; 
 214;     2.233;    25.568;    88.447; 
 215;     2.229;    25.559;    88.447; 
 216;     2.224;    25.546;    88.447; 
 217;     2.212;    25.518;    88.447; 
 218;     2.203;    25.499;    88.447; 
 219;     2.198;    25.490;    88.447; 
 220;     2.196;    25.485;    88.447; 
 221;     2.196;    25.484;    88.447; 
 222;     2.194;    25.479;    88.447; 
 223;     2.191;    25.473;    88.447; 
 224;     2.190;    25.470;    88.447; 
 225;     2.186;    25.458;    88.447; 
 226;     2.183;    25.451;    88.447; 
 227;     2.181;    25.444;    88.447; 
 228;     2.176;    25.430;    88.447; 
 229;     2.174;    25.424;    88.447; 
 230;     2.168;    25.408;    88.447; 
 231;     2.164;    25.397;    88.447; 
 232;     2.160;    25.388;    88.447; 
 233;     2.156;    25.377;    88.447; 
 234;     2.150;    25.362;    88.447; 
 235;     2.142;    25.346;    88.447; 
 236;     2.136;    25.333;    88.447; 
 237;     2.131;    25.321;    88.447; 
 238;     2.128;    25.314;    88.447; 
 239;     2.124;    25.307;    88.447; 
 240;     2.122;    25.301;    88.447; 
 241;     2.120;    25.297;    88.447; 
 242;     2.114;    25.282;    88.447; 
 243;     2.113;    25.279;    88.447; 
 244;     2.107;    25.265;    88.447; 
 245;     2.106;    25.262;    88.447; 
 246;     2.100;    25.247;    88.447; 
 247;     2.098;    25.241;    88.447; 
 248;     2.096;    25.236;    88.447; 
 249;     2.094;    25.231;    88.447; 
 250;     2.093;    25.226;    88.447; 
 251;     2.092;    25.222;    88.447; 
 252;     2.081;    25.191;    88.447; 
 253;     2.074;    25.173;    88.447; 
 254;     2.066;    25.156;    88.447; 
 255;     2.065;    25.152;    88.447; 
 256;     2.063;    25.148;    88.447; 
 257;     2.062;    25.146;    88.447; 
 258;     2.062;    25.145;    88.447; 
 259;     2.061;    25.140;    88.447; 
 260;     2.060;    25.135;    88.447; 
 261;     2.058;    25.128;    88.447; 
 262;     2.052;    25.107;    88.447; 
 263;     2.045;    25.088;    88.447; 
 264;     2.040;    25.073;    88.447; 
 265;     2.038;    25.067;    88.447; 
 266;     2.035;    25.059;    88.447; 
 267;     2.033;    25.054;    88.447; 
 268;     2.031;    25.047;    88.447; 
 269;     2.022;    25.023;    88.447; 
 270;     2.018;    25.011;    88.447; 
 271;     2.013;    25.000;    88.447; 
 272;     2.010;    24.992;    88.447; 
 273;     2.009;    24.987;    88.447; 
 274;     2.007;    24.982;    88.447; 
 275;     2.007;    24.980;    88.447; 
 276;     2.006;    24.977;    88.447; 
 277;     2.007;    24.978;    88.447; 
 278;     2.006;    24.976;    88.447; 
 279;     2.003;    24.959;    88.447; 
 280;     1.994;    24.926;    88.447; 
 281;     1.981;    24.893;    88.447; 
 282;     1.978;    24.885;    88.447; 
 283;     1.976;    24.879;    88.447; 
 284;     1.972;    24.869;    88.447; 
 285;     1.971;    24.865;    88.447; 
 286;     1.968;    24.858;    88.447; 
 287;     1.964;    24.846;    88.447; 
 288;     1.959;    24.832;    88.447; 
 289;     1.954;    24.819;    88.447; 
 290;     1.949;    24.808;    88.447; 
 291;     1.939;    24.786;    88.447; 
 292;     1.929;    24.767;    88.447; 
 293;     1.922;    24.753;    88.447; 
 294;     1.914;    24.740;    88.447; 
 295;     1.909;    24.731;    88.447; 
 296;     1.889;    24.701;    88.447; 
 297;     1.731;    24.602;    88.447; 
 298;     1.683;    24.596;    88.447; 
 299;     1.645;    24.597;    88.447; 
 300;     1.633;    24.597;    88.447; 
 301;     1.624;    24.598;    88.447; 
 302;     1.614;    24.598;    88.447; 
 303;     1.608;    24.598;    88.447; 
 304;     1.598;    24.598;    88.447; 
 305;     1.586;    24.599;    88.447; 
 306;     1.572;    24.599;    88.447; 
 307;     1.565;    24.599;    88.447; 
 308;     1.561;    24.599;    88.447; 
 309;     1.554;    24.599;    88.447; 
 310;     1.528;    24.600;    88.447; 
 311;     1.501;    24.602;    88.447; 
 312;     1.491;    24.603;    88.447; 
 313;     1.486;    24.604;    88.447; 
 314;     1.482;    24.604;    88.447; 
 315;     1.473;    24.604;    88.447; 
 316;     1.452;    24.606;    88.447; 
 317;     1.429;    24.609;    88.447; 
 318;     1.417;    24.611;    88.447; 
 319;     1.411;    24.612;    88.447; 
 320;     1.409;    24.612;    88.447; 
 321;     1.406;    24.612;    88.447; 
 322;     1.401;    24.612;    88.447; 
 323;     1.393;    24.613;    88.447; 
 324;     1.388;    24.613;    88.447; 
 325;     1.383;    24.612;    88.447; 
 326;     1.369;    24.613;    88.447; 
 327;     1.341;    24.614;    88.447; 
 328;     1.320;    24.616;    88.447; 
 329;     1.310;    24.617;    88.447; 
 330;     1.301;    24.618;    88.447; 
 331;     1.290;    24.619;    88.447; 
 332;     1.269;    24.623;    88.447; 
 333;     1.175;    24.658;    88.447; 
 334;     1.102;    24.721;    88.447; 
 335;     1.084;    24.744;    88.447; 
 336;     1.046;    24.821;    88.447; 
 337;     1.042;    24.833;    88.447; 
 338;     1.040;    24.839;    88.447; 
 339;     1.036;    24.850;    88.447; 
 340;     1.030;    24.871;    88.447; 
 341;     1.025;    24.896;    88.447; 
 342;     1.020;    24.925;    88.447; 
 343;     1.019;    24.933;    88.447; 
 344;     1.017;    24.943;    88.447; 
 345;     1.016;    24.951;    88.447; 
 346;     1.015;    24.959;    88.447; 
 347;     1.013;    24.969;    88.447; 
 348;     1.011;    24.980;    88.447; 
 349;     1.010;    24.989;    88.447; 
 350;     1.008;    24.998;    88.447; 
 351;     1.007;    25.005;    88.447; 
 352;     1.005;    25.013;    88.447; 
 353;     1.003;    25.026;    88.447; 
 354;     1.001;    25.036;    88.447; 
 355;      .998;    25.048;    88.447; 
 356;      .997;    25.056;    88.447; 
 357;      .995;    25.062;    88.447; 
 358;      .993;    25.073;    88.447; 
 359;      .991;    25.082;    88.447; 
 360;      .989;    25.089;    88.447; 
 361;      .987;    25.099;    88.447; 
 362;      .983;    25.119;    88.447; 
 363;      .981;    25.130;    88.447; 
 364;      .978;    25.145;    88.447; 
 365;      .976;    25.155;    88.447; 
 366;      .975;    25.159;    88.447; 
 367;      .974;    25.167;    88.447; 
 368;      .971;    25.176;    88.447; 
 369;      .970;    25.184;    88.447; 
 370;      .967;    25.197;    88.447; 
 371;      .965;    25.202;    88.447; 
 372;      .963;    25.213;    88.447; 
 373;      .960;    25.223;    88.447; 
 374;      .959;    25.231;    88.447; 
 375;      .956;    25.240;    88.447; 
 376;      .953;    25.255;    88.447; 
 377;      .949;    25.271;    88.447; 
 378;      .948;    25.277;    88.447; 
 379;      .945;    25.288;    88.447; 
 380;      .943;    25.295;    88.447; 
 381;      .940;    25.307;    88.447; 
 382;      .937;    25.326;    88.447; 
 383;      .935;    25.334;    88.447; 
 384;      .933;    25.342;    88.447; 
 385;      .932;    25.344;    88.447; 
 386;      .931;    25.349;    88.447; 
 387;      .929;    25.357;    88.447; 
 388;      .926;    25.367;    88.447; 
 389;      .921;    25.382;    88.447; 
 390;      .917;    25.401;    88.447; 
 391;      .914;    25.415;    88.447; 
 392;      .912;    25.423;    88.447; 
 393;      .910;    25.434;    88.447; 
 394;      .908;    25.441;    88.447; 
 395;      .906;    25.450;    88.447; 
 396;      .904;    25.457;    88.447; 
 397;      .901;    25.466;    88.447; 
 398;      .898;    25.480;    88.447; 
 399;      .895;    25.490;    88.447; 
 400;      .893;    25.499;    88.447; 
 401;      .891;    25.504;    88.447; 
 402;      .887;    25.519;    88.447; 
 403;      .886;    25.526;    88.447; 
 404;      .883;    25.535;    88.447; 
 405;      .880;    25.544;    88.447; 
 406;      .877;    25.557;    88.447; 
 407;      .873;    25.571;    88.447; 
 408;      .871;    25.579;    88.447; 
 409;      .870;    25.584;    88.447; 
 410;      .867;    25.594;    88.447; 
 411;      .865;    25.601;    88.447; 
 412;      .862;    25.611;    88.447; 
 413;      .859;    25.623;    88.447; 
 414;      .855;    25.637;    88.447; 
 415;      .852;    25.648;    88.447; 
 416;      .850;    25.653;    88.447; 
 417;      .847;    25.662;    88.447; 
 418;      .843;    25.676;    88.447; 
 419;      .840;    25.686;    88.447; 
 420;      .837;    25.698;    88.447; 
 421;      .836;    25.702;    88.447; 
 422;      .832;    25.714;    88.447; 
 423;      .830;    25.722;    88.447; 
 424;      .826;    25.733;    88.447; 
 425;      .824;    25.741;    88.447; 
 426;      .820;    25.754;    88.447; 
 427;      .818;    25.761;    88.447; 
 428;      .815;    25.771;    88.447; 
 429;      .812;    25.779;    88.447; 
 430;      .808;    25.792;    88.447; 
 431;      .805;    25.804;    88.447; 
 432;      .803;    25.809;    88.447; 
 433;      .799;    25.822;    88.447; 
 434;      .796;    25.831;    88.447; 
 435;      .791;    25.846;    88.447; 
 436;      .788;    25.857;    88.447; 
 437;      .786;    25.864;    88.447; 
 438;      .784;    25.871;    88.447; 
 439;      .781;    25.879;    88.447; 
 440;      .776;    25.893;    88.447; 
 441;      .776;    25.895;    88.447; 
 442;      .771;    25.909;    88.447; 
 443;      .768;    25.916;    88.447; 
 444;      .764;    25.929;    88.447; 
 445;      .760;    25.941;    88.447; 
 446;      .757;    25.950;    88.447; 
 447;      .754;    25.959;    88.447; 
 448;      .750;    25.969;    88.447; 
 449;      .746;    25.981;    88.447; 
 450;      .743;    25.989;    88.447; 
 451;      .741;    25.996;    88.447; 
 452;      .737;    26.007;    88.447; 
 453;      .733;    26.019;    88.447; 
 454;      .728;    26.033;    88.447; 
 455;      .726;    26.039;    88.447; 
 456;      .723;    26.049;    88.447; 
 457;      .718;    26.062;    88.447; 
 458;      .714;    26.077;    88.447; 
 459;      .711;    26.084;    88.447; 
 460;      .709;    26.091;    88.447; 
 461;      .707;    26.096;    88.447; 
 462;      .703;    26.108;    88.447; 
 463;      .699;    26.118;    88.447; 
 464;      .696;    26.126;    88.447; 
 465;      .692;    26.139;    88.447; 
 466;      .689;    26.146;    88.447; 
 467;      .685;    26.158;    88.447; 
 468;      .681;    26.168;    88.447; 
 469;      .679;    26.173;    88.447; 
 470;      .676;    26.181;    88.447; 
 471;      .673;    26.188;    88.447; 
 472;      .668;    26.202;    88.447; 
 473;      .666;    26.207;    88.447; 
 474;      .661;    26.219;    88.447; 
 475;      .657;    26.228;    88.447; 
 476;      .653;    26.238;    88.447; 
 477;      .649;    26.249;    88.447; 
 478;      .644;    26.262;    88.447; 
 479;      .639;    26.275;    88.447; 
 480;      .636;    26.283;    88.447; 
 481;      .633;    26.292;    88.447; 
 482;      .629;    26.301;    88.447; 
 483;      .627;    26.306;    88.447; 
 484;      .623;    26.316;    88.447; 
 485;      .618;    26.329;    88.447; 
 486;      .615;    26.338;    88.447; 
 487;      .612;    26.344;    88.447; 
 488;      .608;    26.354;    88.447; 
 489;      .600;    26.378;    88.447; 
 490;      .595;    26.391;    88.447; 
 491;      .593;    26.396;    88.447; 
 492;      .592;    26.400;    88.447; 
 493;      .592;    26.400;    88.447; 
 494;      .590;    26.403;    88.447; 
 495;      .587;    26.410;    88.447; 
 496;      .579;    26.426;    88.447; 
 497;      .570;    26.451;    88.447; 
 498;      .565;    26.463;    88.447; 
 499;      .562;    26.471;    88.447; 
 500;      .559;    26.481;    88.447; 
 501;      .556;    26.486;    88.447; 
 502;      .553;    26.496;    88.447; 
 503;      .547;    26.511;    88.447; 
 504;      .546;    26.512;    88.447; 
 505;      .541;    26.525;    88.447; 
 506;      .539;    26.530;    88.447; 
 507;      .533;    26.546;    88.447; 
 508;      .528;    26.556;    88.447; 
 509;      .525;    26.566;    88.447; 
 510;      .519;    26.580;    88.447; 
 511;      .517;    26.586;    88.447; 
 512;      .515;    26.592;    88.447; 
 513;      .511;    26.601;    88.447; 
 514;      .507;    26.611;    88.447; 
 515;      .503;    26.620;    88.447; 
 516;      .498;    26.632;    88.447; 
 517;      .494;    26.641;    88.447; 
 518;      .492;    26.647;    88.447; 
 519;      .488;    26.655;    88.447; 
 520;      .482;    26.670;    88.447; 
 521;      .477;    26.682;    88.447; 
 522;      .471;    26.700;    88.447; 
 523;      .468;    26.706;    88.447; 
 524;      .466;    26.713;    88.447; 
 525;      .465;    26.714;    88.447; 
 526;      .463;    26.718;    88.447; 
 527;      .463;    26.717;    88.447; 
 528;      .458;    26.727;    88.447; 
 529;      .452;    26.739;    88.447; 
 530;      .444;    26.755;    88.447; 
 531;      .436;    26.773;    88.447; 
 532;      .433;    26.780;    88.447; 
 533;      .430;    26.788;    88.447; 
 534;      .429;    26.789;    88.447; 
 535;      .426;    26.794;    88.447; 
 536;      .426;    26.793;    88.447; 
 537;      .425;    26.796;    88.447; 
 538;      .421;    26.801;    88.447; 
 539;      .412;    26.815;    88.447; 
 540;      .405;    26.827;    88.447; 
 541;      .403;    26.831;    88.447; 
 542;      .400;    26.834;    88.447; 
 543;      .398;    26.836;    88.447; 
 544;      .396;    26.840;    88.447; 
 545;      .395;    26.840;    88.447; 
 546;      .392;    26.843;    88.447; 
 547;      .391;    26.844;    88.447; 
 548;      .388;    26.847;    88.447; 
 549;      .383;    26.851;    88.447; 
 550;      .384;    26.850;    88.447; 
 551;      .381;    26.853;    88.447; 
 552;      .381;    26.852;    88.447; 
 553;      .378;    26.854;    88.447; 
 554;      .377;    26.854;    88.447; 
 555;      .374;    26.856;    88.447; 
 556;      .371;    26.857;    88.447; 
 557;      .368;    26.858;    88.447; 
 558;      .366;    26.859;    88.447; 
 559;      .356;    26.864;    88.447; 
 560;      .343;    26.870;    88.447; 
 561;      .323;    26.880;    88.447; 
 562;      .313;    26.886;    88.447; 
 563;      .309;    26.888;    88.447; 
 564;      .305;    26.889;    88.447; 
 565;      .305;    26.889;    88.447; 
 566;      .306;    26.888;    88.447; 
 567;      .299;    26.891;    88.447; 
 568;      .277;    26.900;    88.447; 
 569;      .261;    26.906;    88.447; 
 570;      .258;    26.908;    88.447; 
 571;      .255;    26.909;    88.447; 
 572;      .252;    26.910;    88.447; 
 573;      .251;    26.910;    88.447; 
 574;      .247;    26.911;    88.447; 
 575;      .247;    26.911;    88.447; 
 576;      .245;    26.911;    88.447; 
 577;      .243;    26.911;    88.447; 
 578;      .240;    26.911;    88.447; 
 579;      .237;    26.911;    88.447; 
 580;      .230;    26.912;    88.447; 
 581;      .224;    26.912;    88.447; 
 582;      .217;    26.912;    88.447; 
 583;      .213;    26.912;    88.447; 
 584;      .208;    26.912;    88.447; 
 585;      .201;    26.912;    88.447; 
 586;      .196;    26.912;    88.447; 
 587;      .179;    26.911;    88.447; 
 588;      .151;    26.912;    88.447; 
 589;      .129;    26.914;    88.447; 
 590;      .125;    26.914;    88.447; 
 591;      .124;    26.914;    88.447; 
 592;      .120;    26.914;    88.447; 
 593;      .111;    26.914;    88.447; 
 594;      .106;    26.914;    88.447; 
 595;      .100;    26.914;    88.447; 
 596;      .096;    26.913;    88.447; 
 597;      .089;    26.913;    88.447; 
 598;      .075;    26.912;    88.447; 
 599;      .059;    26.911;    88.447; 
 600;      .045;    26.910;    88.447; 
 601;      .022;    26.910;    88.447; 
 602;      .006;    26.911;    88.447; 
 603;     -.005;    26.911;    88.447; 
 604;     -.018;    26.912;    88.447; 
 605;     -.038;    26.914;    88.447; 
 606;     -.048;    26.915;    88.447; 
 607;     -.054;    26.915;    88.447; 
 608;     -.059;    26.915;    88.447; 
 609;     -.067;    26.915;    88.447; 
 610;     -.072;    26.916;    88.447; 
 611;     -.081;    26.916;    88.447; 
 612;     -.086;    26.915;    88.447; 
 613;     -.091;    26.915;    88.447; 
 614;     -.098;    26.915;    88.447; 
 615;     -.111;    26.914;    88.447; 
 616;     -.121;    26.914;    88.447; 
 617;     -.144;    26.914;    88.447; 
 618;     -.158;    26.914;    88.447; 
 619;     -.167;    26.914;    88.447; 
 620;     -.175;    26.914;    88.447; 
 621;     -.185;    26.914;    88.447; 
 622;     -.195;    26.914;    88.447; 
 623;     -.210;    26.914;    88.447; 
 624;     -.219;    26.915;    88.447; 
 625;     -.225;    26.914;    88.447; 
 626;     -.233;    26.914;    88.447; 
 627;     -.244;    26.914;    88.447; 
 628;     -.254;    26.914;    88.447; 
 629;     -.262;    26.914;    88.447; 
 630;     -.266;    26.914;    88.447; 
 631;     -.270;    26.913;    88.447; 
 632;     -.272;    26.913;    88.447; 
 633;     -.274;    26.912;    88.447; 
 634;     -.277;    26.912;    88.447; 
 635;     -.277;    26.911;    88.447; 
 636;     -.278;    26.911;    88.447; 
 637;     -.289;    26.908;    88.447; 
 638;     -.303;    26.904;    88.447; 
 639;     -.336;    26.898;    88.447; 
 640;     -.350;    26.896;    88.447; 
 641;     -.353;    26.896;    88.447; 
 642;     -.358;    26.895;    88.447; 
 643;     -.360;    26.894;    88.447; 
 644;     -.362;    26.893;    88.447; 
 645;     -.363;    26.893;    88.447; 
 646;     -.366;    26.892;    88.447; 
 647;     -.365;    26.892;    88.447; 
 648;     -.369;    26.890;    88.447; 
 649;     -.368;    26.890;    88.447; 
 650;     -.369;    26.890;    88.447; 
 651;     -.372;    26.888;    88.447; 
 652;     -.376;    26.885;    88.447; 
 653;     -.381;    26.882;    88.447; 
 654;     -.386;    26.879;    88.447; 
 655;     -.388;    26.878;    88.447; 
 656;     -.391;    26.875;    88.447; 
 657;     -.392;    26.874;    88.447; 
 658;     -.392;    26.874;    88.447; 
 659;     -.396;    26.871;    88.447; 
 660;     -.400;    26.867;    88.447; 
 661;     -.402;    26.864;    88.447; 
 662;     -.405;    26.861;    88.447; 
 663;     -.410;    26.856;    88.447; 
 664;     -.412;    26.853;    88.447; 
 665;     -.415;    26.850;    88.447; 
 666;     -.416;    26.848;    88.447; 
 667;     -.416;    26.847;    88.447; 
 668;     -.419;    26.843;    88.447; 
 669;     -.419;    26.842;    88.447; 
 670;     -.425;    26.833;    88.447; 
 671;     -.444;    26.805;    88.447; 
 672;     -.466;    26.779;    88.447; 
 673;     -.475;    26.769;    88.447; 
 674;     -.477;    26.766;    88.447; 
 675;     -.479;    26.764;    88.447; 
 676;     -.478;    26.764;    88.447; 
 677;     -.481;    26.760;    88.447; 
 678;     -.480;    26.761;    88.447; 
 679;     -.482;    26.757;    88.447; 
 680;     -.484;    26.754;    88.447; 
 681;     -.485;    26.752;    88.447; 
 682;     -.486;    26.749;    88.447; 
 683;     -.485;    26.749;    88.447; 
 684;     -.487;    26.744;    88.447; 
 685;     -.489;    26.738;    88.447; 
 686;     -.493;    26.726;    88.447; 
 687;     -.499;    26.711;    88.447; 
 688;     -.509;    26.688;    88.447; 
 689;     -.512;    26.681;    88.447; 
 690;     -.519;    26.666;    88.447; 
 691;     -.522;    26.659;    88.447; 
 692;     -.523;    26.656;    88.447; 
 693;     -.525;    26.650;    88.447; 
 694;     -.527;    26.646;    88.447; 
 695;     -.528;    26.642;    88.447; 
 696;     -.532;    26.628;    88.447; 
 697;     -.534;    26.623;    88.447; 
 698;     -.541;    26.605;    88.447; 
 699;     -.548;    26.586;    88.447; 
 700;     -.556;    26.567;    88.447; 
 701;     -.562;    26.555;    88.447; 
 702;     -.567;    26.545;    88.447; 
 703;     -.570;    26.538;    88.447; 
 704;     -.571;    26.536;    88.447; 
 705;     -.574;    26.529;    88.447; 
 706;     -.577;    26.520;    88.447; 
 707;     -.581;    26.510;    88.447; 
 708;     -.584;    26.503;    88.447; 
 709;     -.586;    26.499;    88.447; 
 710;     -.586;    26.496;    88.447; 
 711;     -.590;    26.485;    88.447; 
 712;     -.594;    26.472;    88.447; 
 713;     -.605;    26.446;    88.447; 
 714;     -.614;    26.427;    88.447; 
 715;     -.615;    26.424;    88.447; 
 716;     -.618;    26.416;    88.447; 
 717;     -.621;    26.408;    88.447; 
 718;     -.623;    26.404;    88.447; 
 719;     -.623;    26.402;    88.447; 
 720;     -.627;    26.391;    88.447; 
 721;     -.630;    26.383;    88.447; 
 722;     -.635;    26.369;    88.447; 
 723;     -.639;    26.358;    88.447; 
 724;     -.640;    26.354;    88.447; 
 725;     -.642;    26.350;    88.447; 
 726;     -.646;    26.338;    88.447; 
 727;     -.648;    26.331;    88.447; 
 728;     -.650;    26.324;    88.447; 
 729;     -.652;    26.315;    88.447; 
 730;     -.659;    26.294;    88.447; 
 731;     -.672;    26.263;    88.447; 
 732;     -.679;    26.247;    88.447; 
 733;     -.685;    26.235;    88.447; 
 734;     -.686;    26.233;    88.447; 
 735;     -.690;    26.225;    88.447; 
 736;     -.689;    26.225;    88.447; 
 737;     -.693;    26.216;    88.447; 
 738;     -.696;    26.208;    88.447; 
 739;     -.698;    26.202;    88.447; 
 740;     -.702;    26.191;    88.447; 
 741;     -.705;    26.183;    88.447; 
 742;     -.708;    26.175;    88.447; 
 743;     -.711;    26.166;    88.447; 
 744;     -.716;    26.152;    88.447; 
 745;     -.720;    26.140;    88.447; 
 746;     -.725;    26.127;    88.447; 
 747;     -.727;    26.121;    88.447; 
 748;     -.730;    26.113;    88.447; 
 749;     -.733;    26.103;    88.447; 
 750;     -.738;    26.090;    88.447; 
 751;     -.740;    26.084;    88.447; 
 752;     -.742;    26.077;    88.447; 
 753;     -.745;    26.068;    88.447; 
 754;     -.748;    26.060;    88.447; 
 755;     -.752;    26.048;    88.447; 
 756;     -.755;    26.038;    88.447; 
 757;     -.758;    26.029;    88.447; 
 758;     -.761;    26.019;    88.447; 
 759;     -.766;    26.004;    88.447; 
 760;     -.769;    25.996;    88.447; 
 761;     -.772;    25.988;    88.447; 
 762;     -.776;    25.976;    88.447; 
 763;     -.781;    25.961;    88.447; 
 764;     -.785;    25.950;    88.447; 
 765;     -.786;    25.945;    88.447; 
 766;     -.792;    25.931;    88.447; 
 767;     -.797;    25.917;    88.447; 
 768;     -.799;    25.911;    88.447; 
 769;     -.803;    25.899;    88.447; 
 770;     -.803;    25.899;    88.447; 
 771;     -.807;    25.886;    88.447; 
 772;     -.809;    25.881;    88.447; 
 773;     -.812;    25.869;    88.447; 
 774;     -.817;    25.856;    88.447; 
 775;     -.819;    25.848;    88.447; 
 776;     -.823;    25.835;    88.447; 
 777;     -.826;    25.828;    88.447; 
 778;     -.829;    25.818;    88.447; 
 779;     -.830;    25.812;    88.447; 
 780;     -.834;    25.802;    88.447; 
 781;     -.835;    25.798;    88.447; 
 782;     -.838;    25.786;    88.447; 
 783;     -.841;    25.775;    88.447; 
 784;     -.845;    25.761;    88.447; 
 785;     -.852;    25.742;    88.447; 
 786;     -.854;    25.733;    88.447; 
 787;     -.856;    25.728;    88.447; 
 788;     -.860;    25.716;    88.447; 
 789;     -.864;    25.704;    88.447; 
 790;     -.866;    25.697;    88.447; 
 791;     -.868;    25.690;    88.447; 
 792;     -.870;    25.684;    88.447; 
 793;     -.874;    25.671;    88.447; 
 794;     -.876;    25.663;    88.447; 
 795;     -.879;    25.654;    88.447; 
 796;     -.881;    25.646;    88.447; 
 797;     -.884;    25.636;    88.447; 
 798;     -.888;    25.623;    88.447; 
 799;     -.892;    25.608;    88.447; 
 800;     -.894;    25.601;    88.447; 
 801;     -.897;    25.591;    88.447; 
 802;     -.899;    25.584;    88.447; 
 803;     -.902;    25.572;    88.447; 
 804;     -.903;    25.567;    88.447; 
 805;     -.907;    25.555;    88.447; 
 806;     -.911;    25.540;    88.447; 
 807;     -.914;    25.530;    88.447; 
 808;     -.917;    25.521;    88.447; 
 809;     -.918;    25.517;    88.447; 
 810;     -.921;    25.505;    88.447; 
 811;     -.923;    25.497;    88.447; 
 812;     -.927;    25.481;    88.447; 
 813;     -.930;    25.471;    88.447; 
 814;     -.932;    25.466;    88.447; 
 815;     -.933;    25.461;    88.447; 
 816;     -.936;    25.447;    88.447; 
 817;     -.938;    25.437;    88.447; 
 818;     -.942;    25.423;    88.447; 
 819;     -.947;    25.408;    88.447; 
 820;     -.948;    25.403;    88.447; 
 821;     -.950;    25.396;    88.447; 
 822;     -.951;    25.390;    88.447; 
 823;     -.952;    25.383;    88.447; 
 824;     -.954;    25.376;    88.447; 
 825;     -.956;    25.365;    88.447; 
 826;     -.962;    25.342;    88.447; 
 827;     -.966;    25.329;    88.447; 
 828;     -.970;    25.317;    88.447; 
 829;     -.972;    25.310;    88.447; 
 830;     -.973;    25.304;    88.447; 
 831;     -.975;    25.298;    88.447; 
 832;     -.977;    25.286;    88.447; 
 833;     -.979;    25.280;    88.447; 
 834;     -.979;    25.276;    88.447; 
 835;     -.982;    25.263;    88.447; 
 836;     -.983;    25.258;    88.447; 
 837;     -.986;    25.244;    88.447; 
 838;     -.987;    25.239;    88.447; 
 839;     -.989;    25.227;    88.447; 
 840;     -.991;    25.220;    88.447; 
 841;     -.994;    25.202;    88.447; 
 842;     -.997;    25.188;    88.447; 
 843;     -.999;    25.180;    88.447; 
 844;    -1.001;    25.169;    88.447; 
 845;    -1.003;    25.163;    88.447; 
 846;    -1.005;    25.152;    88.447; 
 847;    -1.010;    25.130;    88.447; 
 848;    -1.012;    25.121;    88.447; 
 849;    -1.016;    25.107;    88.447; 
 850;    -1.022;    25.088;    88.447; 
 851;    -1.024;    25.079;    88.447; 
 852;    -1.026;    25.075;    88.447; 
 853;    -1.026;    25.072;    88.447; 
 854;    -1.027;    25.070;    88.447; 
 855;    -1.028;    25.063;    88.447; 
 856;    -1.029;    25.057;    88.447; 
 857;    -1.030;    25.050;    88.447; 
 858;    -1.031;    25.042;    88.447; 
 859;    -1.033;    25.030;    88.447; 
 860;    -1.033;    25.028;    88.447; 
 861;    -1.034;    25.019;    88.447; 
 862;    -1.038;    24.992;    88.447; 
 863;    -1.044;    24.965;    88.447; 
 864;    -1.048;    24.951;    88.447; 
 865;    -1.048;    24.949;    88.447; 
 866;    -1.049;    24.947;    88.447; 
 867;    -1.048;    24.947;    88.447; 
 868;    -1.049;    24.945;    88.447; 
 869;    -1.049;    24.938;    88.447; 
 870;    -1.056;    24.901;    88.447; 
 871;    -1.063;    24.872;    88.447; 
 872;    -1.067;    24.860;    88.447; 
 873;    -1.070;    24.852;    88.447; 
 874;    -1.071;    24.847;    88.447; 
 875;    -1.073;    24.838;    88.447; 
 876;    -1.075;    24.831;    88.447; 
 877;    -1.079;    24.814;    88.447; 
 878;    -1.114;    24.739;    88.447; 
 879;    -1.151;    24.693;    88.447; 
 880;    -1.210;    24.647;    88.447; 
 881;    -1.307;    24.613;    88.447; 
 882;    -1.326;    24.610;    88.447; 
 883;    -1.339;    24.608;    88.447; 
 884;    -1.356;    24.606;    88.447; 
 885;    -1.370;    24.605;    88.447; 
 886;    -1.384;    24.604;    88.447; 
 887;    -1.398;    24.603;    88.447; 
 888;    -1.411;    24.603;    88.447; 
 889;    -1.425;    24.602;    88.447; 
 890;    -1.432;    24.602;    88.447; 
 891;    -1.439;    24.601;    88.447; 
 892;    -1.447;    24.601;    88.447; 
 893;    -1.460;    24.600;    88.447; 
 894;    -1.475;    24.599;    88.447; 
 895;    -1.487;    24.599;    88.447; 
 896;    -1.495;    24.598;    88.447; 
 897;    -1.502;    24.598;    88.447; 
 898;    -1.508;    24.597;    88.447; 
 899;    -1.520;    24.597;    88.447; 
 900;    -1.533;    24.596;    88.447; 
 901;    -1.544;    24.595;    88.447; 
 902;    -1.553;    24.595;    88.447; 
 903;    -1.563;    24.594;    88.447; 
 904;    -1.575;    24.593;    88.447; 
 905;    -1.584;    24.593;    88.447; 
 906;    -1.597;    24.592;    88.447; 
 907;    -1.605;    24.591;    88.447; 
 908;    -1.614;    24.591;    88.447; 
 909;    -1.626;    24.590;    88.447; 
 910;    -1.638;    24.589;    88.447; 
 911;    -1.647;    24.589;    88.447; 
 912;    -1.658;    24.588;    88.447; 
 913;    -1.669;    24.587;    88.447; 
 914;    -1.684;    24.586;    88.447; 
 915;    -1.699;    24.586;    88.447; 
 916;    -1.722;    24.586;    88.447; 
 917;    -1.802;    24.601;    88.447; 
 918;    -1.915;    24.676;    88.447; 
 919;    -1.938;    24.705;    88.447; 
 920;    -1.958;    24.734;    88.447; 
 921;    -1.972;    24.762;    88.447; 
 922;    -1.974;    24.764;    88.447; 
 923;    -1.983;    24.782;    88.447; 
 924;    -1.998;    24.820;    88.447; 
 925;    -2.006;    24.847;    88.447; 
 926;    -2.007;    24.848;    88.447; 
 927;    -2.008;    24.852;    88.447; 
 928;    -2.012;    24.864;    88.447; 
 929;    -2.015;    24.875;    88.447; 
 930;    -2.020;    24.889;    88.447; 
 931;    -2.025;    24.909;    88.447; 
 932;    -2.028;    24.917;    88.447; 
 933;    -2.029;    24.922;    88.447; 
 934;    -2.031;    24.926;    88.447; 
 935;    -2.033;    24.934;    88.447; 
 936;    -2.038;    24.949;    88.447; 
 937;    -2.043;    24.965;    88.447; 
 938;    -2.046;    24.976;    88.447; 
 939;    -2.049;    24.987;    88.447; 
 940;    -2.050;    24.991;    88.447; 
 941;    -2.052;    24.996;    88.447; 
 942;    -2.055;    25.005;    88.447; 
 943;    -2.057;    25.011;    88.447; 
 944;    -2.060;    25.019;    88.447; 
 945;    -2.064;    25.030;    88.447; 
 946;    -2.068;    25.040;    88.447; 
 947;    -2.071;    25.048;    88.447; 
 948;    -2.072;    25.053;    88.447; 
 949;    -2.075;    25.059;    88.447; 
 950;    -2.078;    25.065;    88.447; 
 951;    -2.084;    25.082;    88.447; 
 952;    -2.091;    25.101;    88.447; 
 953;    -2.096;    25.114;    88.447; 
 954;    -2.099;    25.126;    88.447; 
 955;    -2.102;    25.134;    88.447; 
 956;    -2.106;    25.146;    88.447; 
 957;    -2.110;    25.158;    88.447; 
 958;    -2.114;    25.170;    88.447; 
 959;    -2.116;    25.178;    88.447; 
 960;    -2.118;    25.183;    88.447; 
 961;    -2.121;    25.190;    88.447; 
 962;    -2.123;    25.198;    88.447; 
 963;    -2.127;    25.209;    88.447; 
 964;    -2.131;    25.218;    88.447; 
 965;    -2.133;    25.222;    88.447; 
 966;    -2.137;    25.232;    88.447; 
 967;    -2.142;    25.247;    88.447; 
 968;    -2.147;    25.258;    88.447; 
 969;    -2.150;    25.266;    88.447; 
 970;    -2.154;    25.278;    88.447; 
 971;    -2.156;    25.282;    88.447; 
 972;    -2.159;    25.289;    88.447; 
 973;    -2.164;    25.303;    88.447; 
 974;    -2.168;    25.314;    88.447; 
 975;    -2.172;    25.324;    88.447; 
 976;    -2.175;    25.332;    88.447; 
 977;    -2.177;    25.337;    88.447; 
 978;    -2.179;    25.341;    88.447; 
 979;    -2.182;    25.348;    88.447; 
 980;    -2.185;    25.354;    88.447; 
 981;    -2.192;    25.369;    88.447; 
 982;    -2.200;    25.390;    88.447; 
 983;    -2.205;    25.402;    88.447; 
 984;    -2.211;    25.419;    88.447; 
 985;    -2.213;    25.426;    88.447; 
 986;    -2.216;    25.433;    88.447; 
 987;    -2.219;    25.441;    88.447; 
 988;    -2.221;    25.446;    88.447; 
 989;    -2.225;    25.454;    88.447; 
 990;    -2.228;    25.461;    88.447; 
 991;    -2.233;    25.474;    88.447; 
 992;    -2.235;    25.479;    88.447; 
 993;    -2.239;    25.488;    88.447; 
 994;    -2.244;    25.499;    88.447; 
 995;    -2.249;    25.512;    88.447; 
 996;    -2.253;    25.521;    88.447; 
 997;    -2.257;    25.531;    88.447; 
 998;    -2.260;    25.537;    88.447; 
 999;    -2.262;    25.542;    88.447; 
1000;    -2.267;    25.552;    88.447; 
1001;    -2.274;    25.569;    88.447; 
1002;    -2.280;    25.583;    88.447; 
1003;    -2.284;    25.593;    88.447; 
1004;    -2.285;    25.596;    88.447; 
1005;    -2.290;    25.606;    88.447; 
1006;    -2.293;    25.614;    88.447; 
1007;    -2.296;    25.621;    88.447; 
1008;    -2.302;    25.633;    88.447; 
1009;    -2.307;    25.644;    88.447; 
1010;    -2.310;    25.651;    88.447; 
1011;    -2.316;    25.664;    88.447; 
1012;    -2.320;    25.675;    88.447; 
1013;    -2.325;    25.686;    88.447; 
1014;    -2.328;    25.693;    88.447; 
1015;    -2.331;    25.700;    88.447; 
1016;    -2.335;    25.709;    88.447; 
1017;    -2.336;    25.711;    88.447; 
1018;    -2.341;    25.721;    88.447; 
1019;    -2.344;    25.726;    88.447; 
1020;    -2.351;    25.740;    88.447; 
1021;    -2.357;    25.754;    88.447; 
1022;    -2.362;    25.765;    88.447; 
1023;    -2.364;    25.769;    88.447; 
1024;    -2.368;    25.776;    88.447; 
1025;    -2.374;    25.790;    88.447; 
1026;    -2.380;    25.804;    88.447; 
1027;    -2.385;    25.814;    88.447; 
1028;    -2.388;    25.821;    88.447; 
1029;    -2.391;    25.828;    88.447; 
1030;    -2.395;    25.836;    88.447; 
1031;    -2.400;    25.845;    88.447; 
1032;    -2.405;    25.857;    88.447; 
1033;    -2.408;    25.863;    88.447; 
1034;    -2.414;    25.875;    88.447; 
1035;    -2.418;    25.883;    88.447; 
1036;    -2.422;    25.892;    88.447; 
1037;    -2.428;    25.903;    88.447; 
1038;    -2.430;    25.909;    88.447; 
1039;    -2.436;    25.919;    88.447; 
1040;    -2.439;    25.927;    88.447; 
1041;    -2.444;    25.936;    88.447; 
1042;    -2.449;    25.946;    88.447; 
1043;    -2.452;    25.952;    88.447; 
1044;    -2.456;    25.960;    88.447; 
1045;    -2.465;    25.977;    88.447; 
1046;    -2.468;    25.984;    88.447; 
1047;    -2.475;    25.997;    88.447; 
1048;    -2.480;    26.007;    88.447; 
1049;    -2.483;    26.014;    88.447; 
1050;    -2.489;    26.026;    88.447; 
1051;    -2.492;    26.032;    88.447; 
1052;    -2.495;    26.038;    88.447; 
1053;    -2.499;    26.045;    88.447; 
1054;    -2.503;    26.051;    88.447; 
1055;    -2.506;    26.057;    88.447; 
1056;    -2.512;    26.067;    88.447; 
1057;    -2.518;    26.078;    88.447; 
1058;    -2.523;    26.086;    88.447; 
1059;    -2.533;    26.106;    88.447; 
1060;    -2.541;    26.122;    88.447; 
1061;    -2.545;    26.133;    88.447; 
1062;    -2.550;    26.142;    88.447; 
1063;    -2.553;    26.149;    88.447; 
1064;    -2.558;    26.158;    88.447; 
1065;    -2.562;    26.167;    88.447; 
1066;    -2.567;    26.177;    88.447; 
1067;    -2.571;    26.184;    88.447; 
1068;    -2.576;    26.194;    88.447; 
1069;    -2.579;    26.201;    88.447; 
1070;    -2.585;    26.212;    88.447; 
1071;    -2.588;    26.219;    88.447; 
1072;    -2.592;    26.226;    88.447; 
1073;    -2.598;    26.237;    88.447; 
1074;    -2.602;    26.244;    88.447; 
1075;    -2.607;    26.255;    88.447; 
1076;    -2.609;    26.258;    88.447; 
1077;    -2.616;    26.270;    88.447; 
1078;    -2.621;    26.279;    88.447; 
1079;    -2.627;    26.290;    88.447; 
1080;    -2.629;    26.294;    88.447; 
1081;    -2.636;    26.306;    88.447; 
1082;    -2.641;    26.315;    88.447; 
1083;    -2.647;    26.326;    88.447; 
1084;    -2.652;    26.335;    88.447; 
1085;    -2.656;    26.342;    88.447; 
1086;    -2.661;    26.351;    88.447; 
1087;    -2.667;    26.363;    88.447; 
1088;    -2.672;    26.371;    88.447; 
1089;    -2.676;    26.378;    88.447; 
1090;    -2.682;    26.389;    88.447; 
1091;    -2.688;    26.400;    88.447; 
1092;    -2.695;    26.412;    88.447; 
1093;    -2.699;    26.421;    88.447; 
1094;    -2.701;    26.424;    88.447; 
1095;    -2.708;    26.437;    88.447; 
1096;    -2.714;    26.447;    88.447; 
1097;    -2.719;    26.455;    88.447; 
1098;    -2.723;    26.464;    88.447; 
1099;    -2.729;    26.474;    88.447; 
1100;    -2.733;    26.480;    88.447; 
1101;    -2.738;    26.490;    88.447; 
1102;    -2.742;    26.497;    88.447; 
1103;    -2.747;    26.504;    88.447; 
1104;    -2.755;    26.519;    88.447; 
1105;    -2.761;    26.530;    88.447; 
1106;    -2.767;    26.539;    88.447; 
1107;    -2.770;    26.544;    88.447; 
1108;    -2.775;    26.553;    88.447; 
1109;    -2.782;    26.565;    88.447; 
1110;    -2.789;    26.578;    88.447; 
1111;    -2.798;    26.594;    88.447; 
1112;    -2.801;    26.600;    88.447; 
1113;    -2.802;    26.602;    88.447; 
1114;    -2.805;    26.606;    88.447; 
1115;    -2.810;    26.614;    88.447; 
1116;    -2.814;    26.620;    88.447; 
1117;    -2.820;    26.631;    88.447; 
1118;    -2.829;    26.646;    88.447; 
1119;    -2.833;    26.651;    88.447; 
1120;    -2.834;    26.653;    88.447; 
1121;    -2.837;    26.657;    88.447; 
1122;    -2.841;    26.663;    88.447; 
1123;    -2.844;    26.667;    88.447; 
1124;    -2.848;    26.672;    88.447; 
1125;    -2.851;    26.675;    88.447; 
1126;    -2.854;    26.678;    88.447; 
1127;    -2.858;    26.682;    88.447; 
1128;    -2.860;    26.684;    88.447; 
1129;    -2.862;    26.686;    88.447; 
1130;    -2.867;    26.690;    88.447; 
1131;    -2.872;    26.694;    88.447; 
1132;    -2.879;    26.700;    88.447; 
1133;    -2.881;    26.702;    88.447; 
1134;    -2.886;    26.706;    88.447; 
1135;    -2.890;    26.708;    88.447; 
1136;    -2.894;    26.711;    88.447; 
1137;    -2.898;    26.714;    88.447; 
1138;    -2.902;    26.716;    88.447; 
1139;    -2.908;    26.720;    88.447; 
1140;    -2.911;    26.722;    88.447; 
1141;    -2.917;    26.725;    88.447; 
1142;    -2.921;    26.726;    88.447; 
1143;    -2.926;    26.729;    88.447; 
1144;    -2.927;    26.729;    88.447; 
1145;    -2.931;    26.730;    88.447; 
1146;    -2.938;    26.733;    88.447; 
1147;    -2.940;    26.734;    88.447; 
1148;    -2.949;    26.736;    88.447; 
1149;    -2.953;    26.738;    88.447; 
1150;    -2.958;    26.739;    88.447; 
1151;    -2.963;    26.740;    88.447; 
1152;    -2.965;    26.740;    88.447; 
1153;    -2.969;    26.741;    88.447; 
1154;    -2.975;    26.741;    88.447; 
1155;    -2.977;    26.741;    88.447; 
1156;    -2.982;    26.742;    88.447; 
1157;    -2.986;    26.742;    88.447; 
1158;    -2.992;    26.742;    88.447; 
1159;    -2.998;    26.742;    88.447; 
1160;    -3.002;    26.742;    88.447; 
1161;    -3.005;    26.742;    88.447; 
1162;    -3.013;    26.741;    88.447; 
1163;    -3.021;    26.741;    88.447; 
1164;    -3.031;    26.740;    88.447; 
1165;    -3.041;    26.739;    88.447; 
1166;    -3.048;    26.738;    88.447; 
1167;    -3.054;    26.738;    88.447; 
1168;    -3.061;    26.737;    88.447; 
1169;    -3.067;    26.736;    88.447; 
1170;    -3.076;    26.735;    88.447; 
1171;    -3.090;    26.733;    88.447; 
1172;    -3.104;    26.731;    88.447; 
1173;    -3.121;    26.729;    88.447; 
1174;    -3.132;    26.728;    88.447; 
1175;    -3.140;    26.727;    88.447; 
1176;    -3.148;    26.726;    88.447; 
1177;    -3.159;    26.725;    88.447; 
1178;    -3.170;    26.724;    88.447; 
