[A]
   1;     3.303;    26.767;    88.447; 
   2;     3.292;    26.769;    88.447; 
   3;     3.278;    26.771;    88.447; 
   4;     3.273;    26.772;    88.447; 
   5;     3.267;    26.772;    88.447; 
   6;     3.258;    26.773;    88.447; 
   7;     3.250;    26.774;    88.447; 
   8;     3.240;    26.775;    88.447; 
   9;     3.219;    26.778;    88.447; 
  10;     3.206;    26.780;    88.447; 
  11;     3.197;    26.781;    88.447; 
  12;     3.186;    26.783;    88.447; 
  13;     3.179;    26.784;    88.447; 
  14;     3.172;    26.785;    88.447; 
  15;     3.165;    26.785;    88.447; 
  16;     3.153;    26.787;    88.447; 
  17;     3.143;    26.788;    88.447; 
  18;     3.129;    26.790;    88.447; 
  19;     3.119;    26.791;    88.447; 
  20;     3.110;    26.792;    88.447; 
  21;     3.101;    26.793;    88.447; 
  22;     3.090;    26.794;    88.447; 
  23;     3.077;    26.796;    88.447; 
  24;     3.065;    26.797;    88.447; 
  25;     3.059;    26.798;    88.447; 
  26;     3.050;    26.799;    88.447; 
  27;     3.046;    26.799;    88.447; 
  28;     3.038;    26.799;    88.447; 
  29;     3.026;    26.800;    88.447; 
  30;     3.019;    26.801;    88.447; 
  31;     3.001;    26.802;    88.447; 
  32;     2.982;    26.804;    88.447; 
  33;     2.965;    26.807;    88.447; 
  34;     2.953;    26.809;    88.447; 
  35;     2.947;    26.809;    88.447; 
  36;     2.944;    26.810;    88.447; 
  37;     2.940;    26.810;    88.447; 
  38;     2.938;    26.810;    88.447; 
  39;     2.934;    26.810;    88.447; 
  40;     2.930;    26.810;    88.447; 
  41;     2.927;    26.810;    88.447; 
  42;     2.921;    26.809;    88.447; 
  43;     2.918;    26.809;    88.447; 
  44;     2.913;    26.808;    88.447; 
  45;     2.910;    26.807;    88.447; 
  46;     2.904;    26.806;    88.447; 
  47;     2.897;    26.805;    88.447; 
  48;     2.894;    26.804;    88.447; 
  49;     2.888;    26.803;    88.447; 
  50;     2.882;    26.801;    88.447; 
  51;     2.877;    26.800;    88.447; 
  52;     2.874;    26.799;    88.447; 
  53;     2.869;    26.797;    88.447; 
  54;     2.867;    26.796;    88.447; 
  55;     2.862;    26.794;    88.447; 
  56;     2.859;    26.793;    88.447; 
  57;     2.857;    26.791;    88.447; 
  58;     2.851;    26.788;    88.447; 
  59;     2.845;    26.785;    88.447; 
  60;     2.840;    26.783;    88.447; 
  61;     2.835;    26.780;    88.447; 
  62;     2.835;    26.779;    88.447; 
  63;     2.831;    26.776;    88.447; 
  64;     2.828;    26.774;    88.447; 
  65;     2.824;    26.771;    88.447; 
  66;     2.824;    26.771;    88.447; 
  67;     2.822;    26.768;    88.447; 
  68;     2.817;    26.764;    88.447; 
  69;     2.815;    26.762;    88.447; 
  70;     2.816;    26.762;    88.447; 
  71;     2.815;    26.761;    88.447; 
  72;     2.810;    26.754;    88.447; 
  73;     2.790;    26.733;    88.447; 
  74;     2.777;    26.720;    88.447; 
  75;     2.770;    26.712;    88.447; 
  76;     2.766;    26.708;    88.447; 
  77;     2.765;    26.707;    88.447; 
  78;     2.763;    26.704;    88.447; 
  79;     2.764;    26.705;    88.447; 
  80;     2.759;    26.699;    88.447; 
  81;     2.756;    26.694;    88.447; 
  82;     2.754;    26.691;    88.447; 
  83;     2.751;    26.686;    88.447; 
  84;     2.747;    26.679;    88.447; 
  85;     2.743;    26.672;    88.447; 
  86;     2.739;    26.665;    88.447; 
  87;     2.733;    26.655;    88.447; 
  88;     2.730;    26.649;    88.447; 
  89;     2.727;    26.644;    88.447; 
  90;     2.722;    26.633;    88.447; 
  91;     2.718;    26.626;    88.447; 
  92;     2.708;    26.609;    88.447; 
  93;     2.701;    26.597;    88.447; 
  94;     2.694;    26.585;    88.447; 
  95;     2.691;    26.579;    88.447; 
  96;     2.687;    26.572;    88.447; 
  97;     2.682;    26.564;    88.447; 
  98;     2.678;    26.556;    88.447; 
  99;     2.672;    26.545;    88.447; 
 100;     2.668;    26.538;    88.447; 
 101;     2.662;    26.527;    88.447; 
 102;     2.657;    26.518;    88.447; 
 103;     2.651;    26.508;    88.447; 
 104;     2.646;    26.499;    88.447; 
 105;     2.642;    26.490;    88.447; 
 106;     2.639;    26.485;    88.447; 
 107;     2.635;    26.478;    88.447; 
 108;     2.630;    26.467;    88.447; 
 109;     2.623;    26.455;    88.447; 
 110;     2.619;    26.446;    88.447; 
 111;     2.611;    26.433;    88.447; 
 112;     2.607;    26.425;    88.447; 
 113;     2.601;    26.414;    88.447; 
 114;     2.597;    26.407;    88.447; 
 115;     2.594;    26.400;    88.447; 
 116;     2.590;    26.394;    88.447; 
 117;     2.585;    26.384;    88.447; 
 118;     2.580;    26.374;    88.447; 
 119;     2.573;    26.361;    88.447; 
 120;     2.566;    26.349;    88.447; 
 121;     2.561;    26.339;    88.447; 
 122;     2.554;    26.327;    88.447; 
 123;     2.550;    26.319;    88.447; 
 124;     2.544;    26.309;    88.447; 
 125;     2.541;    26.304;    88.447; 
 126;     2.537;    26.296;    88.447; 
 127;     2.532;    26.285;    88.447; 
 128;     2.527;    26.276;    88.447; 
 129;     2.522;    26.268;    88.447; 
 130;     2.519;    26.261;    88.447; 
 131;     2.513;    26.250;    88.447; 
 132;     2.510;    26.244;    88.447; 
 133;     2.506;    26.235;    88.447; 
 134;     2.501;    26.226;    88.447; 
 135;     2.496;    26.216;    88.447; 
 136;     2.488;    26.200;    88.447; 
 137;     2.485;    26.195;    88.447; 
 138;     2.478;    26.181;    88.447; 
 139;     2.476;    26.177;    88.447; 
 140;     2.473;    26.171;    88.447; 
 141;     2.468;    26.161;    88.447; 
 142;     2.462;    26.148;    88.447; 
 143;     2.457;    26.139;    88.447; 
 144;     2.452;    26.128;    88.447; 
 145;     2.447;    26.118;    88.447; 
 146;     2.443;    26.111;    88.447; 
 147;     2.438;    26.100;    88.447; 
 148;     2.431;    26.086;    88.447; 
 149;     2.426;    26.078;    88.447; 
 150;     2.422;    26.070;    88.447; 
 151;     2.417;    26.061;    88.447; 
 152;     2.415;    26.056;    88.447; 
 153;     2.411;    26.048;    88.447; 
 154;     2.408;    26.041;    88.447; 
 155;     2.402;    26.030;    88.447; 
 156;     2.398;    26.020;    88.447; 
 157;     2.394;    26.012;    88.447; 
 158;     2.388;    26.000;    88.447; 
 159;     2.386;    25.996;    88.447; 
 160;     2.382;    25.987;    88.447; 
 161;     2.377;    25.976;    88.447; 
 162;     2.372;    25.966;    88.447; 
 163;     2.365;    25.951;    88.447; 
 164;     2.359;    25.938;    88.447; 
 165;     2.354;    25.929;    88.447; 
 166;     2.351;    25.922;    88.447; 
 167;     2.348;    25.916;    88.447; 
 168;     2.344;    25.907;    88.447; 
 169;     2.341;    25.901;    88.447; 
 170;     2.335;    25.890;    88.447; 
 171;     2.331;    25.880;    88.447; 
 172;     2.327;    25.871;    88.447; 
 173;     2.320;    25.858;    88.447; 
 174;     2.315;    25.848;    88.447; 
 175;     2.313;    25.843;    88.447; 
 176;     2.310;    25.836;    88.447; 
 177;     2.306;    25.828;    88.447; 
 178;     2.300;    25.814;    88.447; 
 179;     2.295;    25.804;    88.447; 
 180;     2.290;    25.794;    88.447; 
 181;     2.287;    25.786;    88.447; 
 182;     2.283;    25.777;    88.447; 
 183;     2.279;    25.769;    88.447; 
 184;     2.277;    25.763;    88.447; 
 185;     2.271;    25.752;    88.447; 
 186;     2.267;    25.741;    88.447; 
 187;     2.262;    25.730;    88.447; 
 188;     2.258;    25.721;    88.447; 
 189;     2.254;    25.711;    88.447; 
 190;     2.249;    25.702;    88.447; 
 191;     2.244;    25.691;    88.447; 
 192;     2.239;    25.680;    88.447; 
 193;     2.236;    25.673;    88.447; 
 194;     2.232;    25.664;    88.447; 
 195;     2.227;    25.651;    88.447; 
 196;     2.222;    25.642;    88.447; 
 197;     2.220;    25.635;    88.447; 
 198;     2.217;    25.629;    88.447; 
 199;     2.212;    25.617;    88.447; 
 200;     2.207;    25.606;    88.447; 
 201;     2.205;    25.600;    88.447; 
 202;     2.200;    25.589;    88.447; 
 203;     2.194;    25.576;    88.447; 
 204;     2.192;    25.570;    88.447; 
 205;     2.188;    25.561;    88.447; 
 206;     2.184;    25.550;    88.447; 
 207;     2.182;    25.545;    88.447; 
 208;     2.179;    25.538;    88.447; 
 209;     2.175;    25.528;    88.447; 
 210;     2.169;    25.513;    88.447; 
 211;     2.165;    25.504;    88.447; 
 212;     2.160;    25.491;    88.447; 
 213;     2.157;    25.486;    88.447; 
 214;     2.156;    25.481;    88.447; 
 215;     2.151;    25.470;    88.447; 
 216;     2.145;    25.454;    88.447; 
 217;     2.139;    25.441;    88.447; 
 218;     2.138;    25.437;    88.447; 
 219;     2.135;    25.428;    88.447; 
 220;     2.130;    25.418;    88.447; 
 221;     2.128;    25.411;    88.447; 
 222;     2.122;    25.398;    88.447; 
 223;     2.118;    25.387;    88.447; 
 224;     2.115;    25.380;    88.447; 
 225;     2.112;    25.372;    88.447; 
 226;     2.108;    25.361;    88.447; 
 227;     2.104;    25.350;    88.447; 
 228;     2.103;    25.347;    88.447; 
 229;     2.098;    25.335;    88.447; 
 230;     2.095;    25.327;    88.447; 
 231;     2.092;    25.317;    88.447; 
 232;     2.088;    25.306;    88.447; 
 233;     2.083;    25.294;    88.447; 
 234;     2.081;    25.288;    88.447; 
 235;     2.075;    25.273;    88.447; 
 236;     2.070;    25.260;    88.447; 
 237;     2.068;    25.254;    88.447; 
 238;     2.066;    25.248;    88.447; 
 239;     2.059;    25.232;    88.447; 
 240;     2.056;    25.223;    88.447; 
 241;     2.052;    25.214;    88.447; 
 242;     2.049;    25.205;    88.447; 
 243;     2.048;    25.202;    88.447; 
 244;     2.047;    25.199;    88.447; 
 245;     2.046;    25.195;    88.447; 
 246;     2.045;    25.189;    88.447; 
 247;     2.041;    25.177;    88.447; 
 248;     2.037;    25.163;    88.447; 
 249;     2.031;    25.144;    88.447; 
 250;     2.028;    25.134;    88.447; 
 251;     2.021;    25.114;    88.447; 
 252;     2.016;    25.102;    88.447; 
 253;     2.015;    25.098;    88.447; 
 254;     2.010;    25.085;    88.447; 
 255;     2.007;    25.079;    88.447; 
 256;     2.002;    25.065;    88.447; 
 257;     1.998;    25.054;    88.447; 
 258;     1.995;    25.047;    88.447; 
 259;     1.993;    25.040;    88.447; 
 260;     1.990;    25.033;    88.447; 
 261;     1.988;    25.025;    88.447; 
 262;     1.987;    25.022;    88.447; 
 263;     1.985;    25.016;    88.447; 
 264;     1.984;    25.012;    88.447; 
 265;     1.983;    25.008;    88.447; 
 266;     1.982;    25.004;    88.447; 
 267;     1.981;    24.998;    88.447; 
 268;     1.977;    24.978;    88.447; 
 269;     1.972;    24.960;    88.447; 
 270;     1.966;    24.942;    88.447; 
 271;     1.962;    24.929;    88.447; 
 272;     1.959;    24.919;    88.447; 
 273;     1.955;    24.908;    88.447; 
 274;     1.950;    24.893;    88.447; 
 275;     1.943;    24.874;    88.447; 
 276;     1.930;    24.846;    88.447; 
 277;     1.924;    24.835;    88.447; 
 278;     1.923;    24.831;    88.447; 
 279;     1.914;    24.813;    88.447; 
 280;     1.903;    24.793;    88.447; 
 281;     1.890;    24.772;    88.447; 
 282;     1.881;    24.760;    88.447; 
 283;     1.869;    24.743;    88.447; 
 284;     1.794;    24.676;    88.447; 
 285;     1.695;    24.639;    88.447; 
 286;     1.646;    24.635;    88.447; 
 287;     1.608;    24.637;    88.447; 
 288;     1.591;    24.638;    88.447; 
 289;     1.584;    24.639;    88.447; 
 290;     1.576;    24.640;    88.447; 
 291;     1.570;    24.640;    88.447; 
 292;     1.560;    24.641;    88.447; 
 293;     1.551;    24.641;    88.447; 
 294;     1.539;    24.642;    88.447; 
 295;     1.526;    24.643;    88.447; 
 296;     1.514;    24.644;    88.447; 
 297;     1.503;    24.645;    88.447; 
 298;     1.493;    24.646;    88.447; 
 299;     1.486;    24.646;    88.447; 
 300;     1.477;    24.647;    88.447; 
 301;     1.468;    24.647;    88.447; 
 302;     1.459;    24.648;    88.447; 
 303;     1.452;    24.648;    88.447; 
 304;     1.445;    24.648;    88.447; 
 305;     1.439;    24.648;    88.447; 
 306;     1.436;    24.648;    88.447; 
 307;     1.415;    24.648;    88.447; 
 308;     1.392;    24.649;    88.447; 
 309;     1.366;    24.652;    88.447; 
 310;     1.357;    24.653;    88.447; 
 311;     1.351;    24.654;    88.447; 
 312;     1.344;    24.654;    88.447; 
 313;     1.338;    24.655;    88.447; 
 314;     1.329;    24.655;    88.447; 
 315;     1.319;    24.656;    88.447; 
 316;     1.309;    24.657;    88.447; 
 317;     1.300;    24.657;    88.447; 
 318;     1.287;    24.658;    88.447; 
 319;     1.279;    24.659;    88.447; 
 320;     1.255;    24.662;    88.447; 
 321;     1.202;    24.674;    88.447; 
 322;     1.113;    24.723;    88.447; 
 323;     1.040;    24.817;    88.447; 
 324;     1.023;    24.863;    88.447; 
 325;     1.018;    24.879;    88.447; 
 326;     1.014;    24.896;    88.447; 
 327;     1.011;    24.907;    88.447; 
 328;     1.008;    24.921;    88.447; 
 329;     1.005;    24.932;    88.447; 
 330;     1.003;    24.943;    88.447; 
 331;     1.000;    24.954;    88.447; 
 332;      .999;    24.962;    88.447; 
 333;      .998;    24.965;    88.447; 
 334;      .996;    24.970;    88.447; 
 335;      .992;    24.986;    88.447; 
 336;      .988;    25.008;    88.447; 
 337;      .984;    25.028;    88.447; 
 338;      .983;    25.034;    88.447; 
 339;      .982;    25.043;    88.447; 
 340;      .980;    25.052;    88.447; 
 341;      .978;    25.061;    88.447; 
 342;      .977;    25.070;    88.447; 
 343;      .975;    25.081;    88.447; 
 344;      .974;    25.085;    88.447; 
 345;      .971;    25.096;    88.447; 
 346;      .970;    25.100;    88.447; 
 347;      .968;    25.106;    88.447; 
 348;      .967;    25.110;    88.447; 
 349;      .967;    25.112;    88.447; 
 350;      .966;    25.113;    88.447; 
 351;      .958;    25.138;    88.447; 
 352;      .947;    25.194;    88.447; 
 353;      .945;    25.223;    88.447; 
 354;      .945;    25.222;    88.447; 
 355;      .945;    25.229;    88.447; 
 356;      .944;    25.232;    88.447; 
 357;      .944;    25.231;    88.447; 
 358;      .943;    25.236;    88.447; 
 359;      .942;    25.243;    88.447; 
 360;      .940;    25.249;    88.447; 
 361;      .937;    25.263;    88.447; 
 362;      .936;    25.268;    88.447; 
 363;      .934;    25.278;    88.447; 
 364;      .933;    25.278;    88.447; 
 365;      .930;    25.289;    88.447; 
 366;      .927;    25.299;    88.447; 
 367;      .925;    25.308;    88.447; 
 368;      .922;    25.317;    88.447; 
 369;      .920;    25.325;    88.447; 
 370;      .918;    25.332;    88.447; 
 371;      .915;    25.340;    88.447; 
 372;      .909;    25.361;    88.447; 
 373;      .905;    25.379;    88.447; 
 374;      .900;    25.402;    88.447; 
 375;      .897;    25.421;    88.447; 
 376;      .897;    25.421;    88.447; 
 377;      .896;    25.428;    88.447; 
 378;      .895;    25.428;    88.447; 
 379;      .893;    25.439;    88.447; 
 380;      .889;    25.454;    88.447; 
 381;      .887;    25.464;    88.447; 
 382;      .884;    25.474;    88.447; 
 383;      .883;    25.480;    88.447; 
 384;      .882;    25.485;    88.447; 
 385;      .879;    25.493;    88.447; 
 386;      .878;    25.496;    88.447; 
 387;      .873;    25.514;    88.447; 
 388;      .870;    25.526;    88.447; 
 389;      .865;    25.543;    88.447; 
 390;      .862;    25.556;    88.447; 
 391;      .860;    25.564;    88.447; 
 392;      .858;    25.572;    88.447; 
 393;      .856;    25.578;    88.447; 
 394;      .854;    25.585;    88.447; 
 395;      .851;    25.596;    88.447; 
 396;      .849;    25.605;    88.447; 
 397;      .847;    25.611;    88.447; 
 398;      .843;    25.623;    88.447; 
 399;      .842;    25.627;    88.447; 
 400;      .839;    25.635;    88.447; 
 401;      .835;    25.645;    88.447; 
 402;      .831;    25.658;    88.447; 
 403;      .827;    25.672;    88.447; 
 404;      .822;    25.688;    88.447; 
 405;      .818;    25.706;    88.447; 
 406;      .815;    25.719;    88.447; 
 407;      .813;    25.724;    88.447; 
 408;      .812;    25.729;    88.447; 
 409;      .810;    25.736;    88.447; 
 410;      .807;    25.744;    88.447; 
 411;      .805;    25.751;    88.447; 
 412;      .802;    25.759;    88.447; 
 413;      .800;    25.766;    88.447; 
 414;      .796;    25.776;    88.447; 
 415;      .792;    25.788;    88.447; 
 416;      .788;    25.801;    88.447; 
 417;      .783;    25.821;    88.447; 
 418;      .780;    25.830;    88.447; 
 419;      .778;    25.838;    88.447; 
 420;      .776;    25.844;    88.447; 
 421;      .773;    25.853;    88.447; 
 422;      .771;    25.858;    88.447; 
 423;      .768;    25.870;    88.447; 
 424;      .764;    25.882;    88.447; 
 425;      .759;    25.895;    88.447; 
 426;      .757;    25.902;    88.447; 
 427;      .754;    25.913;    88.447; 
 428;      .752;    25.918;    88.447; 
 429;      .748;    25.930;    88.447; 
 430;      .745;    25.937;    88.447; 
 431;      .742;    25.947;    88.447; 
 432;      .738;    25.959;    88.447; 
 433;      .734;    25.969;    88.447; 
 434;      .730;    25.981;    88.447; 
 435;      .727;    25.989;    88.447; 
 436;      .723;    26.003;    88.447; 
 437;      .721;    26.009;    88.447; 
 438;      .717;    26.021;    88.447; 
 439;      .714;    26.030;    88.447; 
 440;      .711;    26.038;    88.447; 
 441;      .707;    26.049;    88.447; 
 442;      .704;    26.059;    88.447; 
 443;      .701;    26.066;    88.447; 
 444;      .698;    26.077;    88.447; 
 445;      .694;    26.087;    88.447; 
 446;      .689;    26.100;    88.447; 
 447;      .686;    26.109;    88.447; 
 448;      .684;    26.115;    88.447; 
 449;      .682;    26.120;    88.447; 
 450;      .676;    26.134;    88.447; 
 451;      .671;    26.148;    88.447; 
 452;      .665;    26.166;    88.447; 
 453;      .662;    26.178;    88.447; 
 454;      .659;    26.185;    88.447; 
 455;      .657;    26.193;    88.447; 
 456;      .654;    26.199;    88.447; 
 457;      .651;    26.207;    88.447; 
 458;      .647;    26.218;    88.447; 
 459;      .644;    26.227;    88.447; 
 460;      .641;    26.234;    88.447; 
 461;      .637;    26.245;    88.447; 
 462;      .634;    26.253;    88.447; 
 463;      .630;    26.262;    88.447; 
 464;      .626;    26.272;    88.447; 
 465;      .621;    26.285;    88.447; 
 466;      .617;    26.298;    88.447; 
 467;      .614;    26.304;    88.447; 
 468;      .611;    26.313;    88.447; 
 469;      .607;    26.322;    88.447; 
 470;      .605;    26.328;    88.447; 
 471;      .600;    26.340;    88.447; 
 472;      .595;    26.351;    88.447; 
 473;      .591;    26.363;    88.447; 
 474;      .587;    26.373;    88.447; 
 475;      .581;    26.387;    88.447; 
 476;      .578;    26.396;    88.447; 
 477;      .574;    26.406;    88.447; 
 478;      .571;    26.413;    88.447; 
 479;      .567;    26.425;    88.447; 
 480;      .564;    26.432;    88.447; 
 481;      .560;    26.443;    88.447; 
 482;      .557;    26.449;    88.447; 
 483;      .553;    26.459;    88.447; 
 484;      .549;    26.469;    88.447; 
 485;      .546;    26.477;    88.447; 
 486;      .542;    26.485;    88.447; 
 487;      .537;    26.496;    88.447; 
 488;      .533;    26.507;    88.447; 
 489;      .528;    26.518;    88.447; 
 490;      .524;    26.528;    88.447; 
 491;      .521;    26.537;    88.447; 
 492;      .516;    26.549;    88.447; 
 493;      .511;    26.563;    88.447; 
 494;      .507;    26.573;    88.447; 
 495;      .504;    26.580;    88.447; 
 496;      .501;    26.587;    88.447; 
 497;      .498;    26.594;    88.447; 
 498;      .495;    26.602;    88.447; 
 499;      .490;    26.612;    88.447; 
 500;      .485;    26.624;    88.447; 
 501;      .481;    26.635;    88.447; 
 502;      .478;    26.642;    88.447; 
 503;      .473;    26.654;    88.447; 
 504;      .469;    26.665;    88.447; 
 505;      .465;    26.674;    88.447; 
 506;      .462;    26.682;    88.447; 
 507;      .458;    26.691;    88.447; 
 508;      .454;    26.699;    88.447; 
 509;      .450;    26.710;    88.447; 
 510;      .447;    26.717;    88.447; 
 511;      .443;    26.725;    88.447; 
 512;      .439;    26.734;    88.447; 
 513;      .435;    26.743;    88.447; 
 514;      .431;    26.752;    88.447; 
 515;      .427;    26.759;    88.447; 
 516;      .422;    26.770;    88.447; 
 517;      .417;    26.781;    88.447; 
 518;      .410;    26.798;    88.447; 
 519;      .402;    26.819;    88.447; 
 520;      .399;    26.826;    88.447; 
 521;      .397;    26.832;    88.447; 
 522;      .394;    26.838;    88.447; 
 523;      .394;    26.838;    88.447; 
 524;      .393;    26.840;    88.447; 
 525;      .391;    26.842;    88.447; 
 526;      .389;    26.845;    88.447; 
 527;      .386;    26.851;    88.447; 
 528;      .386;    26.851;    88.447; 
 529;      .382;    26.856;    88.447; 
 530;      .382;    26.855;    88.447; 
 531;      .377;    26.861;    88.447; 
 532;      .372;    26.868;    88.447; 
 533;      .370;    26.869;    88.447; 
 534;      .365;    26.875;    88.447; 
 535;      .361;    26.879;    88.447; 
 536;      .358;    26.882;    88.447; 
 537;      .355;    26.884;    88.447; 
 538;      .349;    26.891;    88.447; 
 539;      .339;    26.899;    88.447; 
 540;      .337;    26.901;    88.447; 
 541;      .334;    26.903;    88.447; 
 542;      .330;    26.906;    88.447; 
 543;      .328;    26.908;    88.447; 
 544;      .324;    26.910;    88.447; 
 545;      .327;    26.908;    88.447; 
 546;      .319;    26.912;    88.447; 
 547;      .319;    26.912;    88.447; 
 548;      .313;    26.915;    88.447; 
 549;      .307;    26.918;    88.447; 
 550;      .301;    26.920;    88.447; 
 551;      .291;    26.925;    88.447; 
 552;      .286;    26.927;    88.447; 
 553;      .283;    26.928;    88.447; 
 554;      .280;    26.928;    88.447; 
 555;      .278;    26.929;    88.447; 
 556;      .273;    26.930;    88.447; 
 557;      .265;    26.932;    88.447; 
 558;      .254;    26.935;    88.447; 
 559;      .245;    26.937;    88.447; 
 560;      .229;    26.942;    88.447; 
 561;      .214;    26.946;    88.447; 
 562;      .210;    26.947;    88.447; 
 563;      .206;    26.948;    88.447; 
 564;      .204;    26.948;    88.447; 
 565;      .196;    26.950;    88.447; 
 566;      .188;    26.951;    88.447; 
 567;      .180;    26.953;    88.447; 
 568;      .177;    26.953;    88.447; 
 569;      .173;    26.953;    88.447; 
 570;      .172;    26.953;    88.447; 
 571;      .167;    26.953;    88.447; 
 572;      .163;    26.953;    88.447; 
 573;      .159;    26.953;    88.447; 
 574;      .152;    26.953;    88.447; 
 575;      .145;    26.952;    88.447; 
 576;      .138;    26.952;    88.447; 
 577;      .120;    26.952;    88.447; 
 578;      .105;    26.952;    88.447; 
 579;      .090;    26.952;    88.447; 
 580;      .085;    26.952;    88.447; 
 581;      .085;    26.951;    88.447; 
 582;      .081;    26.951;    88.447; 
 583;      .080;    26.951;    88.447; 
 584;      .072;    26.950;    88.447; 
 585;      .057;    26.948;    88.447; 
 586;      .018;    26.947;    88.447; 
 587;     -.003;    26.948;    88.447; 
 588;     -.014;    26.948;    88.447; 
 589;     -.022;    26.949;    88.447; 
 590;     -.027;    26.949;    88.447; 
 591;     -.032;    26.949;    88.447; 
 592;     -.037;    26.948;    88.447; 
 593;     -.053;    26.948;    88.447; 
 594;     -.073;    26.949;    88.447; 
 595;     -.088;    26.950;    88.447; 
 596;     -.101;    26.950;    88.447; 
 597;     -.108;    26.951;    88.447; 
 598;     -.112;    26.951;    88.447; 
 599;     -.118;    26.951;    88.447; 
 600;     -.126;    26.951;    88.447; 
 601;     -.133;    26.951;    88.447; 
 602;     -.139;    26.950;    88.447; 
 603;     -.153;    26.950;    88.447; 
 604;     -.169;    26.950;    88.447; 
 605;     -.184;    26.950;    88.447; 
 606;     -.189;    26.950;    88.447; 
 607;     -.192;    26.950;    88.447; 
 608;     -.199;    26.950;    88.447; 
 609;     -.210;    26.949;    88.447; 
 610;     -.229;    26.949;    88.447; 
 611;     -.238;    26.949;    88.447; 
 612;     -.241;    26.948;    88.447; 
 613;     -.252;    26.948;    88.447; 
 614;     -.270;    26.947;    88.447; 
 615;     -.283;    26.947;    88.447; 
 616;     -.297;    26.947;    88.447; 
 617;     -.307;    26.947;    88.447; 
 618;     -.320;    26.948;    88.447; 
 619;     -.323;    26.947;    88.447; 
 620;     -.326;    26.947;    88.447; 
 621;     -.322;    26.947;    88.447; 
 622;     -.323;    26.947;    88.447; 
 623;     -.330;    26.946;    88.447; 
 624;     -.337;    26.944;    88.447; 
 625;     -.340;    26.944;    88.447; 
 626;     -.351;    26.941;    88.447; 
 627;     -.353;    26.941;    88.447; 
 628;     -.356;    26.940;    88.447; 
 629;     -.359;    26.939;    88.447; 
 630;     -.365;    26.937;    88.447; 
 631;     -.369;    26.935;    88.447; 
 632;     -.378;    26.932;    88.447; 
 633;     -.379;    26.931;    88.447; 
 634;     -.384;    26.929;    88.447; 
 635;     -.390;    26.926;    88.447; 
 636;     -.398;    26.923;    88.447; 
 637;     -.405;    26.919;    88.447; 
 638;     -.409;    26.917;    88.447; 
 639;     -.417;    26.913;    88.447; 
 640;     -.420;    26.911;    88.447; 
 641;     -.423;    26.910;    88.447; 
 642;     -.423;    26.909;    88.447; 
 643;     -.426;    26.907;    88.447; 
 644;     -.424;    26.908;    88.447; 
 645;     -.428;    26.904;    88.447; 
 646;     -.436;    26.898;    88.447; 
 647;     -.440;    26.895;    88.447; 
 648;     -.446;    26.890;    88.447; 
 649;     -.446;    26.889;    88.447; 
 650;     -.450;    26.886;    88.447; 
 651;     -.451;    26.884;    88.447; 
 652;     -.454;    26.880;    88.447; 
 653;     -.471;    26.863;    88.447; 
 654;     -.476;    26.858;    88.447; 
 655;     -.477;    26.856;    88.447; 
 656;     -.479;    26.853;    88.447; 
 657;     -.480;    26.852;    88.447; 
 658;     -.482;    26.849;    88.447; 
 659;     -.481;    26.851;    88.447; 
 660;     -.483;    26.847;    88.447; 
 661;     -.484;    26.845;    88.447; 
 662;     -.486;    26.841;    88.447; 
 663;     -.487;    26.839;    88.447; 
 664;     -.491;    26.831;    88.447; 
 665;     -.493;    26.826;    88.447; 
 666;     -.496;    26.819;    88.447; 
 667;     -.500;    26.811;    88.447; 
 668;     -.507;    26.796;    88.447; 
 669;     -.513;    26.783;    88.447; 
 670;     -.520;    26.768;    88.447; 
 671;     -.526;    26.756;    88.447; 
 672;     -.530;    26.749;    88.447; 
 673;     -.532;    26.745;    88.447; 
 674;     -.536;    26.736;    88.447; 
 675;     -.538;    26.732;    88.447; 
 676;     -.540;    26.727;    88.447; 
 677;     -.543;    26.719;    88.447; 
 678;     -.543;    26.717;    88.447; 
 679;     -.549;    26.702;    88.447; 
 680;     -.552;    26.694;    88.447; 
 681;     -.556;    26.682;    88.447; 
 682;     -.560;    26.673;    88.447; 
 683;     -.563;    26.665;    88.447; 
 684;     -.567;    26.653;    88.447; 
 685;     -.570;    26.644;    88.447; 
 686;     -.573;    26.635;    88.447; 
 687;     -.577;    26.625;    88.447; 
 688;     -.583;    26.609;    88.447; 
 689;     -.591;    26.592;    88.447; 
 690;     -.594;    26.584;    88.447; 
 691;     -.598;    26.574;    88.447; 
 692;     -.599;    26.571;    88.447; 
 693;     -.601;    26.565;    88.447; 
 694;     -.604;    26.559;    88.447; 
 695;     -.606;    26.551;    88.447; 
 696;     -.612;    26.536;    88.447; 
 697;     -.618;    26.519;    88.447; 
 698;     -.625;    26.504;    88.447; 
 699;     -.627;    26.498;    88.447; 
 700;     -.631;    26.489;    88.447; 
 701;     -.631;    26.487;    88.447; 
 702;     -.633;    26.483;    88.447; 
 703;     -.636;    26.474;    88.447; 
 704;     -.640;    26.460;    88.447; 
 705;     -.643;    26.450;    88.447; 
 706;     -.646;    26.442;    88.447; 
 707;     -.659;    26.410;    88.447; 
 708;     -.664;    26.399;    88.447; 
 709;     -.667;    26.391;    88.447; 
 710;     -.671;    26.383;    88.447; 
 711;     -.673;    26.376;    88.447; 
 712;     -.677;    26.367;    88.447; 
 713;     -.680;    26.361;    88.447; 
 714;     -.682;    26.355;    88.447; 
 715;     -.683;    26.351;    88.447; 
 716;     -.684;    26.346;    88.447; 
 717;     -.688;    26.335;    88.447; 
 718;     -.693;    26.321;    88.447; 
 719;     -.698;    26.307;    88.447; 
 720;     -.701;    26.298;    88.447; 
 721;     -.705;    26.287;    88.447; 
 722;     -.705;    26.287;    88.447; 
 723;     -.709;    26.275;    88.447; 
 724;     -.714;    26.259;    88.447; 
 725;     -.721;    26.241;    88.447; 
 726;     -.726;    26.229;    88.447; 
 727;     -.729;    26.223;    88.447; 
 728;     -.733;    26.212;    88.447; 
 729;     -.735;    26.207;    88.447; 
 730;     -.736;    26.203;    88.447; 
 731;     -.740;    26.193;    88.447; 
 732;     -.743;    26.182;    88.447; 
 733;     -.747;    26.172;    88.447; 
 734;     -.750;    26.163;    88.447; 
 735;     -.753;    26.153;    88.447; 
 736;     -.758;    26.141;    88.447; 
 737;     -.759;    26.137;    88.447; 
 738;     -.762;    26.129;    88.447; 
 739;     -.765;    26.118;    88.447; 
 740;     -.769;    26.108;    88.447; 
 741;     -.772;    26.097;    88.447; 
 742;     -.774;    26.091;    88.447; 
 743;     -.780;    26.074;    88.447; 
 744;     -.783;    26.065;    88.447; 
 745;     -.787;    26.054;    88.447; 
 746;     -.790;    26.046;    88.447; 
 747;     -.791;    26.042;    88.447; 
 748;     -.796;    26.028;    88.447; 
 749;     -.798;    26.023;    88.447; 
 750;     -.802;    26.010;    88.447; 
 751;     -.806;    25.998;    88.447; 
 752;     -.810;    25.987;    88.447; 
 753;     -.812;    25.980;    88.447; 
 754;     -.817;    25.967;    88.447; 
 755;     -.820;    25.958;    88.447; 
 756;     -.822;    25.951;    88.447; 
 757;     -.824;    25.944;    88.447; 
 758;     -.827;    25.933;    88.447; 
 759;     -.830;    25.924;    88.447; 
 760;     -.833;    25.914;    88.447; 
 761;     -.837;    25.902;    88.447; 
 762;     -.840;    25.893;    88.447; 
 763;     -.844;    25.881;    88.447; 
 764;     -.846;    25.874;    88.447; 
 765;     -.849;    25.863;    88.447; 
 766;     -.852;    25.854;    88.447; 
 767;     -.855;    25.844;    88.447; 
 768;     -.859;    25.831;    88.447; 
 769;     -.863;    25.820;    88.447; 
 770;     -.866;    25.810;    88.447; 
 771;     -.870;    25.797;    88.447; 
 772;     -.871;    25.793;    88.447; 
 773;     -.877;    25.776;    88.447; 
 774;     -.878;    25.773;    88.447; 
 775;     -.879;    25.766;    88.447; 
 776;     -.882;    25.756;    88.447; 
 777;     -.884;    25.749;    88.447; 
 778;     -.886;    25.743;    88.447; 
 779;     -.888;    25.733;    88.447; 
 780;     -.892;    25.717;    88.447; 
 781;     -.897;    25.701;    88.447; 
 782;     -.901;    25.689;    88.447; 
 783;     -.903;    25.683;    88.447; 
 784;     -.905;    25.675;    88.447; 
 785;     -.906;    25.670;    88.447; 
 786;     -.910;    25.656;    88.447; 
 787;     -.912;    25.649;    88.447; 
 788;     -.916;    25.634;    88.447; 
 789;     -.920;    25.621;    88.447; 
 790;     -.924;    25.609;    88.447; 
 791;     -.926;    25.602;    88.447; 
 792;     -.929;    25.590;    88.447; 
 793;     -.931;    25.582;    88.447; 
 794;     -.934;    25.574;    88.447; 
 795;     -.936;    25.566;    88.447; 
 796;     -.939;    25.555;    88.447; 
 797;     -.941;    25.547;    88.447; 
 798;     -.943;    25.539;    88.447; 
 799;     -.946;    25.526;    88.447; 
 800;     -.949;    25.514;    88.447; 
 801;     -.952;    25.503;    88.447; 
 802;     -.954;    25.497;    88.447; 
 803;     -.956;    25.487;    88.447; 
 804;     -.959;    25.476;    88.447; 
 805;     -.962;    25.464;    88.447; 
 806;     -.965;    25.452;    88.447; 
 807;     -.967;    25.445;    88.447; 
 808;     -.970;    25.435;    88.447; 
 809;     -.972;    25.425;    88.447; 
 810;     -.976;    25.409;    88.447; 
 811;     -.979;    25.399;    88.447; 
 812;     -.982;    25.390;    88.447; 
 813;     -.984;    25.379;    88.447; 
 814;     -.986;    25.374;    88.447; 
 815;     -.987;    25.366;    88.447; 
 816;     -.990;    25.356;    88.447; 
 817;     -.992;    25.346;    88.447; 
 818;     -.995;    25.334;    88.447; 
 819;     -.997;    25.325;    88.447; 
 820;     -.999;    25.315;    88.447; 
 821;    -1.001;    25.305;    88.447; 
 822;    -1.002;    25.302;    88.447; 
 823;    -1.005;    25.286;    88.447; 
 824;    -1.006;    25.280;    88.447; 
 825;    -1.008;    25.272;    88.447; 
 826;    -1.008;    25.270;    88.447; 
 827;    -1.011;    25.255;    88.447; 
 828;    -1.015;    25.234;    88.447; 
 829;    -1.021;    25.213;    88.447; 
 830;    -1.025;    25.197;    88.447; 
 831;    -1.027;    25.191;    88.447; 
 832;    -1.027;    25.189;    88.447; 
 833;    -1.028;    25.184;    88.447; 
 834;    -1.029;    25.181;    88.447; 
 835;    -1.031;    25.169;    88.447; 
 836;    -1.033;    25.157;    88.447; 
 837;    -1.037;    25.142;    88.447; 
 838;    -1.040;    25.130;    88.447; 
 839;    -1.043;    25.118;    88.447; 
 840;    -1.045;    25.109;    88.447; 
 841;    -1.046;    25.104;    88.447; 
 842;    -1.047;    25.098;    88.447; 
 843;    -1.047;    25.094;    88.447; 
 844;    -1.048;    25.088;    88.447; 
 845;    -1.049;    25.081;    88.447; 
 846;    -1.049;    25.078;    88.447; 
 847;    -1.051;    25.061;    88.447; 
 848;    -1.054;    25.043;    88.447; 
 849;    -1.059;    25.020;    88.447; 
 850;    -1.061;    25.010;    88.447; 
 851;    -1.063;    24.999;    88.447; 
 852;    -1.068;    24.979;    88.447; 
 853;    -1.070;    24.973;    88.447; 
 854;    -1.071;    24.968;    88.447; 
 855;    -1.072;    24.964;    88.447; 
 856;    -1.072;    24.958;    88.447; 
 857;    -1.072;    24.958;    88.447; 
 858;    -1.074;    24.949;    88.447; 
 859;    -1.078;    24.925;    88.447; 
 860;    -1.085;    24.896;    88.447; 
 861;    -1.088;    24.885;    88.447; 
 862;    -1.089;    24.879;    88.447; 
 863;    -1.092;    24.867;    88.447; 
 864;    -1.101;    24.841;    88.447; 
 865;    -1.112;    24.812;    88.447; 
 866;    -1.118;    24.799;    88.447; 
 867;    -1.124;    24.787;    88.447; 
 868;    -1.141;    24.757;    88.447; 
 869;    -1.231;    24.669;    88.447; 
 870;    -1.307;    24.637;    88.447; 
 871;    -1.356;    24.629;    88.447; 
 872;    -1.369;    24.628;    88.447; 
 873;    -1.375;    24.627;    88.447; 
 874;    -1.385;    24.626;    88.447; 
 875;    -1.419;    24.624;    88.447; 
 876;    -1.440;    24.624;    88.447; 
 877;    -1.442;    24.624;    88.447; 
 878;    -1.446;    24.623;    88.447; 
 879;    -1.449;    24.623;    88.447; 
 880;    -1.458;    24.622;    88.447; 
 881;    -1.477;    24.621;    88.447; 
 882;    -1.488;    24.621;    88.447; 
 883;    -1.491;    24.620;    88.447; 
 884;    -1.505;    24.619;    88.447; 
 885;    -1.529;    24.619;    88.447; 
 886;    -1.541;    24.619;    88.447; 
 887;    -1.548;    24.618;    88.447; 
 888;    -1.555;    24.618;    88.447; 
 889;    -1.564;    24.618;    88.447; 
 890;    -1.571;    24.617;    88.447; 
 891;    -1.582;    24.617;    88.447; 
 892;    -1.592;    24.616;    88.447; 
 893;    -1.602;    24.616;    88.447; 
 894;    -1.609;    24.615;    88.447; 
 895;    -1.615;    24.614;    88.447; 
 896;    -1.621;    24.614;    88.447; 
 897;    -1.626;    24.613;    88.447; 
 898;    -1.648;    24.611;    88.447; 
 899;    -1.676;    24.609;    88.447; 
 900;    -1.691;    24.609;    88.447; 
 901;    -1.696;    24.609;    88.447; 
 902;    -1.701;    24.609;    88.447; 
 903;    -1.709;    24.608;    88.447; 
 904;    -1.744;    24.608;    88.447; 
 905;    -1.793;    24.615;    88.447; 
 906;    -1.876;    24.647;    88.447; 
 907;    -1.923;    24.680;    88.447; 
 908;    -1.983;    24.755;    88.447; 
 909;    -2.003;    24.800;    88.447; 
 910;    -2.007;    24.810;    88.447; 
 911;    -2.008;    24.813;    88.447; 
 912;    -2.010;    24.817;    88.447; 
 913;    -2.012;    24.821;    88.447; 
 914;    -2.017;    24.832;    88.447; 
 915;    -2.028;    24.861;    88.447; 
 916;    -2.037;    24.892;    88.447; 
 917;    -2.040;    24.903;    88.447; 
 918;    -2.042;    24.911;    88.447; 
 919;    -2.043;    24.915;    88.447; 
 920;    -2.046;    24.923;    88.447; 
 921;    -2.049;    24.936;    88.447; 
 922;    -2.054;    24.953;    88.447; 
 923;    -2.057;    24.966;    88.447; 
 924;    -2.059;    24.974;    88.447; 
 925;    -2.059;    24.974;    88.447; 
 926;    -2.062;    24.982;    88.447; 
 927;    -2.064;    24.987;    88.447; 
 928;    -2.067;    24.998;    88.447; 
 929;    -2.072;    25.012;    88.447; 
 930;    -2.076;    25.025;    88.447; 
 931;    -2.079;    25.034;    88.447; 
 932;    -2.082;    25.044;    88.447; 
 933;    -2.084;    25.050;    88.447; 
 934;    -2.086;    25.057;    88.447; 
 935;    -2.089;    25.064;    88.447; 
 936;    -2.090;    25.069;    88.447; 
 937;    -2.095;    25.080;    88.447; 
 938;    -2.098;    25.090;    88.447; 
 939;    -2.103;    25.102;    88.447; 
 940;    -2.108;    25.116;    88.447; 
 941;    -2.112;    25.127;    88.447; 
 942;    -2.116;    25.140;    88.447; 
 943;    -2.117;    25.144;    88.447; 
 944;    -2.121;    25.153;    88.447; 
 945;    -2.123;    25.159;    88.447; 
 946;    -2.128;    25.173;    88.447; 
 947;    -2.131;    25.182;    88.447; 
 948;    -2.136;    25.194;    88.447; 
 949;    -2.138;    25.199;    88.447; 
 950;    -2.143;    25.213;    88.447; 
 951;    -2.145;    25.219;    88.447; 
 952;    -2.149;    25.230;    88.447; 
 953;    -2.152;    25.237;    88.447; 
 954;    -2.154;    25.242;    88.447; 
 955;    -2.161;    25.261;    88.447; 
 956;    -2.166;    25.275;    88.447; 
 957;    -2.168;    25.279;    88.447; 
 958;    -2.173;    25.293;    88.447; 
 959;    -2.176;    25.301;    88.447; 
 960;    -2.178;    25.306;    88.447; 
 961;    -2.180;    25.312;    88.447; 
 962;    -2.183;    25.319;    88.447; 
 963;    -2.187;    25.329;    88.447; 
 964;    -2.191;    25.337;    88.447; 
 965;    -2.196;    25.349;    88.447; 
 966;    -2.202;    25.364;    88.447; 
 967;    -2.205;    25.372;    88.447; 
 968;    -2.210;    25.386;    88.447; 
 969;    -2.213;    25.392;    88.447; 
 970;    -2.216;    25.399;    88.447; 
 971;    -2.220;    25.408;    88.447; 
 972;    -2.225;    25.421;    88.447; 
 973;    -2.229;    25.430;    88.447; 
 974;    -2.230;    25.434;    88.447; 
 975;    -2.235;    25.445;    88.447; 
 976;    -2.240;    25.456;    88.447; 
 977;    -2.245;    25.469;    88.447; 
 978;    -2.248;    25.474;    88.447; 
 979;    -2.248;    25.475;    88.447; 
 980;    -2.252;    25.484;    88.447; 
 981;    -2.258;    25.495;    88.447; 
 982;    -2.269;    25.521;    88.447; 
 983;    -2.275;    25.541;    88.447; 
 984;    -2.277;    25.546;    88.447; 
 985;    -2.279;    25.549;    88.447; 
 986;    -2.283;    25.559;    88.447; 
 987;    -2.285;    25.564;    88.447; 
 988;    -2.288;    25.571;    88.447; 
 989;    -2.293;    25.582;    88.447; 
 990;    -2.295;    25.586;    88.447; 
 991;    -2.299;    25.597;    88.447; 
 992;    -2.302;    25.602;    88.447; 
 993;    -2.305;    25.609;    88.447; 
 994;    -2.312;    25.622;    88.447; 
 995;    -2.319;    25.639;    88.447; 
 996;    -2.325;    25.654;    88.447; 
 997;    -2.328;    25.661;    88.447; 
 998;    -2.332;    25.671;    88.447; 
 999;    -2.335;    25.677;    88.447; 
1000;    -2.339;    25.685;    88.447; 
1001;    -2.341;    25.691;    88.447; 
1002;    -2.343;    25.694;    88.447; 
1003;    -2.353;    25.715;    88.447; 
1004;    -2.360;    25.732;    88.447; 
1005;    -2.363;    25.740;    88.447; 
1006;    -2.366;    25.747;    88.447; 
1007;    -2.368;    25.751;    88.447; 
1008;    -2.372;    25.761;    88.447; 
1009;    -2.374;    25.766;    88.447; 
1010;    -2.377;    25.772;    88.447; 
1011;    -2.383;    25.784;    88.447; 
1012;    -2.387;    25.792;    88.447; 
1013;    -2.393;    25.803;    88.447; 
1014;    -2.399;    25.818;    88.447; 
1015;    -2.403;    25.826;    88.447; 
1016;    -2.407;    25.835;    88.447; 
1017;    -2.412;    25.845;    88.447; 
1018;    -2.415;    25.852;    88.447; 
1019;    -2.417;    25.856;    88.447; 
1020;    -2.423;    25.867;    88.447; 
1021;    -2.429;    25.881;    88.447; 
1022;    -2.434;    25.892;    88.447; 
1023;    -2.439;    25.902;    88.447; 
1024;    -2.443;    25.912;    88.447; 
1025;    -2.446;    25.916;    88.447; 
1026;    -2.451;    25.928;    88.447; 
1027;    -2.455;    25.936;    88.447; 
1028;    -2.460;    25.945;    88.447; 
1029;    -2.462;    25.950;    88.447; 
1030;    -2.468;    25.961;    88.447; 
1031;    -2.473;    25.972;    88.447; 
1032;    -2.479;    25.985;    88.447; 
1033;    -2.484;    25.994;    88.447; 
1034;    -2.488;    26.002;    88.447; 
1035;    -2.493;    26.013;    88.447; 
1036;    -2.496;    26.018;    88.447; 
1037;    -2.499;    26.025;    88.447; 
1038;    -2.503;    26.033;    88.447; 
1039;    -2.511;    26.048;    88.447; 
1040;    -2.519;    26.065;    88.447; 
1041;    -2.523;    26.073;    88.447; 
1042;    -2.524;    26.076;    88.447; 
1043;    -2.527;    26.082;    88.447; 
1044;    -2.529;    26.085;    88.447; 
1045;    -2.533;    26.093;    88.447; 
1046;    -2.537;    26.098;    88.447; 
1047;    -2.537;    26.099;    88.447; 
1048;    -2.544;    26.109;    88.447; 
1049;    -2.556;    26.131;    88.447; 
1050;    -2.564;    26.147;    88.447; 
1051;    -2.569;    26.157;    88.447; 
1052;    -2.576;    26.171;    88.447; 
1053;    -2.576;    26.170;    88.447; 
1054;    -2.581;    26.181;    88.447; 
1055;    -2.583;    26.184;    88.447; 
1056;    -2.588;    26.193;    88.447; 
1057;    -2.591;    26.197;    88.447; 
1058;    -2.595;    26.204;    88.447; 
1059;    -2.607;    26.226;    88.447; 
1060;    -2.614;    26.242;    88.447; 
1061;    -2.623;    26.261;    88.447; 
1062;    -2.626;    26.267;    88.447; 
1063;    -2.628;    26.272;    88.447; 
1064;    -2.631;    26.279;    88.447; 
1065;    -2.635;    26.285;    88.447; 
1066;    -2.639;    26.294;    88.447; 
1067;    -2.641;    26.297;    88.447; 
1068;    -2.648;    26.311;    88.447; 
1069;    -2.652;    26.319;    88.447; 
1070;    -2.657;    26.328;    88.447; 
1071;    -2.664;    26.341;    88.447; 
1072;    -2.669;    26.350;    88.447; 
1073;    -2.670;    26.351;    88.447; 
1074;    -2.674;    26.358;    88.447; 
1075;    -2.676;    26.361;    88.447; 
1076;    -2.680;    26.369;    88.447; 
1077;    -2.691;    26.387;    88.447; 
1078;    -2.700;    26.404;    88.447; 
1079;    -2.709;    26.421;    88.447; 
1080;    -2.714;    26.433;    88.447; 
1081;    -2.717;    26.439;    88.447; 
1082;    -2.718;    26.440;    88.447; 
1083;    -2.719;    26.442;    88.447; 
1084;    -2.721;    26.444;    88.447; 
1085;    -2.724;    26.448;    88.447; 
1086;    -2.725;    26.450;    88.447; 
1087;    -2.738;    26.469;    88.447; 
1088;    -2.748;    26.487;    88.447; 
1089;    -2.761;    26.511;    88.447; 
1090;    -2.768;    26.526;    88.447; 
1091;    -2.774;    26.538;    88.447; 
1092;    -2.777;    26.547;    88.447; 
1093;    -2.777;    26.545;    88.447; 
1094;    -2.781;    26.553;    88.447; 
1095;    -2.783;    26.556;    88.447; 
1096;    -2.785;    26.558;    88.447; 
1097;    -2.789;    26.566;    88.447; 
1098;    -2.793;    26.572;    88.447; 
1099;    -2.795;    26.574;    88.447; 
1100;    -2.806;    26.592;    88.447; 
1101;    -2.815;    26.606;    88.447; 
1102;    -2.817;    26.609;    88.447; 
1103;    -2.830;    26.631;    88.447; 
1104;    -2.834;    26.639;    88.447; 
1105;    -2.836;    26.642;    88.447; 
1106;    -2.838;    26.645;    88.447; 
1107;    -2.837;    26.642;    88.447; 
1108;    -2.839;    26.646;    88.447; 
1109;    -2.840;    26.646;    88.447; 
1110;    -2.838;    26.644;    88.447; 
1111;    -2.844;    26.650;    88.447; 
1112;    -2.857;    26.665;    88.447; 
1113;    -2.868;    26.678;    88.447; 
1114;    -2.873;    26.685;    88.447; 
1115;    -2.887;    26.703;    88.447; 
1116;    -2.899;    26.719;    88.447; 
1117;    -2.902;    26.724;    88.447; 
1118;    -2.902;    26.724;    88.447; 
1119;    -2.903;    26.724;    88.447; 
1120;    -2.903;    26.724;    88.447; 
1121;    -2.906;    26.727;    88.447; 
1122;    -2.907;    26.728;    88.447; 
1123;    -2.910;    26.730;    88.447; 
1124;    -2.910;    26.730;    88.447; 
1125;    -2.910;    26.730;    88.447; 
1126;    -2.913;    26.732;    88.447; 
1127;    -2.913;    26.731;    88.447; 
1128;    -2.916;    26.733;    88.447; 
1129;    -2.916;    26.733;    88.447; 
1130;    -2.916;    26.732;    88.447; 
1131;    -2.930;    26.739;    88.447; 
1132;    -2.945;    26.747;    88.447; 
1133;    -2.955;    26.752;    88.447; 
1134;    -2.957;    26.753;    88.447; 
1135;    -2.957;    26.752;    88.447; 
1136;    -2.960;    26.753;    88.447; 
1137;    -2.959;    26.752;    88.447; 
1138;    -2.960;    26.753;    88.447; 
1139;    -2.964;    26.753;    88.447; 
1140;    -2.963;    26.753;    88.447; 
1141;    -2.969;    26.754;    88.447; 
1142;    -2.975;    26.755;    88.447; 
1143;    -2.988;    26.757;    88.447; 
1144;    -3.003;    26.759;    88.447; 
1145;    -3.007;    26.760;    88.447; 
1146;    -3.011;    26.760;    88.447; 
1147;    -3.016;    26.760;    88.447; 
1148;    -3.019;    26.761;    88.447; 
1149;    -3.022;    26.761;    88.447; 
1150;    -3.023;    26.760;    88.447; 
1151;    -3.026;    26.760;    88.447; 
1152;    -3.027;    26.760;    88.447; 
1153;    -3.030;    26.759;    88.447; 
1154;    -3.036;    26.759;    88.447; 
1155;    -3.042;    26.758;    88.447; 
1156;    -3.043;    26.757;    88.447; 
1157;    -3.046;    26.757;    88.447; 
