[A]
   1;     3.466;    26.962;    88.446; 
   2;     3.456;    26.963;    88.446; 
   3;     3.442;    26.964;    88.446; 
   4;     3.430;    26.965;    88.446; 
   5;     3.420;    26.967;    88.446; 
   6;     3.415;    26.967;    88.446; 
   7;     3.406;    26.968;    88.446; 
   8;     3.386;    26.970;    88.446; 
   9;     3.356;    26.975;    88.446; 
  10;     3.348;    26.977;    88.446; 
  11;     3.342;    26.978;    88.446; 
  12;     3.337;    26.978;    88.446; 
  13;     3.331;    26.979;    88.446; 
  14;     3.329;    26.979;    88.446; 
  15;     3.321;    26.980;    88.446; 
  16;     3.309;    26.981;    88.446; 
  17;     3.286;    26.984;    88.446; 
  18;     3.279;    26.985;    88.446; 
  19;     3.270;    26.986;    88.446; 
  20;     3.261;    26.987;    88.446; 
  21;     3.249;    26.988;    88.446; 
  22;     3.239;    26.989;    88.446; 
  23;     3.226;    26.991;    88.446; 
  24;     3.215;    26.992;    88.446; 
  25;     3.206;    26.994;    88.446; 
  26;     3.199;    26.994;    88.446; 
  27;     3.189;    26.995;    88.446; 
  28;     3.182;    26.996;    88.446; 
  29;     3.178;    26.996;    88.446; 
  30;     3.174;    26.996;    88.446; 
  31;     3.174;    26.996;    88.446; 
  32;     3.169;    26.996;    88.446; 
  33;     3.166;    26.996;    88.446; 
  34;     3.163;    26.995;    88.446; 
  35;     3.158;    26.995;    88.446; 
  36;     3.136;    26.993;    88.446; 
  37;     3.121;    26.993;    88.446; 
  38;     3.115;    26.992;    88.446; 
  39;     3.113;    26.992;    88.446; 
  40;     3.109;    26.991;    88.446; 
  41;     3.103;    26.991;    88.446; 
  42;     3.102;    26.990;    88.446; 
  43;     3.096;    26.989;    88.446; 
  44;     3.093;    26.988;    88.446; 
  45;     3.088;    26.987;    88.446; 
  46;     3.086;    26.986;    88.446; 
  47;     3.083;    26.985;    88.446; 
  48;     3.082;    26.984;    88.446; 
  49;     3.079;    26.983;    88.446; 
  50;     3.078;    26.982;    88.446; 
  51;     3.078;    26.982;    88.446; 
  52;     3.073;    26.979;    88.446; 
  53;     3.073;    26.979;    88.446; 
  54;     3.068;    26.976;    88.446; 
  55;     3.061;    26.971;    88.446; 
  56;     3.051;    26.965;    88.446; 
  57;     3.041;    26.958;    88.446; 
  58;     3.029;    26.951;    88.446; 
  59;     3.018;    26.944;    88.446; 
  60;     3.009;    26.939;    88.446; 
  61;     2.999;    26.933;    88.446; 
  62;     2.994;    26.929;    88.446; 
  63;     2.992;    26.928;    88.446; 
  64;     2.990;    26.926;    88.446; 
  65;     2.991;    26.927;    88.446; 
  66;     2.986;    26.923;    88.446; 
  67;     2.986;    26.922;    88.446; 
  68;     2.986;    26.921;    88.446; 
  69;     2.981;    26.916;    88.446; 
  70;     2.980;    26.914;    88.446; 
  71;     2.976;    26.911;    88.446; 
  72;     2.975;    26.909;    88.446; 
  73;     2.971;    26.904;    88.446; 
  74;     2.970;    26.901;    88.446; 
  75;     2.966;    26.896;    88.446; 
  76;     2.965;    26.893;    88.446; 
  77;     2.959;    26.883;    88.446; 
  78;     2.957;    26.880;    88.446; 
  79;     2.951;    26.870;    88.446; 
  80;     2.946;    26.861;    88.446; 
  81;     2.939;    26.850;    88.446; 
  82;     2.936;    26.843;    88.446; 
  83;     2.930;    26.834;    88.446; 
  84;     2.927;    26.827;    88.446; 
  85;     2.923;    26.819;    88.446; 
  86;     2.916;    26.808;    88.446; 
  87;     2.913;    26.802;    88.446; 
  88;     2.907;    26.791;    88.446; 
  89;     2.902;    26.782;    88.446; 
  90;     2.895;    26.769;    88.446; 
  91;     2.890;    26.761;    88.446; 
  92;     2.885;    26.751;    88.446; 
  93;     2.881;    26.744;    88.446; 
  94;     2.875;    26.733;    88.446; 
  95;     2.871;    26.726;    88.446; 
  96;     2.865;    26.717;    88.446; 
  97;     2.861;    26.708;    88.446; 
  98;     2.854;    26.696;    88.446; 
  99;     2.848;    26.686;    88.446; 
 100;     2.844;    26.678;    88.446; 
 101;     2.842;    26.674;    88.446; 
 102;     2.836;    26.663;    88.446; 
 103;     2.831;    26.654;    88.446; 
 104;     2.825;    26.644;    88.446; 
 105;     2.820;    26.634;    88.446; 
 106;     2.816;    26.626;    88.446; 
 107;     2.812;    26.619;    88.446; 
 108;     2.809;    26.612;    88.446; 
 109;     2.802;    26.599;    88.446; 
 110;     2.797;    26.589;    88.446; 
 111;     2.790;    26.577;    88.446; 
 112;     2.783;    26.565;    88.446; 
 113;     2.781;    26.561;    88.446; 
 114;     2.776;    26.551;    88.446; 
 115;     2.772;    26.543;    88.446; 
 116;     2.765;    26.530;    88.446; 
 117;     2.759;    26.520;    88.446; 
 118;     2.755;    26.513;    88.446; 
 119;     2.750;    26.503;    88.446; 
 120;     2.744;    26.493;    88.446; 
 121;     2.742;    26.488;    88.446; 
 122;     2.737;    26.479;    88.446; 
 123;     2.733;    26.472;    88.446; 
 124;     2.730;    26.465;    88.446; 
 125;     2.728;    26.459;    88.446; 
 126;     2.720;    26.443;    88.446; 
 127;     2.712;    26.428;    88.446; 
 128;     2.706;    26.417;    88.446; 
 129;     2.700;    26.406;    88.446; 
 130;     2.692;    26.393;    88.446; 
 131;     2.690;    26.390;    88.446; 
 132;     2.686;    26.383;    88.446; 
 133;     2.631;    26.271;    88.446; 
 134;     2.619;    26.249;    88.446; 
 135;     2.617;    26.244;    88.446; 
 136;     2.610;    26.232;    88.446; 
 137;     2.608;    26.228;    88.446; 
 138;     2.604;    26.220;    88.446; 
 139;     2.599;    26.211;    88.446; 
 140;     2.596;    26.204;    88.446; 
 141;     2.591;    26.194;    88.446; 
 142;     2.587;    26.187;    88.446; 
 143;     2.581;    26.175;    88.446; 
 144;     2.577;    26.165;    88.446; 
 145;     2.573;    26.158;    88.446; 
 146;     2.570;    26.150;    88.446; 
 147;     2.564;    26.138;    88.446; 
 148;     2.560;    26.131;    88.446; 
 149;     2.555;    26.120;    88.446; 
 150;     2.551;    26.112;    88.446; 
 151;     2.547;    26.104;    88.446; 
 152;     2.541;    26.091;    88.446; 
 153;     2.537;    26.082;    88.446; 
 154;     2.531;    26.070;    88.446; 
 155;     2.527;    26.062;    88.446; 
 156;     2.523;    26.052;    88.446; 
 157;     2.519;    26.044;    88.446; 
 158;     2.516;    26.038;    88.446; 
 159;     2.511;    26.027;    88.446; 
 160;     2.506;    26.016;    88.446; 
 161;     2.501;    26.006;    88.446; 
 162;     2.499;    26.002;    88.446; 
 163;     2.497;    25.996;    88.446; 
 164;     2.494;    25.990;    88.446; 
 165;     2.491;    25.981;    88.446; 
 166;     2.487;    25.971;    88.446; 
 167;     2.473;    25.942;    88.446; 
 168;     2.467;    25.930;    88.446; 
 169;     2.464;    25.924;    88.446; 
 170;     2.462;    25.919;    88.446; 
 171;     2.459;    25.913;    88.446; 
 172;     2.454;    25.903;    88.446; 
 173;     2.451;    25.894;    88.446; 
 174;     2.448;    25.887;    88.446; 
 175;     2.443;    25.876;    88.446; 
 176;     2.440;    25.868;    88.446; 
 177;     2.436;    25.859;    88.446; 
 178;     2.428;    25.843;    88.446; 
 179;     2.425;    25.834;    88.446; 
 180;     2.422;    25.829;    88.446; 
 181;     2.418;    25.818;    88.446; 
 182;     2.414;    25.810;    88.446; 
 183;     2.410;    25.800;    88.446; 
 184;     2.407;    25.793;    88.446; 
 185;     2.402;    25.780;    88.446; 
 186;     2.396;    25.769;    88.446; 
 187;     2.393;    25.761;    88.446; 
 188;     2.387;    25.748;    88.446; 
 189;     2.386;    25.743;    88.446; 
 190;     2.381;    25.732;    88.446; 
 191;     2.378;    25.727;    88.446; 
 192;     2.373;    25.714;    88.446; 
 193;     2.367;    25.701;    88.446; 
 194;     2.362;    25.689;    88.446; 
 195;     2.360;    25.684;    88.446; 
 196;     2.358;    25.678;    88.446; 
 197;     2.355;    25.671;    88.446; 
 198;     2.353;    25.665;    88.446; 
 199;     2.349;    25.656;    88.446; 
 200;     2.343;    25.641;    88.446; 
 201;     2.338;    25.627;    88.446; 
 202;     2.332;    25.614;    88.446; 
 203;     2.329;    25.607;    88.446; 
 204;     2.325;    25.596;    88.446; 
 205;     2.320;    25.586;    88.446; 
 206;     2.318;    25.579;    88.446; 
 207;     2.313;    25.568;    88.446; 
 208;     2.309;    25.559;    88.446; 
 209;     2.306;    25.551;    88.446; 
 210;     2.303;    25.542;    88.446; 
 211;     2.298;    25.531;    88.446; 
 212;     2.297;    25.527;    88.446; 
 213;     2.293;    25.518;    88.446; 
 214;     2.292;    25.513;    88.446; 
 215;     2.287;    25.499;    88.446; 
 216;     2.280;    25.481;    88.446; 
 217;     2.276;    25.472;    88.446; 
 218;     2.275;    25.468;    88.446; 
 219;     2.274;    25.466;    88.446; 
 220;     2.274;    25.464;    88.446; 
 221;     2.267;    25.442;    88.446; 
 222;     2.263;    25.431;    88.446; 
 223;     2.255;    25.409;    88.446; 
 224;     2.249;    25.394;    88.446; 
 225;     2.244;    25.383;    88.446; 
 226;     2.241;    25.376;    88.446; 
 227;     2.237;    25.366;    88.446; 
 228;     2.237;    25.366;    88.446; 
 229;     2.233;    25.357;    88.446; 
 230;     2.232;    25.351;    88.446; 
 231;     2.228;    25.342;    88.446; 
 232;     2.225;    25.333;    88.446; 
 233;     2.221;    25.323;    88.446; 
 234;     2.220;    25.318;    88.446; 
 235;     2.217;    25.307;    88.446; 
 236;     2.216;    25.303;    88.446; 
 237;     2.215;    25.300;    88.446; 
 238;     2.212;    25.289;    88.446; 
 239;     2.207;    25.273;    88.446; 
 240;     2.201;    25.253;    88.446; 
 241;     2.194;    25.235;    88.446; 
 242;     2.191;    25.227;    88.446; 
 243;     2.187;    25.217;    88.446; 
 244;     2.184;    25.207;    88.446; 
 245;     2.180;    25.198;    88.446; 
 246;     2.178;    25.190;    88.446; 
 247;     2.175;    25.183;    88.446; 
 248;     2.173;    25.177;    88.446; 
 249;     2.170;    25.168;    88.446; 
 250;     2.169;    25.163;    88.446; 
 251;     2.166;    25.153;    88.446; 
 252;     2.164;    25.146;    88.446; 
 253;     2.159;    25.130;    88.446; 
 254;     2.157;    25.123;    88.446; 
 255;     2.153;    25.109;    88.446; 
 256;     2.151;    25.103;    88.446; 
 257;     2.144;    25.082;    88.446; 
 258;     2.137;    25.064;    88.446; 
 259;     2.131;    25.048;    88.446; 
 260;     2.126;    25.037;    88.446; 
 261;     2.120;    25.023;    88.446; 
 262;     2.117;    25.017;    88.446; 
 263;     2.112;    25.006;    88.446; 
 264;     2.102;    24.984;    88.446; 
 265;     2.078;    24.946;    88.446; 
 266;     2.051;    24.914;    88.446; 
 267;     1.943;    24.844;    88.446; 
 268;     1.852;    24.829;    88.446; 
 269;     1.826;    24.829;    88.446; 
 270;     1.812;    24.830;    88.446; 
 271;     1.799;    24.831;    88.446; 
 272;     1.788;    24.832;    88.446; 
 273;     1.776;    24.833;    88.446; 
 274;     1.765;    24.833;    88.446; 
 275;     1.753;    24.834;    88.446; 
 276;     1.746;    24.835;    88.446; 
 277;     1.738;    24.835;    88.446; 
 278;     1.723;    24.836;    88.446; 
 279;     1.711;    24.837;    88.446; 
 280;     1.702;    24.838;    88.446; 
 281;     1.692;    24.839;    88.446; 
 282;     1.684;    24.839;    88.446; 
 283;     1.671;    24.840;    88.446; 
 284;     1.656;    24.842;    88.446; 
 285;     1.645;    24.843;    88.446; 
 286;     1.638;    24.843;    88.446; 
 287;     1.632;    24.843;    88.446; 
 288;     1.627;    24.844;    88.446; 
 289;     1.616;    24.844;    88.446; 
 290;     1.606;    24.845;    88.446; 
 291;     1.595;    24.845;    88.446; 
 292;     1.586;    24.845;    88.446; 
 293;     1.578;    24.845;    88.446; 
 294;     1.563;    24.846;    88.446; 
 295;     1.538;    24.848;    88.446; 
 296;     1.524;    24.850;    88.446; 
 297;     1.517;    24.850;    88.446; 
 298;     1.514;    24.851;    88.446; 
 299;     1.512;    24.851;    88.446; 
 300;     1.496;    24.851;    88.446; 
 301;     1.468;    24.854;    88.446; 
 302;     1.445;    24.858;    88.446; 
 303;     1.409;    24.867;    88.446; 
 304;     1.323;    24.911;    88.446; 
 305;     1.245;    25.006;    88.446; 
 306;     1.227;    25.051;    88.446; 
 307;     1.222;    25.068;    88.446; 
 308;     1.215;    25.095;    88.446; 
 309;     1.215;    25.094;    88.446; 
 310;     1.212;    25.104;    88.446; 
 311;     1.207;    25.124;    88.446; 
 312;     1.203;    25.146;    88.446; 
 313;     1.201;    25.156;    88.446; 
 314;     1.200;    25.162;    88.446; 
 315;     1.198;    25.172;    88.446; 
 316;     1.195;    25.186;    88.446; 
 317;     1.193;    25.194;    88.446; 
 318;     1.191;    25.206;    88.446; 
 319;     1.189;    25.218;    88.446; 
 320;     1.188;    25.223;    88.446; 
 321;     1.185;    25.233;    88.446; 
 322;     1.182;    25.252;    88.446; 
 323;     1.180;    25.261;    88.446; 
 324;     1.179;    25.271;    88.446; 
 325;     1.177;    25.279;    88.446; 
 326;     1.175;    25.290;    88.446; 
 327;     1.172;    25.305;    88.446; 
 328;     1.171;    25.313;    88.446; 
 329;     1.169;    25.322;    88.446; 
 330;     1.168;    25.330;    88.446; 
 331;     1.166;    25.337;    88.446; 
 332;     1.164;    25.350;    88.446; 
 333;     1.161;    25.360;    88.446; 
 334;     1.160;    25.368;    88.446; 
 335;     1.157;    25.380;    88.446; 
 336;     1.155;    25.390;    88.446; 
 337;     1.153;    25.401;    88.446; 
 338;     1.151;    25.411;    88.446; 
 339;     1.149;    25.419;    88.446; 
 340;     1.147;    25.429;    88.446; 
 341;     1.146;    25.434;    88.446; 
 342;     1.143;    25.446;    88.446; 
 343;     1.139;    25.462;    88.446; 
 344;     1.136;    25.475;    88.446; 
 345;     1.135;    25.482;    88.446; 
 346;     1.133;    25.489;    88.446; 
 347;     1.132;    25.493;    88.446; 
 348;     1.130;    25.502;    88.446; 
 349;     1.126;    25.514;    88.446; 
 350;     1.125;    25.519;    88.446; 
 351;     1.120;    25.538;    88.446; 
 352;     1.115;    25.563;    88.446; 
 353;     1.113;    25.579;    88.446; 
 354;     1.112;    25.582;    88.446; 
 355;     1.111;    25.585;    88.446; 
 356;     1.110;    25.588;    88.446; 
 357;     1.109;    25.595;    88.446; 
 358;     1.106;    25.603;    88.446; 
 359;     1.104;    25.609;    88.446; 
 360;     1.101;    25.622;    88.446; 
 361;     1.099;    25.627;    88.446; 
 362;     1.095;    25.641;    88.446; 
 363;     1.093;    25.650;    88.446; 
 364;     1.089;    25.663;    88.446; 
 365;     1.085;    25.678;    88.446; 
 366;     1.081;    25.695;    88.446; 
 367;     1.079;    25.706;    88.446; 
 368;     1.076;    25.716;    88.446; 
 369;     1.074;    25.724;    88.446; 
 370;     1.073;    25.731;    88.446; 
 371;     1.071;    25.737;    88.446; 
 372;     1.068;    25.749;    88.446; 
 373;     1.065;    25.758;    88.446; 
 374;     1.062;    25.769;    88.446; 
 375;     1.060;    25.778;    88.446; 
 376;     1.057;    25.788;    88.446; 
 377;     1.054;    25.800;    88.446; 
 378;     1.051;    25.809;    88.446; 
 379;     1.049;    25.817;    88.446; 
 380;     1.046;    25.824;    88.446; 
 381;     1.044;    25.833;    88.446; 
 382;     1.040;    25.846;    88.446; 
 383;     1.036;    25.857;    88.446; 
 384;     1.033;    25.868;    88.446; 
 385;     1.030;    25.879;    88.446; 
 386;     1.028;    25.886;    88.446; 
 387;     1.025;    25.894;    88.446; 
 388;     1.020;    25.913;    88.446; 
 389;     1.018;    25.921;    88.446; 
 390;     1.014;    25.934;    88.446; 
 391;     1.012;    25.939;    88.446; 
 392;     1.009;    25.951;    88.446; 
 393;     1.006;    25.961;    88.446; 
 394;     1.003;    25.970;    88.446; 
 395;     1.001;    25.976;    88.446; 
 396;      .998;    25.986;    88.446; 
 397;      .995;    25.995;    88.446; 
 398;      .992;    26.005;    88.446; 
 399;      .988;    26.016;    88.446; 
 400;      .983;    26.033;    88.446; 
 401;      .980;    26.044;    88.446; 
 402;      .978;    26.052;    88.446; 
 403;      .975;    26.060;    88.446; 
 404;      .972;    26.069;    88.446; 
 405;      .970;    26.076;    88.446; 
 406;      .966;    26.087;    88.446; 
 407;      .963;    26.099;    88.446; 
 408;      .961;    26.105;    88.446; 
 409;      .959;    26.109;    88.446; 
 410;      .955;    26.120;    88.446; 
 411;      .952;    26.128;    88.446; 
 412;      .946;    26.147;    88.446; 
 413;      .941;    26.162;    88.446; 
 414;      .939;    26.171;    88.446; 
 415;      .935;    26.181;    88.446; 
 416;      .933;    26.188;    88.446; 
 417;      .930;    26.197;    88.446; 
 418;      .928;    26.204;    88.446; 
 419;      .926;    26.211;    88.446; 
 420;      .921;    26.224;    88.446; 
 421;      .918;    26.233;    88.446; 
 422;      .914;    26.246;    88.446; 
 423;      .911;    26.253;    88.446; 
 424;      .907;    26.267;    88.446; 
 425;      .905;    26.272;    88.446; 
 426;      .901;    26.283;    88.446; 
 427;      .898;    26.292;    88.446; 
 428;      .895;    26.298;    88.446; 
 429;      .892;    26.306;    88.446; 
 430;      .889;    26.314;    88.446; 
 431;      .885;    26.327;    88.446; 
 432;      .879;    26.343;    88.446; 
 433;      .874;    26.357;    88.446; 
 434;      .871;    26.368;    88.446; 
 435;      .868;    26.378;    88.446; 
 436;      .866;    26.382;    88.446; 
 437;      .863;    26.392;    88.446; 
 438;      .858;    26.406;    88.446; 
 439;      .855;    26.415;    88.446; 
 440;      .852;    26.424;    88.446; 
 441;      .849;    26.432;    88.446; 
 442;      .848;    26.435;    88.446; 
 443;      .846;    26.439;    88.446; 
 444;      .839;    26.457;    88.446; 
 445;      .834;    26.471;    88.446; 
 446;      .830;    26.484;    88.446; 
 447;      .827;    26.491;    88.446; 
 448;      .824;    26.499;    88.446; 
 449;      .822;    26.505;    88.446; 
 450;      .821;    26.507;    88.446; 
 451;      .818;    26.513;    88.446; 
 452;      .818;    26.513;    88.446; 
 453;      .812;    26.527;    88.446; 
 454;      .800;    26.556;    88.446; 
 455;      .795;    26.573;    88.446; 
 456;      .792;    26.579;    88.446; 
 457;      .791;    26.581;    88.446; 
 458;      .788;    26.589;    88.446; 
 459;      .783;    26.603;    88.446; 
 460;      .778;    26.618;    88.446; 
 461;      .775;    26.626;    88.446; 
 462;      .772;    26.634;    88.446; 
 463;      .769;    26.643;    88.446; 
 464;      .765;    26.655;    88.446; 
 465;      .762;    26.662;    88.446; 
 466;      .758;    26.675;    88.446; 
 467;      .758;    26.674;    88.446; 
 468;      .755;    26.679;    88.446; 
 469;      .753;    26.685;    88.446; 
 470;      .746;    26.701;    88.446; 
 471;      .738;    26.722;    88.446; 
 472;      .733;    26.735;    88.446; 
 473;      .731;    26.742;    88.446; 
 474;      .729;    26.745;    88.446; 
 475;      .726;    26.752;    88.446; 
 476;      .720;    26.767;    88.446; 
 477;      .714;    26.784;    88.446; 
 478;      .710;    26.797;    88.446; 
 479;      .707;    26.804;    88.446; 
 480;      .705;    26.809;    88.446; 
 481;      .701;    26.818;    88.446; 
 482;      .697;    26.828;    88.446; 
 483;      .694;    26.835;    88.446; 
 484;      .690;    26.846;    88.446; 
 485;      .687;    26.853;    88.446; 
 486;      .681;    26.867;    88.446; 
 487;      .678;    26.875;    88.446; 
 488;      .675;    26.883;    88.446; 
 489;      .670;    26.896;    88.446; 
 490;      .665;    26.907;    88.446; 
 491;      .662;    26.913;    88.446; 
 492;      .659;    26.921;    88.446; 
 493;      .654;    26.933;    88.446; 
 494;      .650;    26.944;    88.446; 
 495;      .647;    26.952;    88.446; 
 496;      .642;    26.963;    88.446; 
 497;      .636;    26.978;    88.446; 
 498;      .634;    26.983;    88.446; 
 499;      .632;    26.988;    88.446; 
 500;      .627;    27.000;    88.446; 
 501;      .626;    27.001;    88.446; 
 502;      .622;    27.010;    88.446; 
 503;      .620;    27.013;    88.446; 
 504;      .619;    27.016;    88.446; 
 505;      .616;    27.020;    88.446; 
 506;      .615;    27.022;    88.446; 
 507;      .607;    27.034;    88.446; 
 508;      .603;    27.041;    88.446; 
 509;      .596;    27.053;    88.446; 
 510;      .589;    27.065;    88.446; 
 511;      .579;    27.083;    88.446; 
 512;      .575;    27.089;    88.446; 
 513;      .572;    27.096;    88.446; 
 514;      .572;    27.094;    88.446; 
 515;      .569;    27.098;    88.446; 
 516;      .570;    27.097;    88.446; 
 517;      .570;    27.097;    88.446; 
 518;      .566;    27.101;    88.446; 
 519;      .565;    27.102;    88.446; 
 520;      .563;    27.104;    88.446; 
 521;      .562;    27.105;    88.446; 
 522;      .557;    27.109;    88.446; 
 523;      .557;    27.109;    88.446; 
 524;      .554;    27.111;    88.446; 
 525;      .548;    27.115;    88.446; 
 526;      .546;    27.117;    88.446; 
 527;      .543;    27.118;    88.446; 
 528;      .540;    27.120;    88.446; 
 529;      .540;    27.120;    88.446; 
 530;      .535;    27.122;    88.446; 
 531;      .537;    27.121;    88.446; 
 532;      .530;    27.124;    88.446; 
 533;      .517;    27.129;    88.446; 
 534;      .498;    27.138;    88.446; 
 535;      .488;    27.144;    88.446; 
 536;      .481;    27.147;    88.446; 
 537;      .478;    27.148;    88.446; 
 538;      .475;    27.149;    88.446; 
 539;      .474;    27.149;    88.446; 
 540;      .472;    27.150;    88.446; 
 541;      .470;    27.150;    88.446; 
 542;      .469;    27.150;    88.446; 
 543;      .468;    27.150;    88.446; 
 544;      .464;    27.150;    88.446; 
 545;      .458;    27.151;    88.446; 
 546;      .456;    27.151;    88.446; 
 547;      .452;    27.151;    88.446; 
 548;      .452;    27.151;    88.446; 
 549;      .446;    27.151;    88.446; 
 550;      .443;    27.151;    88.446; 
 551;      .433;    27.151;    88.446; 
 552;      .413;    27.151;    88.446; 
 553;      .392;    27.152;    88.446; 
 554;      .373;    27.154;    88.446; 
 555;      .368;    27.154;    88.446; 
 556;      .366;    27.154;    88.446; 
 557;      .363;    27.154;    88.446; 
 558;      .353;    27.154;    88.446; 
 559;      .343;    27.154;    88.446; 
 560;      .331;    27.154;    88.446; 
 561;      .313;    27.154;    88.446; 
 562;      .307;    27.155;    88.446; 
 563;      .304;    27.154;    88.446; 
 564;      .299;    27.154;    88.446; 
 565;      .285;    27.154;    88.446; 
 566;      .272;    27.154;    88.446; 
 567;      .266;    27.154;    88.446; 
 568;      .251;    27.154;    88.446; 
 569;      .238;    27.154;    88.446; 
 570;      .230;    27.154;    88.446; 
 571;      .224;    27.154;    88.446; 
 572;      .220;    27.153;    88.446; 
 573;      .212;    27.153;    88.446; 
 574;      .185;    27.153;    88.446; 
 575;      .157;    27.154;    88.446; 
 576;      .145;    27.155;    88.446; 
 577;      .138;    27.156;    88.446; 
 578;      .134;    27.156;    88.446; 
 579;      .128;    27.156;    88.446; 
 580;      .122;    27.156;    88.446; 
 581;      .115;    27.156;    88.446; 
 582;      .110;    27.156;    88.446; 
 583;      .095;    27.156;    88.446; 
 584;      .080;    27.156;    88.446; 
 585;      .071;    27.156;    88.446; 
 586;      .062;    27.155;    88.446; 
 587;      .046;    27.156;    88.446; 
 588;      .029;    27.156;    88.446; 
 589;      .014;    27.157;    88.446; 
 590;      .005;    27.157;    88.446; 
 591;      .001;    27.158;    88.446; 
 592;     -.005;    27.158;    88.446; 
 593;     -.006;    27.157;    88.446; 
 594;     -.009;    27.157;    88.446; 
 595;     -.011;    27.157;    88.446; 
 596;     -.021;    27.156;    88.446; 
 597;     -.033;    27.155;    88.446; 
 598;     -.053;    27.154;    88.446; 
 599;     -.068;    27.153;    88.446; 
 600;     -.079;    27.153;    88.446; 
 601;     -.086;    27.153;    88.446; 
 602;     -.091;    27.152;    88.446; 
 603;     -.096;    27.152;    88.446; 
 604;     -.100;    27.151;    88.446; 
 605;     -.105;    27.151;    88.446; 
 606;     -.104;    27.150;    88.446; 
 607;     -.108;    27.150;    88.446; 
 608;     -.113;    27.148;    88.446; 
 609;     -.121;    27.146;    88.446; 
 610;     -.124;    27.145;    88.446; 
 611;     -.128;    27.144;    88.446; 
 612;     -.137;    27.141;    88.446; 
 613;     -.148;    27.138;    88.446; 
 614;     -.156;    27.135;    88.446; 
 615;     -.164;    27.133;    88.446; 
 616;     -.172;    27.130;    88.446; 
 617;     -.181;    27.127;    88.446; 
 618;     -.181;    27.127;    88.446; 
 619;     -.183;    27.126;    88.446; 
 620;     -.189;    27.123;    88.446; 
 621;     -.195;    27.120;    88.446; 
 622;     -.198;    27.119;    88.446; 
 623;     -.204;    27.116;    88.446; 
 624;     -.214;    27.111;    88.446; 
 625;     -.225;    27.105;    88.446; 
 626;     -.227;    27.104;    88.446; 
 627;     -.232;    27.101;    88.446; 
 628;     -.234;    27.099;    88.446; 
 629;     -.236;    27.098;    88.446; 
 630;     -.237;    27.097;    88.446; 
 631;     -.239;    27.095;    88.446; 
 632;     -.239;    27.095;    88.446; 
 633;     -.241;    27.092;    88.446; 
 634;     -.240;    27.093;    88.446; 
 635;     -.243;    27.090;    88.446; 
 636;     -.243;    27.090;    88.446; 
 637;     -.245;    27.087;    88.446; 
 638;     -.243;    27.089;    88.446; 
 639;     -.246;    27.084;    88.446; 
 640;     -.247;    27.083;    88.446; 
 641;     -.248;    27.080;    88.446; 
 642;     -.253;    27.072;    88.446; 
 643;     -.258;    27.062;    88.446; 
 644;     -.267;    27.047;    88.446; 
 645;     -.275;    27.034;    88.446; 
 646;     -.278;    27.029;    88.446; 
 647;     -.278;    27.029;    88.446; 
 648;     -.281;    27.023;    88.446; 
 649;     -.284;    27.017;    88.446; 
 650;     -.287;    27.009;    88.446; 
 651;     -.293;    26.997;    88.446; 
 652;     -.300;    26.984;    88.446; 
 653;     -.303;    26.978;    88.446; 
 654;     -.306;    26.972;    88.446; 
 655;     -.307;    26.969;    88.446; 
 656;     -.308;    26.965;    88.446; 
 657;     -.310;    26.960;    88.446; 
 658;     -.316;    26.945;    88.446; 
 659;     -.321;    26.933;    88.446; 
 660;     -.330;    26.912;    88.446; 
 661;     -.337;    26.897;    88.446; 
 662;     -.340;    26.890;    88.446; 
 663;     -.343;    26.884;    88.446; 
 664;     -.344;    26.881;    88.446; 
 665;     -.346;    26.877;    88.446; 
 666;     -.348;    26.871;    88.446; 
 667;     -.349;    26.868;    88.446; 
 668;     -.352;    26.860;    88.446; 
 669;     -.359;    26.840;    88.446; 
 670;     -.370;    26.816;    88.446; 
 671;     -.375;    26.804;    88.446; 
 672;     -.377;    26.800;    88.446; 
 673;     -.380;    26.793;    88.446; 
 674;     -.382;    26.788;    88.446; 
 675;     -.386;    26.778;    88.446; 
 676;     -.391;    26.766;    88.446; 
 677;     -.395;    26.757;    88.446; 
 678;     -.399;    26.746;    88.446; 
 679;     -.404;    26.735;    88.446; 
 680;     -.409;    26.724;    88.446; 
 681;     -.414;    26.711;    88.446; 
 682;     -.417;    26.704;    88.446; 
 683;     -.420;    26.698;    88.446; 
 684;     -.425;    26.686;    88.446; 
 685;     -.427;    26.680;    88.446; 
 686;     -.431;    26.671;    88.446; 
 687;     -.434;    26.664;    88.446; 
 688;     -.437;    26.654;    88.446; 
 689;     -.441;    26.644;    88.446; 
 690;     -.444;    26.637;    88.446; 
 691;     -.447;    26.628;    88.446; 
 692;     -.452;    26.615;    88.446; 
 693;     -.455;    26.606;    88.446; 
 694;     -.459;    26.596;    88.446; 
 695;     -.462;    26.586;    88.446; 
 696;     -.465;    26.578;    88.446; 
 697;     -.471;    26.563;    88.446; 
 698;     -.477;    26.549;    88.446; 
 699;     -.479;    26.542;    88.446; 
 700;     -.484;    26.529;    88.446; 
 701;     -.486;    26.524;    88.446; 
 702;     -.490;    26.512;    88.446; 
 703;     -.495;    26.501;    88.446; 
 704;     -.499;    26.491;    88.446; 
 705;     -.504;    26.479;    88.446; 
 706;     -.506;    26.474;    88.446; 
 707;     -.510;    26.462;    88.446; 
 708;     -.512;    26.456;    88.446; 
 709;     -.515;    26.449;    88.446; 
 710;     -.518;    26.440;    88.446; 
 711;     -.523;    26.427;    88.446; 
 712;     -.526;    26.417;    88.446; 
 713;     -.531;    26.403;    88.446; 
 714;     -.533;    26.398;    88.446; 
 715;     -.537;    26.386;    88.446; 
 716;     -.541;    26.375;    88.446; 
 717;     -.544;    26.368;    88.446; 
 718;     -.548;    26.358;    88.446; 
 719;     -.550;    26.350;    88.446; 
 720;     -.554;    26.339;    88.446; 
 721;     -.558;    26.328;    88.446; 
 722;     -.562;    26.318;    88.446; 
 723;     -.564;    26.310;    88.446; 
 724;     -.570;    26.296;    88.446; 
 725;     -.571;    26.292;    88.446; 
 726;     -.574;    26.281;    88.446; 
 727;     -.577;    26.273;    88.446; 
 728;     -.582;    26.258;    88.446; 
 729;     -.586;    26.247;    88.446; 
 730;     -.589;    26.239;    88.446; 
 731;     -.593;    26.229;    88.446; 
 732;     -.595;    26.221;    88.446; 
 733;     -.597;    26.214;    88.446; 
 734;     -.599;    26.208;    88.446; 
 735;     -.603;    26.197;    88.446; 
 736;     -.607;    26.182;    88.446; 
 737;     -.613;    26.165;    88.446; 
 738;     -.615;    26.160;    88.446; 
 739;     -.620;    26.146;    88.446; 
 740;     -.621;    26.141;    88.446; 
 741;     -.626;    26.128;    88.446; 
 742;     -.628;    26.122;    88.446; 
 743;     -.633;    26.106;    88.446; 
 744;     -.636;    26.098;    88.446; 
 745;     -.638;    26.091;    88.446; 
 746;     -.642;    26.080;    88.446; 
 747;     -.645;    26.069;    88.446; 
 748;     -.648;    26.061;    88.446; 
 749;     -.651;    26.050;    88.446; 
 750;     -.653;    26.045;    88.446; 
 751;     -.657;    26.033;    88.446; 
 752;     -.659;    26.023;    88.446; 
 753;     -.664;    26.009;    88.446; 
 754;     -.668;    25.998;    88.446; 
 755;     -.670;    25.991;    88.446; 
 756;     -.673;    25.981;    88.446; 
 757;     -.674;    25.977;    88.446; 
 758;     -.677;    25.965;    88.446; 
 759;     -.680;    25.957;    88.446; 
 760;     -.684;    25.943;    88.446; 
 761;     -.687;    25.932;    88.446; 
 762;     -.691;    25.920;    88.446; 
 763;     -.695;    25.907;    88.446; 
 764;     -.696;    25.903;    88.446; 
 765;     -.699;    25.893;    88.446; 
 766;     -.703;    25.880;    88.446; 
 767;     -.704;    25.876;    88.446; 
 768;     -.709;    25.860;    88.446; 
 769;     -.711;    25.852;    88.446; 
 770;     -.714;    25.844;    88.446; 
 771;     -.717;    25.833;    88.446; 
 772;     -.720;    25.822;    88.446; 
 773;     -.722;    25.815;    88.446; 
 774;     -.726;    25.802;    88.446; 
 775;     -.727;    25.797;    88.446; 
 776;     -.731;    25.785;    88.446; 
 777;     -.733;    25.778;    88.446; 
 778;     -.736;    25.767;    88.446; 
 779;     -.737;    25.760;    88.446; 
 780;     -.740;    25.750;    88.446; 
 781;     -.742;    25.744;    88.446; 
 782;     -.747;    25.725;    88.446; 
 783;     -.752;    25.709;    88.446; 
 784;     -.754;    25.702;    88.446; 
 785;     -.756;    25.691;    88.446; 
 786;     -.758;    25.686;    88.446; 
 787;     -.759;    25.680;    88.446; 
 788;     -.762;    25.670;    88.446; 
 789;     -.764;    25.662;    88.446; 
 790;     -.767;    25.649;    88.446; 
 791;     -.770;    25.638;    88.446; 
 792;     -.774;    25.624;    88.446; 
 793;     -.777;    25.612;    88.446; 
 794;     -.779;    25.604;    88.446; 
 795;     -.782;    25.591;    88.446; 
 796;     -.784;    25.585;    88.446; 
 797;     -.786;    25.576;    88.446; 
 798;     -.788;    25.569;    88.446; 
 799;     -.790;    25.562;    88.446; 
 800;     -.792;    25.550;    88.446; 
 801;     -.794;    25.543;    88.446; 
 802;     -.797;    25.530;    88.446; 
 803;     -.799;    25.520;    88.446; 
 804;     -.801;    25.512;    88.446; 
 805;     -.804;    25.499;    88.446; 
 806;     -.808;    25.483;    88.446; 
 807;     -.810;    25.473;    88.446; 
 808;     -.813;    25.464;    88.446; 
 809;     -.815;    25.454;    88.446; 
 810;     -.816;    25.449;    88.446; 
 811;     -.819;    25.438;    88.446; 
 812;     -.821;    25.429;    88.446; 
 813;     -.824;    25.415;    88.446; 
 814;     -.826;    25.406;    88.446; 
 815;     -.829;    25.395;    88.446; 
 816;     -.831;    25.385;    88.446; 
 817;     -.832;    25.381;    88.446; 
 818;     -.832;    25.378;    88.446; 
 819;     -.834;    25.368;    88.446; 
 820;     -.836;    25.355;    88.446; 
 821;     -.839;    25.341;    88.446; 
 822;     -.843;    25.322;    88.446; 
 823;     -.846;    25.313;    88.446; 
 824;     -.846;    25.308;    88.446; 
 825;     -.849;    25.298;    88.446; 
 826;     -.850;    25.291;    88.446; 
 827;     -.853;    25.275;    88.446; 
 828;     -.855;    25.269;    88.446; 
 829;     -.857;    25.259;    88.446; 
 830;     -.858;    25.251;    88.446; 
 831;     -.862;    25.234;    88.446; 
 832;     -.865;    25.221;    88.446; 
 833;     -.866;    25.213;    88.446; 
 834;     -.869;    25.202;    88.446; 
 835;     -.869;    25.199;    88.446; 
 836;     -.870;    25.192;    88.446; 
 837;     -.871;    25.189;    88.446; 
 838;     -.874;    25.170;    88.446; 
 839;     -.877;    25.155;    88.446; 
 840;     -.879;    25.146;    88.446; 
 841;     -.880;    25.137;    88.446; 
 842;     -.883;    25.123;    88.446; 
 843;     -.887;    25.105;    88.446; 
 844;     -.891;    25.088;    88.446; 
 845;     -.894;    25.078;    88.446; 
 846;     -.898;    25.062;    88.446; 
 847;     -.906;    25.039;    88.446; 
 848;     -.920;    25.007;    88.446; 
 849;     -.937;    24.976;    88.446; 
 850;    -1.006;    24.900;    88.446; 
 851;    -1.101;    24.855;    88.446; 
 852;    -1.135;    24.848;    88.446; 
 853;    -1.161;    24.844;    88.446; 
 854;    -1.172;    24.843;    88.446; 
 855;    -1.179;    24.842;    88.446; 
 856;    -1.200;    24.840;    88.446; 
 857;    -1.222;    24.839;    88.446; 
 858;    -1.228;    24.838;    88.446; 
 859;    -1.231;    24.838;    88.446; 
 860;    -1.233;    24.838;    88.446; 
 861;    -1.241;    24.837;    88.446; 
 862;    -1.258;    24.835;    88.446; 
 863;    -1.277;    24.834;    88.446; 
 864;    -1.293;    24.833;    88.446; 
 865;    -1.313;    24.833;    88.446; 
 866;    -1.326;    24.833;    88.446; 
 867;    -1.334;    24.833;    88.446; 
 868;    -1.340;    24.833;    88.446; 
 869;    -1.345;    24.833;    88.446; 
 870;    -1.353;    24.832;    88.446; 
 871;    -1.357;    24.832;    88.446; 
 872;    -1.362;    24.831;    88.446; 
 873;    -1.368;    24.831;    88.446; 
 874;    -1.381;    24.829;    88.446; 
 875;    -1.409;    24.828;    88.446; 
 876;    -1.430;    24.828;    88.446; 
 877;    -1.433;    24.827;    88.446; 
 878;    -1.439;    24.827;    88.446; 
 879;    -1.443;    24.827;    88.446; 
 880;    -1.448;    24.826;    88.446; 
 881;    -1.453;    24.826;    88.446; 
 882;    -1.461;    24.825;    88.446; 
 883;    -1.476;    24.823;    88.446; 
 884;    -1.497;    24.821;    88.446; 
 885;    -1.523;    24.821;    88.446; 
 886;    -1.547;    24.822;    88.446; 
 887;    -1.575;    24.825;    88.446; 
 888;    -1.657;    24.850;    88.446; 
 889;    -1.755;    24.930;    88.446; 
 890;    -1.789;    24.987;    88.446; 
 891;    -1.795;    25.001;    88.446; 
 892;    -1.798;    25.006;    88.446; 
 893;    -1.805;    25.022;    88.446; 
 894;    -1.815;    25.051;    88.446; 
 895;    -1.821;    25.070;    88.446; 
 896;    -1.826;    25.087;    88.446; 
 897;    -1.826;    25.087;    88.446; 
 898;    -1.828;    25.093;    88.446; 
 899;    -1.829;    25.095;    88.446; 
 900;    -1.830;    25.096;    88.446; 
 901;    -1.831;    25.099;    88.446; 
 902;    -1.834;    25.105;    88.446; 
 903;    -1.843;    25.127;    88.446; 
 904;    -1.857;    25.170;    88.446; 
 905;    -1.861;    25.187;    88.446; 
 906;    -1.862;    25.190;    88.446; 
 907;    -1.863;    25.195;    88.446; 
 908;    -1.864;    25.199;    88.446; 
 909;    -1.865;    25.201;    88.446; 
 910;    -1.866;    25.202;    88.446; 
 911;    -1.872;    25.219;    88.446; 
 912;    -1.878;    25.238;    88.446; 
 913;    -1.883;    25.254;    88.446; 
 914;    -1.887;    25.271;    88.446; 
 915;    -1.889;    25.277;    88.446; 
 916;    -1.890;    25.280;    88.446; 
 917;    -1.892;    25.285;    88.446; 
 918;    -1.894;    25.291;    88.446; 
 919;    -1.895;    25.295;    88.446; 
 920;    -1.900;    25.307;    88.446; 
 921;    -1.904;    25.318;    88.446; 
 922;    -1.907;    25.327;    88.446; 
 923;    -1.910;    25.337;    88.446; 
 924;    -1.916;    25.352;    88.446; 
 925;    -1.919;    25.363;    88.446; 
 926;    -1.923;    25.373;    88.446; 
 927;    -1.926;    25.381;    88.446; 
 928;    -1.929;    25.392;    88.446; 
 929;    -1.933;    25.402;    88.446; 
 930;    -1.934;    25.407;    88.446; 
 931;    -1.937;    25.413;    88.446; 
 932;    -1.940;    25.422;    88.446; 
 933;    -1.945;    25.435;    88.446; 
 934;    -1.949;    25.446;    88.446; 
 935;    -1.954;    25.459;    88.446; 
 936;    -1.957;    25.467;    88.446; 
 937;    -1.960;    25.476;    88.446; 
 938;    -1.963;    25.484;    88.446; 
 939;    -1.966;    25.491;    88.446; 
 940;    -1.969;    25.499;    88.446; 
 941;    -1.974;    25.511;    88.446; 
 942;    -1.979;    25.523;    88.446; 
 943;    -1.983;    25.536;    88.446; 
 944;    -1.986;    25.544;    88.446; 
 945;    -1.990;    25.552;    88.446; 
 946;    -1.992;    25.557;    88.446; 
 947;    -1.996;    25.569;    88.446; 
 948;    -2.000;    25.579;    88.446; 
 949;    -2.004;    25.589;    88.446; 
 950;    -2.008;    25.599;    88.446; 
 951;    -2.012;    25.609;    88.446; 
 952;    -2.016;    25.618;    88.446; 
 953;    -2.020;    25.627;    88.446; 
 954;    -2.024;    25.637;    88.446; 
 955;    -2.027;    25.645;    88.446; 
 956;    -2.031;    25.654;    88.446; 
 957;    -2.033;    25.659;    88.446; 
 958;    -2.038;    25.669;    88.446; 
 959;    -2.044;    25.684;    88.446; 
 960;    -2.050;    25.700;    88.446; 
 961;    -2.053;    25.707;    88.446; 
 962;    -2.055;    25.713;    88.446; 
 963;    -2.060;    25.724;    88.446; 
 964;    -2.064;    25.733;    88.446; 
 965;    -2.068;    25.743;    88.446; 
 966;    -2.071;    25.751;    88.446; 
 967;    -2.076;    25.762;    88.446; 
 968;    -2.079;    25.771;    88.446; 
 969;    -2.083;    25.778;    88.446; 
 970;    -2.087;    25.789;    88.446; 
 971;    -2.092;    25.800;    88.446; 
 972;    -2.096;    25.810;    88.446; 
 973;    -2.101;    25.822;    88.446; 
 974;    -2.103;    25.827;    88.446; 
 975;    -2.107;    25.836;    88.446; 
 976;    -2.110;    25.842;    88.446; 
 977;    -2.115;    25.854;    88.446; 
 978;    -2.120;    25.865;    88.446; 
 979;    -2.125;    25.876;    88.446; 
 980;    -2.130;    25.887;    88.446; 
 981;    -2.133;    25.893;    88.446; 
 982;    -2.138;    25.905;    88.446; 
 983;    -2.141;    25.913;    88.446; 
 984;    -2.146;    25.925;    88.446; 
 985;    -2.151;    25.936;    88.446; 
 986;    -2.155;    25.945;    88.446; 
 987;    -2.157;    25.950;    88.446; 
 988;    -2.163;    25.961;    88.446; 
 989;    -2.165;    25.966;    88.446; 
 990;    -2.168;    25.973;    88.446; 
 991;    -2.173;    25.983;    88.446; 
 992;    -2.180;    25.998;    88.446; 
 993;    -2.184;    26.006;    88.446; 
 994;    -2.189;    26.018;    88.446; 
 995;    -2.193;    26.026;    88.446; 
 996;    -2.197;    26.034;    88.446; 
 997;    -2.202;    26.044;    88.446; 
 998;    -2.207;    26.055;    88.446; 
 999;    -2.213;    26.068;    88.446; 
1000;    -2.217;    26.077;    88.446; 
1001;    -2.220;    26.084;    88.446; 
1002;    -2.224;    26.091;    88.446; 
1003;    -2.229;    26.102;    88.446; 
1004;    -2.234;    26.113;    88.446; 
1005;    -2.239;    26.123;    88.446; 
1006;    -2.244;    26.133;    88.446; 
1007;    -2.249;    26.145;    88.446; 
1008;    -2.252;    26.150;    88.446; 
1009;    -2.256;    26.158;    88.446; 
1010;    -2.260;    26.166;    88.446; 
1011;    -2.264;    26.175;    88.446; 
1012;    -2.270;    26.187;    88.446; 
1013;    -2.274;    26.195;    88.446; 
1014;    -2.279;    26.206;    88.446; 
1015;    -2.284;    26.216;    88.446; 
1016;    -2.289;    26.225;    88.446; 
1017;    -2.291;    26.229;    88.446; 
1018;    -2.296;    26.238;    88.446; 
1019;    -2.304;    26.256;    88.446; 
1020;    -2.309;    26.266;    88.446; 
1021;    -2.314;    26.275;    88.446; 
1022;    -2.317;    26.283;    88.446; 
1023;    -2.322;    26.293;    88.446; 
1024;    -2.327;    26.303;    88.446; 
1025;    -2.332;    26.313;    88.446; 
1026;    -2.335;    26.319;    88.446; 
1027;    -2.338;    26.325;    88.446; 
1028;    -2.344;    26.337;    88.446; 
1029;    -2.349;    26.347;    88.446; 
1030;    -2.353;    26.354;    88.446; 
1031;    -2.358;    26.364;    88.446; 
1032;    -2.362;    26.372;    88.446; 
1033;    -2.368;    26.384;    88.446; 
1034;    -2.373;    26.393;    88.446; 
1035;    -2.377;    26.402;    88.446; 
1036;    -2.382;    26.412;    88.446; 
1037;    -2.386;    26.420;    88.446; 
1038;    -2.392;    26.431;    88.446; 
1039;    -2.394;    26.434;    88.446; 
1040;    -2.398;    26.442;    88.446; 
1041;    -2.400;    26.445;    88.446; 
1042;    -2.409;    26.460;    88.446; 
1043;    -2.416;    26.473;    88.446; 
1044;    -2.425;    26.491;    88.446; 
1045;    -2.428;    26.497;    88.446; 
1046;    -2.433;    26.507;    88.446; 
1047;    -2.436;    26.514;    88.446; 
1048;    -2.443;    26.528;    88.446; 
1049;    -2.446;    26.534;    88.446; 
1050;    -2.450;    26.541;    88.446; 
1051;    -2.456;    26.552;    88.446; 
1052;    -2.460;    26.559;    88.446; 
1053;    -2.464;    26.568;    88.446; 
1054;    -2.469;    26.577;    88.446; 
1055;    -2.473;    26.584;    88.446; 
1056;    -2.481;    26.599;    88.446; 
1057;    -2.486;    26.609;    88.446; 
1058;    -2.492;    26.620;    88.446; 
1059;    -2.497;    26.631;    88.446; 
1060;    -2.501;    26.637;    88.446; 
1061;    -2.505;    26.644;    88.446; 
1062;    -2.508;    26.651;    88.446; 
1063;    -2.512;    26.658;    88.446; 
1064;    -2.517;    26.665;    88.446; 
1065;    -2.521;    26.673;    88.446; 
1066;    -2.524;    26.677;    88.446; 
1067;    -2.527;    26.683;    88.446; 
1068;    -2.533;    26.691;    88.446; 
1069;    -2.544;    26.710;    88.446; 
1070;    -2.555;    26.731;    88.446; 
1071;    -2.559;    26.739;    88.446; 
1072;    -2.562;    26.745;    88.446; 
1073;    -2.564;    26.747;    88.446; 
1074;    -2.566;    26.750;    88.446; 
1075;    -2.570;    26.756;    88.446; 
1076;    -2.581;    26.774;    88.446; 
1077;    -2.594;    26.798;    88.446; 
1078;    -2.601;    26.812;    88.446; 
1079;    -2.605;    26.821;    88.446; 
1080;    -2.607;    26.824;    88.446; 
1081;    -2.613;    26.836;    88.446; 
1082;    -2.614;    26.837;    88.446; 
1083;    -2.618;    26.844;    88.446; 
1084;    -2.622;    26.851;    88.446; 
1085;    -2.628;    26.862;    88.446; 
1086;    -2.635;    26.874;    88.446; 
1087;    -2.639;    26.881;    88.446; 
1088;    -2.643;    26.888;    88.446; 
1089;    -2.646;    26.893;    88.446; 
1090;    -2.647;    26.895;    88.446; 
1091;    -2.649;    26.897;    88.446; 
1092;    -2.653;    26.902;    88.446; 
1093;    -2.655;    26.905;    88.446; 
1094;    -2.658;    26.908;    88.446; 
1095;    -2.661;    26.911;    88.446; 
1096;    -2.664;    26.915;    88.446; 
1097;    -2.670;    26.921;    88.446; 
1098;    -2.677;    26.929;    88.446; 
1099;    -2.680;    26.932;    88.446; 
1100;    -2.684;    26.935;    88.446; 
1101;    -2.690;    26.942;    88.446; 
1102;    -2.692;    26.943;    88.446; 
1103;    -2.696;    26.946;    88.446; 
1104;    -2.700;    26.949;    88.446; 
1105;    -2.701;    26.950;    88.446; 
1106;    -2.705;    26.953;    88.446; 
1107;    -2.705;    26.953;    88.446; 
1108;    -2.711;    26.956;    88.446; 
1109;    -2.710;    26.955;    88.446; 
1110;    -2.715;    26.957;    88.446; 
1111;    -2.718;    26.959;    88.446; 
1112;    -2.724;    26.962;    88.446; 
1113;    -2.732;    26.965;    88.446; 
1114;    -2.737;    26.967;    88.446; 
1115;    -2.746;    26.971;    88.446; 
1116;    -2.749;    26.972;    88.446; 
1117;    -2.758;    26.976;    88.446; 
1118;    -2.761;    26.976;    88.446; 
1119;    -2.770;    26.979;    88.446; 
1120;    -2.770;    26.979;    88.446; 
1121;    -2.773;    26.980;    88.446; 
1122;    -2.774;    26.980;    88.446; 
1123;    -2.776;    26.980;    88.446; 
1124;    -2.781;    26.980;    88.446; 
1125;    -2.784;    26.980;    88.446; 
1126;    -2.790;    26.981;    88.446; 
1127;    -2.797;    26.981;    88.446; 
1128;    -2.803;    26.981;    88.446; 
1129;    -2.814;    26.982;    88.446; 
1130;    -2.819;    26.982;    88.446; 
1131;    -2.822;    26.981;    88.446; 
1132;    -2.834;    26.981;    88.446; 
1133;    -2.844;    26.981;    88.446; 
1134;    -2.850;    26.981;    88.446; 
1135;    -2.855;    26.980;    88.446; 
1136;    -2.861;    26.980;    88.446; 
1137;    -2.865;    26.979;    88.446; 
1138;    -2.872;    26.979;    88.446; 
1139;    -2.881;    26.978;    88.446; 
1140;    -2.888;    26.977;    88.446; 
1141;    -2.901;    26.975;    88.446; 
1142;    -2.914;    26.973;    88.446; 
1143;    -2.926;    26.972;    88.446; 
1144;    -2.935;    26.971;    88.446; 
1145;    -2.944;    26.970;    88.446; 
1146;    -2.955;    26.969;    88.446; 
1147;    -2.967;    26.967;    88.446; 
1148;    -2.971;    26.967;    88.446; 
1149;    -2.985;    26.965;    88.446; 
1150;    -3.000;    26.963;    88.446; 
1151;    -3.016;    26.962;    88.446; 
1152;    -3.028;    26.961;    88.446; 
1153;    -3.035;    26.960;    88.446; 
1154;    -3.046;    26.959;    88.446; 
1155;    -3.063;    26.958;    88.446; 
1156;    -3.078;    26.958;    88.446; 
1157;    -3.097;    26.957;    88.446; 
1158;    -3.112;    26.958;    88.446; 
1159;    -3.118;    26.957;    88.446; 
1160;    -3.124;    26.957;    88.446; 
1161;    -3.129;    26.957;    88.446; 
1162;    -3.136;    26.956;    88.446; 
1163;    -3.138;    26.956;    88.446; 
1164;    -3.141;    26.956;    88.446; 
1165;    -3.143;    26.955;    88.446; 
1166;    -3.143;    26.955;    88.446; 
1167;    -3.148;    26.953;    88.446; 
1168;    -3.152;    26.952;    88.446; 
1169;    -3.163;    26.949;    88.446; 
1170;    -3.184;    26.944;    88.446; 
1171;    -3.200;    26.941;    88.446; 
1172;    -3.212;    26.939;    88.446; 
1173;    -3.227;    26.937;    88.446; 
1174;    -3.241;    26.934;    88.446; 
1175;    -3.253;    26.933;    88.446; 
1176;    -3.267;    26.931;    88.446; 
1177;    -3.281;    26.929;    88.446; 
1178;    -3.299;    26.928;    88.446; 
1179;    -3.310;    26.927;    88.446; 
1180;    -3.326;    26.926;    88.446; 
1181;    -3.336;    26.925;    88.446; 
1182;    -3.345;    26.924;    88.446; 
1183;    -3.347;    26.924;    88.446; 
1184;    -3.351;    26.923;    88.446; 
