[A]
   1;     3.089;    26.870;    88.446; 
   2;     3.079;    26.872;    88.446; 
   3;     3.068;    26.873;    88.446; 
   4;     3.061;    26.874;    88.446; 
   5;     3.053;    26.875;    88.446; 
   6;     3.043;    26.877;    88.446; 
   7;     3.033;    26.878;    88.446; 
   8;     3.022;    26.879;    88.446; 
   9;     3.014;    26.880;    88.446; 
  10;     3.004;    26.881;    88.446; 
  11;     2.995;    26.882;    88.446; 
  12;     2.984;    26.884;    88.446; 
  13;     2.972;    26.885;    88.446; 
  14;     2.964;    26.886;    88.446; 
  15;     2.954;    26.887;    88.446; 
  16;     2.940;    26.888;    88.446; 
  17;     2.921;    26.891;    88.446; 
  18;     2.911;    26.892;    88.446; 
  19;     2.906;    26.893;    88.446; 
  20;     2.898;    26.894;    88.446; 
  21;     2.890;    26.895;    88.446; 
  22;     2.878;    26.896;    88.446; 
  23;     2.864;    26.898;    88.446; 
  24;     2.852;    26.899;    88.446; 
  25;     2.843;    26.900;    88.446; 
  26;     2.835;    26.901;    88.446; 
  27;     2.825;    26.902;    88.446; 
  28;     2.815;    26.904;    88.446; 
  29;     2.809;    26.904;    88.446; 
  30;     2.804;    26.904;    88.446; 
  31;     2.800;    26.905;    88.446; 
  32;     2.794;    26.905;    88.446; 
  33;     2.790;    26.905;    88.446; 
  34;     2.787;    26.904;    88.446; 
  35;     2.781;    26.904;    88.446; 
  36;     2.775;    26.904;    88.446; 
  37;     2.769;    26.903;    88.446; 
  38;     2.763;    26.902;    88.446; 
  39;     2.756;    26.902;    88.446; 
  40;     2.755;    26.901;    88.446; 
  41;     2.750;    26.900;    88.446; 
  42;     2.748;    26.900;    88.446; 
  43;     2.739;    26.898;    88.446; 
  44;     2.734;    26.896;    88.446; 
  45;     2.726;    26.894;    88.446; 
  46;     2.720;    26.893;    88.446; 
  47;     2.715;    26.891;    88.446; 
  48;     2.714;    26.890;    88.446; 
  49;     2.709;    26.889;    88.446; 
  50;     2.708;    26.888;    88.446; 
  51;     2.702;    26.885;    88.446; 
  52;     2.700;    26.884;    88.446; 
  53;     2.694;    26.881;    88.446; 
  54;     2.691;    26.879;    88.446; 
  55;     2.686;    26.876;    88.446; 
  56;     2.681;    26.873;    88.446; 
  57;     2.678;    26.871;    88.446; 
  58;     2.674;    26.869;    88.446; 
  59;     2.671;    26.866;    88.446; 
  60;     2.666;    26.862;    88.446; 
  61;     2.662;    26.859;    88.446; 
  62;     2.658;    26.855;    88.446; 
  63;     2.653;    26.851;    88.446; 
  64;     2.652;    26.850;    88.446; 
  65;     2.646;    26.844;    88.446; 
  66;     2.645;    26.843;    88.446; 
  67;     2.642;    26.840;    88.446; 
  68;     2.638;    26.835;    88.446; 
  69;     2.635;    26.830;    88.446; 
  70;     2.629;    26.824;    88.446; 
  71;     2.625;    26.818;    88.446; 
  72;     2.619;    26.810;    88.446; 
  73;     2.617;    26.808;    88.446; 
  74;     2.614;    26.803;    88.446; 
  75;     2.610;    26.796;    88.446; 
  76;     2.608;    26.792;    88.446; 
  77;     2.606;    26.789;    88.446; 
  78;     2.599;    26.778;    88.446; 
  79;     2.596;    26.772;    88.446; 
  80;     2.592;    26.764;    88.446; 
  81;     2.588;    26.756;    88.446; 
  82;     2.586;    26.753;    88.446; 
  83;     2.578;    26.738;    88.446; 
  84;     2.565;    26.716;    88.446; 
  85;     2.556;    26.701;    88.446; 
  86;     2.551;    26.693;    88.446; 
  87;     2.546;    26.685;    88.446; 
  88;     2.544;    26.682;    88.446; 
  89;     2.542;    26.678;    88.446; 
  90;     2.535;    26.666;    88.446; 
  91;     2.530;    26.657;    88.446; 
  92;     2.521;    26.641;    88.446; 
  93;     2.517;    26.635;    88.446; 
  94;     2.516;    26.632;    88.446; 
  95;     2.509;    26.620;    88.446; 
  96;     2.505;    26.613;    88.446; 
  97;     2.499;    26.603;    88.446; 
  98;     2.498;    26.600;    88.446; 
  99;     2.495;    26.593;    88.446; 
 100;     2.491;    26.586;    88.446; 
 101;     2.488;    26.580;    88.446; 
 102;     2.479;    26.562;    88.446; 
 103;     2.468;    26.543;    88.446; 
 104;     2.463;    26.534;    88.446; 
 105;     2.456;    26.521;    88.446; 
 106;     2.452;    26.515;    88.446; 
 107;     2.447;    26.506;    88.446; 
 108;     2.443;    26.499;    88.446; 
 109;     2.439;    26.492;    88.446; 
 110;     2.434;    26.483;    88.446; 
 111;     2.429;    26.473;    88.446; 
 112;     2.425;    26.466;    88.446; 
 113;     2.422;    26.460;    88.446; 
 114;     2.415;    26.446;    88.446; 
 115;     2.409;    26.436;    88.446; 
 116;     2.404;    26.426;    88.446; 
 117;     2.398;    26.416;    88.446; 
 118;     2.394;    26.408;    88.446; 
 119;     2.389;    26.398;    88.446; 
 120;     2.384;    26.389;    88.446; 
 121;     2.380;    26.381;    88.446; 
 122;     2.374;    26.370;    88.446; 
 123;     2.370;    26.363;    88.446; 
 124;     2.366;    26.355;    88.446; 
 125;     2.361;    26.345;    88.446; 
 126;     2.358;    26.339;    88.446; 
 127;     2.354;    26.331;    88.446; 
 128;     2.349;    26.321;    88.446; 
 129;     2.344;    26.312;    88.446; 
 130;     2.339;    26.301;    88.446; 
 131;     2.332;    26.289;    88.446; 
 132;     2.329;    26.283;    88.446; 
 133;     2.325;    26.274;    88.446; 
 134;     2.320;    26.264;    88.446; 
 135;     2.316;    26.257;    88.446; 
 136;     2.309;    26.242;    88.446; 
 137;     2.306;    26.236;    88.446; 
 138;     2.301;    26.226;    88.446; 
 139;     2.293;    26.212;    88.446; 
 140;     2.290;    26.206;    88.446; 
 141;     2.285;    26.195;    88.446; 
 142;     2.280;    26.185;    88.446; 
 143;     2.273;    26.173;    88.446; 
 144;     2.270;    26.167;    88.446; 
 145;     2.267;    26.160;    88.446; 
 146;     2.263;    26.152;    88.446; 
 147;     2.258;    26.143;    88.446; 
 148;     2.256;    26.137;    88.446; 
 149;     2.252;    26.128;    88.446; 
 150;     2.244;    26.114;    88.446; 
 151;     2.240;    26.106;    88.446; 
 152;     2.235;    26.095;    88.446; 
 153;     2.231;    26.086;    88.446; 
 154;     2.225;    26.074;    88.446; 
 155;     2.223;    26.069;    88.446; 
 156;     2.219;    26.062;    88.446; 
 157;     2.214;    26.050;    88.446; 
 158;     2.210;    26.041;    88.446; 
 159;     2.204;    26.029;    88.446; 
 160;     2.199;    26.018;    88.446; 
 161;     2.195;    26.012;    88.446; 
 162;     2.192;    26.004;    88.446; 
 163;     2.187;    25.993;    88.446; 
 164;     2.184;    25.987;    88.446; 
 165;     2.180;    25.978;    88.446; 
 166;     2.175;    25.967;    88.446; 
 167;     2.170;    25.957;    88.446; 
 168;     2.166;    25.948;    88.446; 
 169;     2.162;    25.938;    88.446; 
 170;     2.159;    25.933;    88.446; 
 171;     2.153;    25.920;    88.446; 
 172;     2.146;    25.904;    88.446; 
 173;     2.141;    25.895;    88.446; 
 174;     2.139;    25.889;    88.446; 
 175;     2.137;    25.885;    88.446; 
 176;     2.133;    25.877;    88.446; 
 177;     2.128;    25.865;    88.446; 
 178;     2.122;    25.852;    88.446; 
 179;     2.119;    25.845;    88.446; 
 180;     2.116;    25.838;    88.446; 
 181;     2.109;    25.823;    88.446; 
 182;     2.103;    25.809;    88.446; 
 183;     2.099;    25.801;    88.446; 
 184;     2.096;    25.794;    88.446; 
 185;     2.092;    25.787;    88.446; 
 186;     2.088;    25.778;    88.446; 
 187;     2.086;    25.773;    88.446; 
 188;     2.081;    25.760;    88.446; 
 189;     2.078;    25.754;    88.446; 
 190;     2.072;    25.740;    88.446; 
 191;     2.071;    25.736;    88.446; 
 192;     2.067;    25.725;    88.446; 
 193;     2.060;    25.710;    88.446; 
 194;     2.054;    25.697;    88.446; 
 195;     2.052;    25.691;    88.446; 
 196;     2.046;    25.678;    88.446; 
 197;     2.044;    25.673;    88.446; 
 198;     2.040;    25.664;    88.446; 
 199;     2.034;    25.652;    88.446; 
 200;     2.030;    25.641;    88.446; 
 201;     2.027;    25.634;    88.446; 
 202;     2.024;    25.627;    88.446; 
 203;     2.022;    25.621;    88.446; 
 204;     2.018;    25.611;    88.446; 
 205;     2.015;    25.605;    88.446; 
 206;     2.010;    25.591;    88.446; 
 207;     2.006;    25.581;    88.446; 
 208;     1.999;    25.566;    88.446; 
 209;     1.993;    25.553;    88.446; 
 210;     1.991;    25.546;    88.446; 
 211;     1.989;    25.542;    88.446; 
 212;     1.988;    25.540;    88.446; 
 213;     1.986;    25.534;    88.446; 
 214;     1.982;    25.521;    88.446; 
 215;     1.970;    25.494;    88.446; 
 216;     1.970;    25.492;    88.446; 
 217;     1.968;    25.488;    88.446; 
 218;     1.961;    25.470;    88.446; 
 219;     1.955;    25.458;    88.446; 
 220;     1.952;    25.450;    88.446; 
 221;     1.948;    25.439;    88.446; 
 222;     1.948;    25.439;    88.446; 
 223;     1.945;    25.432;    88.446; 
 224;     1.946;    25.433;    88.446; 
 225;     1.945;    25.428;    88.446; 
 226;     1.936;    25.403;    88.446; 
 227;     1.923;    25.370;    88.446; 
 228;     1.920;    25.364;    88.446; 
 229;     1.920;    25.363;    88.446; 
 230;     1.919;    25.361;    88.446; 
 231;     1.920;    25.361;    88.446; 
 232;     1.919;    25.358;    88.446; 
 233;     1.915;    25.346;    88.446; 
 234;     1.906;    25.317;    88.446; 
 235;     1.899;    25.300;    88.446; 
 236;     1.897;    25.294;    88.446; 
 237;     1.894;    25.287;    88.446; 
 238;     1.892;    25.279;    88.446; 
 239;     1.885;    25.262;    88.446; 
 240;     1.877;    25.242;    88.446; 
 241;     1.875;    25.237;    88.446; 
 242;     1.873;    25.233;    88.446; 
 243;     1.872;    25.228;    88.446; 
 244;     1.868;    25.217;    88.446; 
 245;     1.865;    25.208;    88.446; 
 246;     1.859;    25.193;    88.446; 
 247;     1.857;    25.187;    88.446; 
 248;     1.857;    25.185;    88.446; 
 249;     1.854;    25.176;    88.446; 
 250;     1.851;    25.166;    88.446; 
 251;     1.845;    25.150;    88.446; 
 252;     1.844;    25.144;    88.446; 
 253;     1.843;    25.141;    88.446; 
 254;     1.842;    25.139;    88.446; 
 255;     1.840;    25.129;    88.446; 
 256;     1.837;    25.117;    88.446; 
 257;     1.832;    25.101;    88.446; 
 258;     1.831;    25.097;    88.446; 
 259;     1.826;    25.081;    88.446; 
 260;     1.820;    25.061;    88.446; 
 261;     1.816;    25.049;    88.446; 
 262;     1.809;    25.031;    88.446; 
 263;     1.805;    25.021;    88.446; 
 264;     1.799;    25.006;    88.446; 
 265;     1.797;    25.001;    88.446; 
 266;     1.795;    24.997;    88.446; 
 267;     1.794;    24.994;    88.446; 
 268;     1.788;    24.975;    88.446; 
 269;     1.779;    24.954;    88.446; 
 270;     1.773;    24.940;    88.446; 
 271;     1.771;    24.935;    88.446; 
 272;     1.766;    24.925;    88.446; 
 273;     1.758;    24.906;    88.446; 
 274;     1.746;    24.884;    88.446; 
 275;     1.727;    24.855;    88.446; 
 276;     1.701;    24.823;    88.446; 
 277;     1.600;    24.755;    88.446; 
 278;     1.509;    24.737;    88.446; 
 279;     1.491;    24.737;    88.446; 
 280;     1.472;    24.737;    88.446; 
 281;     1.452;    24.738;    88.446; 
 282;     1.310;    24.749;    88.446; 
 283;     1.301;    24.750;    88.446; 
 284;     1.292;    24.750;    88.446; 
 285;     1.283;    24.751;    88.446; 
 286;     1.277;    24.751;    88.446; 
 287;     1.273;    24.751;    88.446; 
 288;     1.260;    24.751;    88.446; 
 289;     1.244;    24.752;    88.446; 
 290;     1.223;    24.753;    88.446; 
 291;     1.207;    24.755;    88.446; 
 292;     1.202;    24.755;    88.446; 
 293;     1.196;    24.755;    88.446; 
 294;     1.189;    24.756;    88.446; 
 295;     1.178;    24.756;    88.446; 
 296;     1.163;    24.757;    88.446; 
 297;     1.154;    24.758;    88.446; 
 298;     1.141;    24.759;    88.446; 
 299;     1.117;    24.762;    88.446; 
 300;     1.102;    24.764;    88.446; 
 301;     1.081;    24.768;    88.446; 
 302;      .999;    24.800;    88.446; 
 303;      .902;    24.900;    88.446; 
 304;      .873;    24.969;    88.446; 
 305;      .873;    24.970;    88.446; 
 306;      .870;    24.979;    88.446; 
 307;      .863;    25.007;    88.446; 
 308;      .859;    25.022;    88.446; 
 309;      .857;    25.033;    88.446; 
 310;      .855;    25.041;    88.446; 
 311;      .855;    25.040;    88.446; 
 312;      .853;    25.044;    88.446; 
 313;      .853;    25.046;    88.446; 
 314;      .848;    25.059;    88.446; 
 315;      .842;    25.079;    88.446; 
 316;      .836;    25.102;    88.446; 
 317;      .832;    25.123;    88.446; 
 318;      .830;    25.139;    88.446; 
 319;      .828;    25.146;    88.446; 
 320;      .826;    25.157;    88.446; 
 321;      .825;    25.165;    88.446; 
 322;      .822;    25.178;    88.446; 
 323;      .820;    25.192;    88.446; 
 324;      .818;    25.208;    88.446; 
 325;      .816;    25.222;    88.446; 
 326;      .814;    25.241;    88.446; 
 327;      .813;    25.247;    88.446; 
 328;      .813;    25.251;    88.446; 
 329;      .812;    25.252;    88.446; 
 330;      .812;    25.255;    88.446; 
 331;      .810;    25.262;    88.446; 
 332;      .807;    25.278;    88.446; 
 333;      .803;    25.304;    88.446; 
 334;      .801;    25.314;    88.446; 
 335;      .800;    25.320;    88.446; 
 336;      .799;    25.326;    88.446; 
 337;      .798;    25.334;    88.446; 
 338;      .796;    25.343;    88.446; 
 339;      .795;    25.348;    88.446; 
 340;      .793;    25.359;    88.446; 
 341;      .790;    25.371;    88.446; 
 342;      .789;    25.379;    88.446; 
 343;      .786;    25.389;    88.446; 
 344;      .785;    25.397;    88.446; 
 345;      .783;    25.404;    88.446; 
 346;      .780;    25.415;    88.446; 
 347;      .778;    25.425;    88.446; 
 348;      .776;    25.435;    88.446; 
 349;      .773;    25.450;    88.446; 
 350;      .771;    25.456;    88.446; 
 351;      .769;    25.466;    88.446; 
 352;      .767;    25.474;    88.446; 
 353;      .765;    25.484;    88.446; 
 354;      .762;    25.492;    88.446; 
 355;      .759;    25.505;    88.446; 
 356;      .757;    25.513;    88.446; 
 357;      .754;    25.526;    88.446; 
 358;      .752;    25.534;    88.446; 
 359;      .750;    25.542;    88.446; 
 360;      .747;    25.554;    88.446; 
 361;      .744;    25.564;    88.446; 
 362;      .743;    25.569;    88.446; 
 363;      .740;    25.579;    88.446; 
 364;      .737;    25.592;    88.446; 
 365;      .733;    25.604;    88.446; 
 366;      .730;    25.618;    88.446; 
 367;      .728;    25.626;    88.446; 
 368;      .726;    25.634;    88.446; 
 369;      .724;    25.643;    88.446; 
 370;      .721;    25.654;    88.446; 
 371;      .718;    25.663;    88.446; 
 372;      .716;    25.674;    88.446; 
 373;      .712;    25.686;    88.446; 
 374;      .710;    25.693;    88.446; 
 375;      .707;    25.706;    88.446; 
 376;      .705;    25.713;    88.446; 
 377;      .703;    25.721;    88.446; 
 378;      .700;    25.730;    88.446; 
 379;      .697;    25.741;    88.446; 
 380;      .694;    25.751;    88.446; 
 381;      .691;    25.763;    88.446; 
 382;      .689;    25.769;    88.446; 
 383;      .685;    25.781;    88.446; 
 384;      .684;    25.787;    88.446; 
 385;      .680;    25.800;    88.446; 
 386;      .678;    25.806;    88.446; 
 387;      .676;    25.809;    88.446; 
 388;      .673;    25.819;    88.446; 
 389;      .670;    25.828;    88.446; 
 390;      .663;    25.849;    88.446; 
 391;      .660;    25.861;    88.446; 
 392;      .657;    25.869;    88.446; 
 393;      .654;    25.882;    88.446; 
 394;      .651;    25.891;    88.446; 
 395;      .647;    25.905;    88.446; 
 396;      .645;    25.912;    88.446; 
 397;      .642;    25.922;    88.446; 
 398;      .640;    25.929;    88.446; 
 399;      .638;    25.935;    88.446; 
 400;      .635;    25.945;    88.446; 
 401;      .632;    25.954;    88.446; 
 402;      .630;    25.960;    88.446; 
 403;      .626;    25.970;    88.446; 
 404;      .621;    25.986;    88.446; 
 405;      .618;    25.997;    88.446; 
 406;      .616;    26.002;    88.446; 
 407;      .610;    26.024;    88.446; 
 408;      .607;    26.034;    88.446; 
 409;      .603;    26.047;    88.446; 
 410;      .602;    26.051;    88.446; 
 411;      .599;    26.059;    88.446; 
 412;      .597;    26.065;    88.446; 
 413;      .593;    26.078;    88.446; 
 414;      .589;    26.091;    88.446; 
 415;      .585;    26.105;    88.446; 
 416;      .583;    26.110;    88.446; 
 417;      .581;    26.118;    88.446; 
 418;      .577;    26.130;    88.446; 
 419;      .575;    26.136;    88.446; 
 420;      .573;    26.143;    88.446; 
 421;      .570;    26.150;    88.446; 
 422;      .566;    26.161;    88.446; 
 423;      .563;    26.171;    88.446; 
 424;      .557;    26.188;    88.446; 
 425;      .554;    26.198;    88.446; 
 426;      .551;    26.205;    88.446; 
 427;      .547;    26.218;    88.446; 
 428;      .545;    26.225;    88.446; 
 429;      .539;    26.241;    88.446; 
 430;      .538;    26.245;    88.446; 
 431;      .534;    26.256;    88.446; 
 432;      .531;    26.265;    88.446; 
 433;      .528;    26.275;    88.446; 
 434;      .525;    26.282;    88.446; 
 435;      .522;    26.292;    88.446; 
 436;      .521;    26.294;    88.446; 
 437;      .518;    26.302;    88.446; 
 438;      .514;    26.313;    88.446; 
 439;      .509;    26.325;    88.446; 
 440;      .504;    26.338;    88.446; 
 441;      .501;    26.345;    88.446; 
 442;      .497;    26.358;    88.446; 
 443;      .491;    26.377;    88.446; 
 444;      .488;    26.386;    88.446; 
 445;      .485;    26.392;    88.446; 
 446;      .483;    26.400;    88.446; 
 447;      .481;    26.406;    88.446; 
 448;      .477;    26.416;    88.446; 
 449;      .474;    26.424;    88.446; 
 450;      .472;    26.429;    88.446; 
 451;      .469;    26.435;    88.446; 
 452;      .466;    26.441;    88.446; 
 453;      .455;    26.471;    88.446; 
 454;      .449;    26.490;    88.446; 
 455;      .448;    26.494;    88.446; 
 456;      .447;    26.497;    88.446; 
 457;      .445;    26.501;    88.446; 
 458;      .443;    26.507;    88.446; 
 459;      .439;    26.515;    88.446; 
 460;      .431;    26.537;    88.446; 
 461;      .425;    26.555;    88.446; 
 462;      .423;    26.559;    88.446; 
 463;      .420;    26.567;    88.446; 
 464;      .419;    26.570;    88.446; 
 465;      .416;    26.578;    88.446; 
 466;      .413;    26.583;    88.446; 
 467;      .411;    26.589;    88.446; 
 468;      .405;    26.602;    88.446; 
 469;      .399;    26.617;    88.446; 
 470;      .392;    26.637;    88.446; 
 471;      .386;    26.656;    88.446; 
 472;      .385;    26.657;    88.446; 
 473;      .384;    26.661;    88.446; 
 474;      .383;    26.661;    88.446; 
 475;      .381;    26.664;    88.446; 
 476;      .378;    26.671;    88.446; 
 477;      .370;    26.688;    88.446; 
 478;      .365;    26.701;    88.446; 
 479;      .359;    26.715;    88.446; 
 480;      .355;    26.725;    88.446; 
 481;      .350;    26.737;    88.446; 
 482;      .342;    26.758;    88.446; 
 483;      .338;    26.771;    88.446; 
 484;      .335;    26.783;    88.446; 
 485;      .332;    26.792;    88.446; 
 486;      .330;    26.797;    88.446; 
 487;      .328;    26.803;    88.446; 
 488;      .327;    26.805;    88.446; 
 489;      .324;    26.811;    88.446; 
 490;      .321;    26.818;    88.446; 
 491;      .319;    26.823;    88.446; 
 492;      .317;    26.827;    88.446; 
 493;      .312;    26.837;    88.446; 
 494;      .299;    26.870;    88.446; 
 495;      .294;    26.886;    88.446; 
 496;      .291;    26.892;    88.446; 
 497;      .291;    26.891;    88.446; 
 498;      .291;    26.891;    88.446; 
 499;      .290;    26.893;    88.446; 
 500;      .289;    26.896;    88.446; 
 501;      .287;    26.898;    88.446; 
 502;      .283;    26.906;    88.446; 
 503;      .279;    26.911;    88.446; 
 504;      .273;    26.921;    88.446; 
 505;      .268;    26.929;    88.446; 
 506;      .265;    26.933;    88.446; 
 507;      .265;    26.934;    88.446; 
 508;      .262;    26.938;    88.446; 
 509;      .253;    26.950;    88.446; 
 510;      .242;    26.967;    88.446; 
 511;      .235;    26.977;    88.446; 
 512;      .232;    26.982;    88.446; 
 513;      .231;    26.982;    88.446; 
 514;      .227;    26.987;    88.446; 
 515;      .226;    26.988;    88.446; 
 516;      .223;    26.992;    88.446; 
 517;      .220;    26.995;    88.446; 
 518;      .217;    26.998;    88.446; 
 519;      .213;    27.001;    88.446; 
 520;      .211;    27.003;    88.446; 
 521;      .207;    27.006;    88.446; 
 522;      .206;    27.007;    88.446; 
 523;      .202;    27.009;    88.446; 
 524;      .199;    27.011;    88.446; 
 525;      .195;    27.014;    88.446; 
 526;      .192;    27.015;    88.446; 
 527;      .190;    27.016;    88.446; 
 528;      .188;    27.017;    88.446; 
 529;      .177;    27.023;    88.446; 
 530;      .157;    27.034;    88.446; 
 531;      .142;    27.043;    88.446; 
 532;      .135;    27.048;    88.446; 
 533;      .128;    27.051;    88.446; 
 534;      .123;    27.054;    88.446; 
 535;      .122;    27.055;    88.446; 
 536;      .119;    27.056;    88.446; 
 537;      .118;    27.056;    88.446; 
 538;      .117;    27.056;    88.446; 
 539;      .112;    27.058;    88.446; 
 540;      .109;    27.059;    88.446; 
 541;      .107;    27.059;    88.446; 
 542;      .103;    27.060;    88.446; 
 543;      .104;    27.060;    88.446; 
 544;      .099;    27.060;    88.446; 
 545;      .097;    27.061;    88.446; 
 546;      .089;    27.062;    88.446; 
 547;      .085;    27.062;    88.446; 
 548;      .076;    27.063;    88.446; 
 549;      .071;    27.063;    88.446; 
 550;      .064;    27.063;    88.446; 
 551;      .058;    27.064;    88.446; 
 552;      .049;    27.064;    88.446; 
 553;      .042;    27.064;    88.446; 
 554;      .032;    27.064;    88.446; 
 555;      .022;    27.064;    88.446; 
 556;      .012;    27.064;    88.446; 
 557;      .003;    27.064;    88.446; 
 558;     -.006;    27.064;    88.446; 
 559;     -.019;    27.064;    88.446; 
 560;     -.031;    27.064;    88.446; 
 561;     -.041;    27.064;    88.446; 
 562;     -.053;    27.064;    88.446; 
 563;     -.065;    27.064;    88.446; 
 564;     -.077;    27.065;    88.446; 
 565;     -.087;    27.065;    88.446; 
 566;     -.096;    27.065;    88.446; 
 567;     -.109;    27.065;    88.446; 
 568;     -.121;    27.065;    88.446; 
 569;     -.130;    27.066;    88.446; 
 570;     -.139;    27.066;    88.446; 
 571;     -.148;    27.066;    88.446; 
 572;     -.155;    27.066;    88.446; 
 573;     -.166;    27.066;    88.446; 
 574;     -.176;    27.066;    88.446; 
 575;     -.189;    27.065;    88.446; 
 576;     -.202;    27.066;    88.446; 
 577;     -.215;    27.066;    88.446; 
 578;     -.225;    27.066;    88.446; 
 579;     -.234;    27.066;    88.446; 
 580;     -.244;    27.066;    88.446; 
 581;     -.254;    27.066;    88.446; 
 582;     -.264;    27.066;    88.446; 
 583;     -.270;    27.066;    88.446; 
 584;     -.277;    27.066;    88.446; 
 585;     -.283;    27.066;    88.446; 
 586;     -.294;    27.065;    88.446; 
 587;     -.308;    27.065;    88.446; 
 588;     -.325;    27.065;    88.446; 
 589;     -.337;    27.065;    88.446; 
 590;     -.344;    27.065;    88.446; 
 591;     -.353;    27.064;    88.446; 
 592;     -.362;    27.064;    88.446; 
 593;     -.369;    27.064;    88.446; 
 594;     -.375;    27.064;    88.446; 
 595;     -.382;    27.063;    88.446; 
 596;     -.387;    27.063;    88.446; 
 597;     -.391;    27.062;    88.446; 
 598;     -.394;    27.062;    88.446; 
 599;     -.396;    27.061;    88.446; 
 600;     -.401;    27.060;    88.446; 
 601;     -.409;    27.058;    88.446; 
 602;     -.422;    27.056;    88.446; 
 603;     -.454;    27.052;    88.446; 
 604;     -.495;    27.050;    88.446; 
 605;     -.503;    27.050;    88.446; 
 606;     -.506;    27.050;    88.446; 
 607;     -.508;    27.050;    88.446; 
 608;     -.509;    27.050;    88.446; 
 609;     -.509;    27.049;    88.446; 
 610;     -.513;    27.049;    88.446; 
 611;     -.514;    27.048;    88.446; 
 612;     -.516;    27.047;    88.446; 
 613;     -.519;    27.046;    88.446; 
 614;     -.519;    27.046;    88.446; 
 615;     -.524;    27.045;    88.446; 
 616;     -.526;    27.044;    88.446; 
 617;     -.530;    27.042;    88.446; 
 618;     -.532;    27.041;    88.446; 
 619;     -.533;    27.040;    88.446; 
 620;     -.538;    27.037;    88.446; 
 621;     -.539;    27.036;    88.446; 
 622;     -.544;    27.033;    88.446; 
 623;     -.546;    27.032;    88.446; 
 624;     -.547;    27.030;    88.446; 
 625;     -.553;    27.026;    88.446; 
 626;     -.554;    27.025;    88.446; 
 627;     -.558;    27.022;    88.446; 
 628;     -.562;    27.018;    88.446; 
 629;     -.567;    27.014;    88.446; 
 630;     -.572;    27.009;    88.446; 
 631;     -.574;    27.006;    88.446; 
 632;     -.579;    27.001;    88.446; 
 633;     -.582;    26.997;    88.446; 
 634;     -.584;    26.995;    88.446; 
 635;     -.588;    26.990;    88.446; 
 636;     -.592;    26.986;    88.446; 
 637;     -.601;    26.974;    88.446; 
 638;     -.608;    26.966;    88.446; 
 639;     -.612;    26.961;    88.446; 
 640;     -.615;    26.956;    88.446; 
 641;     -.618;    26.952;    88.446; 
 642;     -.620;    26.949;    88.446; 
 643;     -.621;    26.947;    88.446; 
 644;     -.624;    26.941;    88.446; 
 645;     -.628;    26.935;    88.446; 
 646;     -.627;    26.936;    88.446; 
 647;     -.631;    26.928;    88.446; 
 648;     -.631;    26.927;    88.446; 
 649;     -.635;    26.918;    88.446; 
 650;     -.638;    26.910;    88.446; 
 651;     -.639;    26.908;    88.446; 
 652;     -.644;    26.896;    88.446; 
 653;     -.648;    26.885;    88.446; 
 654;     -.651;    26.878;    88.446; 
 655;     -.653;    26.871;    88.446; 
 656;     -.658;    26.860;    88.446; 
 657;     -.669;    26.833;    88.446; 
 658;     -.673;    26.823;    88.446; 
 659;     -.678;    26.812;    88.446; 
 660;     -.680;    26.807;    88.446; 
 661;     -.684;    26.799;    88.446; 
 662;     -.686;    26.793;    88.446; 
 663;     -.692;    26.779;    88.446; 
 664;     -.696;    26.769;    88.446; 
 665;     -.702;    26.756;    88.446; 
 666;     -.702;    26.755;    88.446; 
 667;     -.710;    26.737;    88.446; 
 668;     -.712;    26.731;    88.446; 
 669;     -.715;    26.724;    88.446; 
 670;     -.719;    26.714;    88.446; 
 671;     -.723;    26.705;    88.446; 
 672;     -.726;    26.696;    88.446; 
 673;     -.730;    26.687;    88.446; 
 674;     -.732;    26.680;    88.446; 
 675;     -.738;    26.666;    88.446; 
 676;     -.742;    26.655;    88.446; 
 677;     -.748;    26.642;    88.446; 
 678;     -.750;    26.636;    88.446; 
 679;     -.754;    26.626;    88.446; 
 680;     -.758;    26.615;    88.446; 
 681;     -.761;    26.607;    88.446; 
 682;     -.766;    26.595;    88.446; 
 683;     -.771;    26.582;    88.446; 
 684;     -.773;    26.576;    88.446; 
 685;     -.777;    26.568;    88.446; 
 686;     -.781;    26.557;    88.446; 
 687;     -.786;    26.545;    88.446; 
 688;     -.788;    26.539;    88.446; 
 689;     -.792;    26.530;    88.446; 
 690;     -.794;    26.522;    88.446; 
 691;     -.798;    26.513;    88.446; 
 692;     -.802;    26.502;    88.446; 
 693;     -.806;    26.491;    88.446; 
 694;     -.810;    26.480;    88.446; 
 695;     -.814;    26.469;    88.446; 
 696;     -.817;    26.462;    88.446; 
 697;     -.821;    26.451;    88.446; 
 698;     -.825;    26.439;    88.446; 
 699;     -.828;    26.431;    88.446; 
 700;     -.831;    26.424;    88.446; 
 701;     -.835;    26.413;    88.446; 
 702;     -.841;    26.398;    88.446; 
 703;     -.843;    26.392;    88.446; 
 704;     -.850;    26.374;    88.446; 
 705;     -.852;    26.369;    88.446; 
 706;     -.855;    26.361;    88.446; 
 707;     -.858;    26.353;    88.446; 
 708;     -.861;    26.344;    88.446; 
 709;     -.865;    26.335;    88.446; 
 710;     -.868;    26.324;    88.446; 
 711;     -.871;    26.316;    88.446; 
 712;     -.877;    26.301;    88.446; 
 713;     -.879;    26.295;    88.446; 
 714;     -.884;    26.282;    88.446; 
 715;     -.887;    26.274;    88.446; 
 716;     -.889;    26.267;    88.446; 
 717;     -.894;    26.253;    88.446; 
 718;     -.896;    26.247;    88.446; 
 719;     -.901;    26.235;    88.446; 
 720;     -.904;    26.227;    88.446; 
 721;     -.906;    26.219;    88.446; 
 722;     -.911;    26.207;    88.446; 
 723;     -.914;    26.197;    88.446; 
 724;     -.916;    26.189;    88.446; 
 725;     -.919;    26.182;    88.446; 
 726;     -.920;    26.178;    88.446; 
 727;     -.925;    26.162;    88.446; 
 728;     -.928;    26.153;    88.446; 
 729;     -.934;    26.136;    88.446; 
 730;     -.938;    26.123;    88.446; 
 731;     -.943;    26.112;    88.446; 
 732;     -.947;    26.100;    88.446; 
 733;     -.948;    26.096;    88.446; 
 734;     -.951;    26.088;    88.446; 
 735;     -.953;    26.081;    88.446; 
 736;     -.956;    26.073;    88.446; 
 737;     -.958;    26.065;    88.446; 
 738;     -.963;    26.051;    88.446; 
 739;     -.967;    26.038;    88.446; 
 740;     -.970;    26.031;    88.446; 
 741;     -.973;    26.019;    88.446; 
 742;     -.975;    26.013;    88.446; 
 743;     -.980;    26.000;    88.446; 
 744;     -.983;    25.991;    88.446; 
 745;     -.985;    25.984;    88.446; 
 746;     -.988;    25.975;    88.446; 
 747;     -.990;    25.967;    88.446; 
 748;     -.994;    25.956;    88.446; 
 749;    -1.000;    25.938;    88.446; 
 750;    -1.006;    25.921;    88.446; 
 751;    -1.009;    25.913;    88.446; 
 752;    -1.009;    25.912;    88.446; 
 753;    -1.012;    25.903;    88.446; 
 754;    -1.013;    25.900;    88.446; 
 755;    -1.019;    25.881;    88.446; 
 756;    -1.020;    25.876;    88.446; 
 757;    -1.022;    25.869;    88.446; 
 758;    -1.024;    25.862;    88.446; 
 759;    -1.025;    25.857;    88.446; 
 760;    -1.028;    25.848;    88.446; 
 761;    -1.029;    25.842;    88.446; 
 762;    -1.037;    25.813;    88.446; 
 763;    -1.043;    25.797;    88.446; 
 764;    -1.047;    25.785;    88.446; 
 765;    -1.048;    25.782;    88.446; 
 766;    -1.051;    25.771;    88.446; 
 767;    -1.051;    25.769;    88.446; 
 768;    -1.054;    25.761;    88.446; 
 769;    -1.056;    25.752;    88.446; 
 770;    -1.059;    25.742;    88.446; 
 771;    -1.061;    25.732;    88.446; 
 772;    -1.064;    25.724;    88.446; 
 773;    -1.068;    25.707;    88.446; 
 774;    -1.075;    25.687;    88.446; 
 775;    -1.078;    25.678;    88.446; 
 776;    -1.081;    25.667;    88.446; 
 777;    -1.083;    25.663;    88.446; 
 778;    -1.084;    25.657;    88.446; 
 779;    -1.088;    25.643;    88.446; 
 780;    -1.091;    25.634;    88.446; 
 781;    -1.093;    25.626;    88.446; 
 782;    -1.095;    25.618;    88.446; 
 783;    -1.098;    25.607;    88.446; 
 784;    -1.101;    25.598;    88.446; 
 785;    -1.104;    25.587;    88.446; 
 786;    -1.105;    25.580;    88.446; 
 787;    -1.108;    25.569;    88.446; 
 788;    -1.110;    25.562;    88.446; 
 789;    -1.112;    25.552;    88.446; 
 790;    -1.114;    25.542;    88.446; 
 791;    -1.119;    25.526;    88.446; 
 792;    -1.122;    25.512;    88.446; 
 793;    -1.126;    25.500;    88.446; 
 794;    -1.128;    25.493;    88.446; 
 795;    -1.129;    25.486;    88.446; 
 796;    -1.132;    25.476;    88.446; 
 797;    -1.134;    25.467;    88.446; 
 798;    -1.136;    25.459;    88.446; 
 799;    -1.138;    25.451;    88.446; 
 800;    -1.141;    25.436;    88.446; 
 801;    -1.144;    25.426;    88.446; 
 802;    -1.146;    25.418;    88.446; 
 803;    -1.147;    25.410;    88.446; 
 804;    -1.150;    25.399;    88.446; 
 805;    -1.151;    25.393;    88.446; 
 806;    -1.156;    25.374;    88.446; 
 807;    -1.159;    25.361;    88.446; 
 808;    -1.162;    25.351;    88.446; 
 809;    -1.163;    25.344;    88.446; 
 810;    -1.165;    25.335;    88.446; 
 811;    -1.168;    25.324;    88.446; 
 812;    -1.171;    25.312;    88.446; 
 813;    -1.173;    25.306;    88.446; 
 814;    -1.174;    25.300;    88.446; 
 815;    -1.175;    25.292;    88.446; 
 816;    -1.178;    25.281;    88.446; 
 817;    -1.180;    25.271;    88.446; 
 818;    -1.181;    25.263;    88.446; 
 819;    -1.184;    25.251;    88.446; 
 820;    -1.185;    25.244;    88.446; 
 821;    -1.187;    25.235;    88.446; 
 822;    -1.188;    25.226;    88.446; 
 823;    -1.190;    25.217;    88.446; 
 824;    -1.191;    25.211;    88.446; 
 825;    -1.192;    25.204;    88.446; 
 826;    -1.192;    25.199;    88.446; 
 827;    -1.195;    25.177;    88.446; 
 828;    -1.196;    25.169;    88.446; 
 829;    -1.198;    25.157;    88.446; 
 830;    -1.199;    25.154;    88.446; 
 831;    -1.204;    25.127;    88.446; 
 832;    -1.208;    25.107;    88.446; 
 833;    -1.209;    25.103;    88.446; 
 834;    -1.210;    25.097;    88.446; 
 835;    -1.210;    25.096;    88.446; 
 836;    -1.214;    25.074;    88.446; 
 837;    -1.222;    25.045;    88.446; 
 838;    -1.229;    25.023;    88.446; 
 839;    -1.232;    25.016;    88.446; 
 840;    -1.234;    25.009;    88.446; 
 841;    -1.235;    25.004;    88.446; 
 842;    -1.238;    24.994;    88.446; 
 843;    -1.241;    24.985;    88.446; 
 844;    -1.244;    24.974;    88.446; 
 845;    -1.250;    24.956;    88.446; 
 846;    -1.256;    24.937;    88.446; 
 847;    -1.274;    24.900;    88.446; 
 848;    -1.314;    24.843;    88.446; 
 849;    -1.399;    24.781;    88.446; 
 850;    -1.466;    24.758;    88.446; 
 851;    -1.508;    24.752;    88.446; 
 852;    -1.533;    24.751;    88.446; 
 853;    -1.545;    24.751;    88.446; 
 854;    -1.557;    24.750;    88.446; 
 855;    -1.570;    24.750;    88.446; 
 856;    -1.574;    24.750;    88.446; 
 857;    -1.581;    24.749;    88.446; 
 858;    -1.591;    24.749;    88.446; 
 859;    -1.603;    24.748;    88.446; 
 860;    -1.616;    24.748;    88.446; 
 861;    -1.620;    24.747;    88.446; 
 862;    -1.623;    24.747;    88.446; 
 863;    -1.622;    24.747;    88.446; 
 864;    -1.623;    24.746;    88.446; 
 865;    -1.629;    24.745;    88.446; 
 866;    -1.647;    24.741;    88.446; 
 867;    -1.700;    24.737;    88.446; 
 868;    -1.713;    24.737;    88.446; 
 869;    -1.730;    24.738;    88.446; 
 870;    -1.735;    24.738;    88.446; 
 871;    -1.738;    24.738;    88.446; 
 872;    -1.741;    24.737;    88.446; 
 873;    -1.749;    24.737;    88.446; 
 874;    -1.767;    24.736;    88.446; 
 875;    -1.787;    24.736;    88.446; 
 876;    -1.808;    24.737;    88.446; 
 877;    -1.814;    24.737;    88.446; 
 878;    -1.818;    24.737;    88.446; 
 879;    -1.824;    24.737;    88.446; 
 880;    -1.830;    24.736;    88.446; 
 881;    -1.837;    24.736;    88.446; 
 882;    -1.849;    24.735;    88.446; 
 883;    -1.861;    24.735;    88.446; 
 884;    -1.881;    24.735;    88.446; 
 885;    -1.947;    24.744;    88.446; 
 886;    -2.054;    24.798;    88.446; 
 887;    -2.119;    24.877;    88.446; 
 888;    -2.132;    24.903;    88.446; 
 889;    -2.137;    24.914;    88.446; 
 890;    -2.142;    24.923;    88.446; 
 891;    -2.151;    24.944;    88.446; 
 892;    -2.156;    24.957;    88.446; 
 893;    -2.163;    24.977;    88.446; 
 894;    -2.169;    24.994;    88.446; 
 895;    -2.173;    25.008;    88.446; 
 896;    -2.176;    25.017;    88.446; 
 897;    -2.177;    25.023;    88.446; 
 898;    -2.181;    25.035;    88.446; 
 899;    -2.184;    25.042;    88.446; 
 900;    -2.187;    25.053;    88.446; 
 901;    -2.190;    25.061;    88.446; 
 902;    -2.194;    25.074;    88.446; 
 903;    -2.196;    25.080;    88.446; 
 904;    -2.201;    25.097;    88.446; 
 905;    -2.203;    25.103;    88.446; 
 906;    -2.205;    25.108;    88.446; 
 907;    -2.208;    25.118;    88.446; 
 908;    -2.211;    25.125;    88.446; 
 909;    -2.214;    25.135;    88.446; 
 910;    -2.221;    25.157;    88.446; 
 911;    -2.223;    25.163;    88.446; 
 912;    -2.226;    25.170;    88.446; 
 913;    -2.228;    25.176;    88.446; 
 914;    -2.229;    25.179;    88.446; 
 915;    -2.235;    25.196;    88.446; 
 916;    -2.239;    25.208;    88.446; 
 917;    -2.245;    25.227;    88.446; 
 918;    -2.247;    25.232;    88.446; 
 919;    -2.251;    25.244;    88.446; 
 920;    -2.254;    25.253;    88.446; 
 921;    -2.257;    25.261;    88.446; 
 922;    -2.259;    25.268;    88.446; 
 923;    -2.261;    25.274;    88.446; 
 924;    -2.264;    25.282;    88.446; 
 925;    -2.266;    25.286;    88.446; 
 926;    -2.272;    25.303;    88.446; 
 927;    -2.277;    25.315;    88.446; 
 928;    -2.280;    25.323;    88.446; 
 929;    -2.285;    25.338;    88.446; 
 930;    -2.288;    25.346;    88.446; 
 931;    -2.291;    25.353;    88.446; 
 932;    -2.296;    25.369;    88.446; 
 933;    -2.298;    25.374;    88.446; 
 934;    -2.300;    25.380;    88.446; 
 935;    -2.303;    25.387;    88.446; 
 936;    -2.308;    25.401;    88.446; 
 937;    -2.312;    25.412;    88.446; 
 938;    -2.318;    25.427;    88.446; 
 939;    -2.320;    25.434;    88.446; 
 940;    -2.324;    25.444;    88.446; 
 941;    -2.326;    25.448;    88.446; 
 942;    -2.328;    25.453;    88.446; 
 943;    -2.331;    25.462;    88.446; 
 944;    -2.335;    25.471;    88.446; 
 945;    -2.336;    25.473;    88.446; 
 946;    -2.343;    25.489;    88.446; 
 947;    -2.350;    25.507;    88.446; 
 948;    -2.356;    25.524;    88.446; 
 949;    -2.358;    25.528;    88.446; 
 950;    -2.360;    25.534;    88.446; 
 951;    -2.364;    25.543;    88.446; 
 952;    -2.367;    25.551;    88.446; 
 953;    -2.373;    25.567;    88.446; 
 954;    -2.378;    25.579;    88.446; 
 955;    -2.382;    25.590;    88.446; 
 956;    -2.384;    25.596;    88.446; 
 957;    -2.388;    25.605;    88.446; 
 958;    -2.391;    25.613;    88.446; 
 959;    -2.393;    25.618;    88.446; 
 960;    -2.398;    25.628;    88.446; 
 961;    -2.402;    25.638;    88.446; 
 962;    -2.405;    25.646;    88.446; 
 963;    -2.409;    25.653;    88.446; 
 964;    -2.411;    25.658;    88.446; 
 965;    -2.415;    25.667;    88.446; 
 966;    -2.425;    25.689;    88.446; 
 967;    -2.430;    25.702;    88.446; 
 968;    -2.434;    25.714;    88.446; 
 969;    -2.436;    25.717;    88.446; 
 970;    -2.440;    25.727;    88.446; 
 971;    -2.445;    25.739;    88.446; 
 972;    -2.447;    25.744;    88.446; 
 973;    -2.451;    25.753;    88.446; 
 974;    -2.455;    25.764;    88.446; 
 975;    -2.461;    25.777;    88.446; 
 976;    -2.464;    25.784;    88.446; 
 977;    -2.468;    25.794;    88.446; 
 978;    -2.470;    25.798;    88.446; 
 979;    -2.475;    25.808;    88.446; 
 980;    -2.477;    25.813;    88.446; 
 981;    -2.481;    25.823;    88.446; 
 982;    -2.487;    25.834;    88.446; 
 983;    -2.491;    25.844;    88.446; 
 984;    -2.497;    25.856;    88.446; 
 985;    -2.501;    25.865;    88.446; 
 986;    -2.506;    25.876;    88.446; 
 987;    -2.510;    25.886;    88.446; 
 988;    -2.513;    25.893;    88.446; 
 989;    -2.518;    25.904;    88.446; 
 990;    -2.521;    25.909;    88.446; 
 991;    -2.525;    25.917;    88.446; 
 992;    -2.530;    25.927;    88.446; 
 993;    -2.536;    25.940;    88.446; 
 994;    -2.540;    25.949;    88.446; 
 995;    -2.545;    25.961;    88.446; 
 996;    -2.548;    25.966;    88.446; 
 997;    -2.551;    25.973;    88.446; 
 998;    -2.556;    25.984;    88.446; 
 999;    -2.561;    25.994;    88.446; 
1000;    -2.567;    26.007;    88.446; 
1001;    -2.571;    26.016;    88.446; 
1002;    -2.574;    26.020;    88.446; 
1003;    -2.579;    26.032;    88.446; 
1004;    -2.583;    26.040;    88.446; 
1005;    -2.587;    26.048;    88.446; 
1006;    -2.590;    26.054;    88.446; 
1007;    -2.594;    26.060;    88.446; 
1008;    -2.602;    26.076;    88.446; 
1009;    -2.607;    26.088;    88.446; 
1010;    -2.614;    26.102;    88.446; 
1011;    -2.618;    26.111;    88.446; 
1012;    -2.621;    26.118;    88.446; 
1013;    -2.624;    26.123;    88.446; 
1014;    -2.625;    26.124;    88.446; 
1015;    -2.630;    26.134;    88.446; 
1016;    -2.635;    26.142;    88.446; 
1017;    -2.638;    26.148;    88.446; 
1018;    -2.638;    26.147;    88.446; 
1019;    -2.651;    26.170;    88.446; 
1020;    -2.663;    26.193;    88.446; 
1021;    -2.669;    26.206;    88.446; 
1022;    -2.672;    26.213;    88.446; 
1023;    -2.679;    26.230;    88.446; 
1024;    -2.681;    26.234;    88.446; 
1025;    -2.684;    26.240;    88.446; 
1026;    -2.687;    26.245;    88.446; 
1027;    -2.690;    26.251;    88.446; 
1028;    -2.697;    26.266;    88.446; 
1029;    -2.702;    26.277;    88.446; 
1030;    -2.703;    26.279;    88.446; 
1031;    -2.707;    26.285;    88.446; 
1032;    -2.709;    26.290;    88.446; 
1033;    -2.714;    26.298;    88.446; 
1034;    -2.723;    26.314;    88.446; 
1035;    -2.728;    26.325;    88.446; 
1036;    -2.734;    26.337;    88.446; 
1037;    -2.739;    26.345;    88.446; 
1038;    -2.744;    26.356;    88.446; 
1039;    -2.745;    26.358;    88.446; 
1040;    -2.749;    26.365;    88.446; 
1041;    -2.753;    26.371;    88.446; 
1042;    -2.762;    26.387;    88.446; 
1043;    -2.772;    26.408;    88.446; 
1044;    -2.776;    26.416;    88.446; 
1045;    -2.780;    26.423;    88.446; 
1046;    -2.784;    26.431;    88.446; 
1047;    -2.789;    26.440;    88.446; 
1048;    -2.792;    26.446;    88.446; 
1049;    -2.796;    26.453;    88.446; 
1050;    -2.799;    26.458;    88.446; 
1051;    -2.803;    26.465;    88.446; 
1052;    -2.807;    26.472;    88.446; 
1053;    -2.810;    26.478;    88.446; 
1054;    -2.820;    26.495;    88.446; 
1055;    -2.833;    26.520;    88.446; 
1056;    -2.836;    26.526;    88.446; 
1057;    -2.842;    26.537;    88.446; 
1058;    -2.843;    26.540;    88.446; 
1059;    -2.846;    26.545;    88.446; 
1060;    -2.851;    26.552;    88.446; 
1061;    -2.857;    26.563;    88.446; 
1062;    -2.865;    26.578;    88.446; 
1063;    -2.870;    26.588;    88.446; 
1064;    -2.875;    26.598;    88.446; 
1065;    -2.877;    26.602;    88.446; 
1066;    -2.883;    26.612;    88.446; 
1067;    -2.885;    26.616;    88.446; 
1068;    -2.890;    26.623;    88.446; 
1069;    -2.893;    26.629;    88.446; 
1070;    -2.895;    26.631;    88.446; 
1071;    -2.901;    26.640;    88.446; 
1072;    -2.913;    26.661;    88.446; 
1073;    -2.924;    26.681;    88.446; 
1074;    -2.928;    26.689;    88.446; 
1075;    -2.932;    26.696;    88.446; 
1076;    -2.932;    26.696;    88.446; 
1077;    -2.940;    26.709;    88.446; 
1078;    -2.944;    26.716;    88.446; 
1079;    -2.955;    26.738;    88.446; 
1080;    -2.961;    26.750;    88.446; 
1081;    -2.961;    26.749;    88.446; 
1082;    -2.964;    26.754;    88.446; 
1083;    -2.967;    26.761;    88.446; 
1084;    -2.969;    26.763;    88.446; 
1085;    -2.975;    26.773;    88.446; 
1086;    -2.983;    26.785;    88.446; 
1087;    -2.989;    26.796;    88.446; 
1088;    -2.993;    26.801;    88.446; 
1089;    -2.995;    26.805;    88.446; 
1090;    -2.995;    26.805;    88.446; 
1091;    -3.000;    26.812;    88.446; 
1092;    -3.003;    26.815;    88.446; 
1093;    -3.005;    26.818;    88.446; 
1094;    -3.010;    26.824;    88.446; 
1095;    -3.013;    26.827;    88.446; 
1096;    -3.016;    26.830;    88.446; 
1097;    -3.019;    26.833;    88.446; 
1098;    -3.021;    26.835;    88.446; 
1099;    -3.023;    26.836;    88.446; 
1100;    -3.026;    26.839;    88.446; 
1101;    -3.030;    26.842;    88.446; 
1102;    -3.033;    26.844;    88.446; 
1103;    -3.038;    26.848;    88.446; 
1104;    -3.041;    26.849;    88.446; 
1105;    -3.042;    26.850;    88.446; 
1106;    -3.045;    26.851;    88.446; 
1107;    -3.052;    26.855;    88.446; 
1108;    -3.069;    26.865;    88.446; 
1109;    -3.073;    26.868;    88.446; 
1110;    -3.078;    26.871;    88.446; 
1111;    -3.077;    26.870;    88.446; 
1112;    -3.083;    26.872;    88.446; 
1113;    -3.093;    26.877;    88.446; 
1114;    -3.096;    26.878;    88.446; 
1115;    -3.099;    26.879;    88.446; 
1116;    -3.103;    26.880;    88.446; 
1117;    -3.104;    26.881;    88.446; 
1118;    -3.108;    26.882;    88.446; 
1119;    -3.113;    26.883;    88.446; 
1120;    -3.116;    26.883;    88.446; 
1121;    -3.119;    26.884;    88.446; 
1122;    -3.123;    26.884;    88.446; 
1123;    -3.133;    26.886;    88.446; 
1124;    -3.138;    26.886;    88.446; 
1125;    -3.140;    26.886;    88.446; 
1126;    -3.141;    26.886;    88.446; 
1127;    -3.146;    26.886;    88.446; 
1128;    -3.152;    26.886;    88.446; 
1129;    -3.160;    26.886;    88.446; 
1130;    -3.168;    26.886;    88.446; 
1131;    -3.174;    26.886;    88.446; 
1132;    -3.183;    26.886;    88.446; 
1133;    -3.188;    26.886;    88.446; 
1134;    -3.191;    26.885;    88.446; 
1135;    -3.194;    26.885;    88.446; 
1136;    -3.203;    26.884;    88.446; 
1137;    -3.211;    26.883;    88.446; 
1138;    -3.217;    26.882;    88.446; 
1139;    -3.225;    26.880;    88.446; 
1140;    -3.240;    26.878;    88.446; 
1141;    -3.262;    26.876;    88.446; 
1142;    -3.284;    26.874;    88.446; 
1143;    -3.297;    26.874;    88.446; 
1144;    -3.307;    26.873;    88.446; 
1145;    -3.314;    26.873;    88.446; 
1146;    -3.320;    26.872;    88.446; 
1147;    -3.330;    26.872;    88.446; 
1148;    -3.335;    26.871;    88.446; 
1149;    -3.339;    26.870;    88.446; 
1150;    -3.342;    26.870;    88.446; 
1151;    -3.355;    26.868;    88.446; 
1152;    -3.369;    26.866;    88.446; 
1153;    -3.384;    26.864;    88.446; 
1154;    -3.395;    26.863;    88.446; 
1155;    -3.403;    26.862;    88.446; 
1156;    -3.410;    26.862;    88.446; 
1157;    -3.418;    26.860;    88.446; 
1158;    -3.424;    26.859;    88.446; 
1159;    -3.441;    26.857;    88.446; 
1160;    -3.456;    26.855;    88.446; 
1161;    -3.472;    26.854;    88.446; 
1162;    -3.477;    26.853;    88.446; 
1163;    -3.489;    26.852;    88.446; 
1164;    -3.494;    26.851;    88.446; 
1165;    -3.507;    26.850;    88.446; 
1166;    -3.517;    26.848;    88.446; 
1167;    -3.523;    26.848;    88.446; 
1168;    -3.529;    26.847;    88.446; 
1169;    -3.535;    26.845;    88.446; 
1170;    -3.548;    26.843;    88.446; 
1171;    -3.569;    26.840;    88.446; 
1172;    -3.583;    26.839;    88.446; 
1173;    -3.588;    26.838;    88.446; 
1174;    -3.589;    26.838;    88.446; 
1175;    -3.598;    26.836;    88.446; 
1176;    -3.604;    26.835;    88.446; 
1177;    -3.625;    26.831;    88.446; 
1178;    -3.635;    26.830;    88.446; 
1179;    -3.642;    26.829;    88.446; 
1180;    -3.658;    26.826;    88.446; 
1181;    -3.667;    26.825;    88.446; 
1182;    -3.675;    26.824;    88.446; 
1183;    -3.681;    26.823;    88.446; 
1184;    -3.701;    26.820;    88.446; 
1185;    -3.712;    26.818;    88.446; 
1186;    -3.718;    26.817;    88.446; 
1187;    -3.719;    26.817;    88.446; 
1188;    -3.721;    26.816;    88.446; 
1189;    -3.724;    26.816;    88.446; 
1190;    -3.727;    26.814;    88.446; 
1191;    -3.728;    26.814;    88.446; 
1192;    -3.731;    26.813;    88.446; 
1193;    -3.732;    26.812;    88.446; 
1194;    -3.735;    26.811;    88.446; 
1195;    -3.736;    26.810;    88.446; 
1196;    -3.740;    26.808;    88.446; 
1197;    -3.746;    26.805;    88.446; 
1198;    -3.762;    26.796;    88.446; 
1199;    -3.776;    26.790;    88.446; 
1200;    -3.785;    26.785;    88.446; 
1201;    -3.787;    26.784;    88.446; 
1202;    -3.790;    26.782;    88.446; 
