[A]
   1;     3.254;    26.877;    88.447; 
   2;     3.244;    26.878;    88.447; 
   3;     3.232;    26.880;    88.447; 
   4;     3.222;    26.881;    88.447; 
   5;     3.213;    26.882;    88.447; 
   6;     3.202;    26.884;    88.447; 
   7;     3.192;    26.885;    88.447; 
   8;     3.182;    26.886;    88.447; 
   9;     3.173;    26.887;    88.447; 
  10;     3.163;    26.889;    88.447; 
  11;     3.150;    26.890;    88.447; 
  12;     3.138;    26.892;    88.447; 
  13;     3.126;    26.893;    88.447; 
  14;     3.118;    26.894;    88.447; 
  15;     3.107;    26.896;    88.447; 
  16;     3.099;    26.897;    88.447; 
  17;     3.088;    26.898;    88.447; 
  18;     3.078;    26.899;    88.447; 
  19;     3.066;    26.901;    88.447; 
  20;     3.049;    26.903;    88.447; 
  21;     3.038;    26.905;    88.447; 
  22;     3.030;    26.906;    88.447; 
  23;     3.024;    26.907;    88.447; 
  24;     3.017;    26.908;    88.447; 
  25;     3.010;    26.908;    88.447; 
  26;     3.003;    26.909;    88.447; 
  27;     2.998;    26.909;    88.447; 
  28;     2.994;    26.909;    88.447; 
  29;     2.989;    26.909;    88.447; 
  30;     2.986;    26.909;    88.447; 
  31;     2.982;    26.909;    88.447; 
  32;     2.977;    26.908;    88.447; 
  33;     2.974;    26.908;    88.447; 
  34;     2.971;    26.907;    88.447; 
  35;     2.968;    26.907;    88.447; 
  36;     2.965;    26.906;    88.447; 
  37;     2.960;    26.905;    88.447; 
  38;     2.959;    26.905;    88.447; 
  39;     2.956;    26.904;    88.447; 
  40;     2.953;    26.903;    88.447; 
  41;     2.945;    26.900;    88.447; 
  42;     2.929;    26.895;    88.447; 
  43;     2.916;    26.891;    88.447; 
  44;     2.909;    26.889;    88.447; 
  45;     2.904;    26.887;    88.447; 
  46;     2.903;    26.887;    88.447; 
  47;     2.895;    26.884;    88.447; 
  48;     2.893;    26.883;    88.447; 
  49;     2.889;    26.881;    88.447; 
  50;     2.883;    26.878;    88.447; 
  51;     2.882;    26.877;    88.447; 
  52;     2.879;    26.875;    88.447; 
  53;     2.877;    26.874;    88.447; 
  54;     2.872;    26.871;    88.447; 
  55;     2.867;    26.867;    88.447; 
  56;     2.863;    26.864;    88.447; 
  57;     2.863;    26.864;    88.447; 
  58;     2.860;    26.862;    88.447; 
  59;     2.857;    26.859;    88.447; 
  60;     2.856;    26.858;    88.447; 
  61;     2.849;    26.851;    88.447; 
  62;     2.848;    26.850;    88.447; 
  63;     2.845;    26.846;    88.447; 
  64;     2.842;    26.843;    88.447; 
  65;     2.838;    26.839;    88.447; 
  66;     2.833;    26.833;    88.447; 
  67;     2.829;    26.828;    88.447; 
  68;     2.827;    26.824;    88.447; 
  69;     2.823;    26.819;    88.447; 
  70;     2.819;    26.813;    88.447; 
  71;     2.811;    26.803;    88.447; 
  72;     2.806;    26.794;    88.447; 
  73;     2.802;    26.789;    88.447; 
  74;     2.798;    26.782;    88.447; 
  75;     2.794;    26.776;    88.447; 
  76;     2.790;    26.769;    88.447; 
  77;     2.786;    26.763;    88.447; 
  78;     2.781;    26.754;    88.447; 
  79;     2.776;    26.746;    88.447; 
  80;     2.773;    26.740;    88.447; 
  81;     2.768;    26.731;    88.447; 
  82;     2.764;    26.723;    88.447; 
  83;     2.755;    26.709;    88.447; 
  84;     2.751;    26.702;    88.447; 
  85;     2.744;    26.689;    88.447; 
  86;     2.741;    26.683;    88.447; 
  87;     2.735;    26.673;    88.447; 
  88;     2.729;    26.662;    88.447; 
  89;     2.725;    26.655;    88.447; 
  90;     2.719;    26.646;    88.447; 
  91;     2.714;    26.636;    88.447; 
  92;     2.712;    26.633;    88.447; 
  93;     2.705;    26.621;    88.447; 
  94;     2.702;    26.614;    88.447; 
  95;     2.698;    26.607;    88.447; 
  96;     2.692;    26.596;    88.447; 
  97;     2.687;    26.586;    88.447; 
  98;     2.681;    26.576;    88.447; 
  99;     2.678;    26.570;    88.447; 
 100;     2.670;    26.555;    88.447; 
 101;     2.663;    26.543;    88.447; 
 102;     2.653;    26.526;    88.447; 
 103;     2.649;    26.519;    88.447; 
 104;     2.645;    26.513;    88.447; 
 105;     2.642;    26.507;    88.447; 
 106;     2.638;    26.499;    88.447; 
 107;     2.636;    26.495;    88.447; 
 108;     2.630;    26.485;    88.447; 
 109;     2.621;    26.467;    88.447; 
 110;     2.613;    26.454;    88.447; 
 111;     2.608;    26.446;    88.447; 
 112;     2.604;    26.439;    88.447; 
 113;     2.602;    26.435;    88.447; 
 114;     2.598;    26.427;    88.447; 
 115;     2.595;    26.421;    88.447; 
 116;     2.593;    26.416;    88.447; 
 117;     2.590;    26.410;    88.447; 
 118;     2.583;    26.396;    88.447; 
 119;     2.574;    26.379;    88.447; 
 120;     2.563;    26.360;    88.447; 
 121;     2.557;    26.350;    88.447; 
 122;     2.555;    26.346;    88.447; 
 123;     2.551;    26.339;    88.447; 
 124;     2.547;    26.330;    88.447; 
 125;     2.540;    26.318;    88.447; 
 126;     2.537;    26.313;    88.447; 
 127;     2.534;    26.306;    88.447; 
 128;     2.530;    26.299;    88.447; 
 129;     2.525;    26.289;    88.447; 
 130;     2.519;    26.277;    88.447; 
 131;     2.513;    26.266;    88.447; 
 132;     2.508;    26.256;    88.447; 
 133;     2.503;    26.247;    88.447; 
 134;     2.499;    26.240;    88.447; 
 135;     2.493;    26.229;    88.447; 
 136;     2.489;    26.220;    88.447; 
 137;     2.484;    26.211;    88.447; 
 138;     2.479;    26.202;    88.447; 
 139;     2.477;    26.196;    88.447; 
 140;     2.475;    26.193;    88.447; 
 141;     2.472;    26.186;    88.447; 
 142;     2.468;    26.176;    88.447; 
 143;     2.457;    26.154;    88.447; 
 144;     2.447;    26.137;    88.447; 
 145;     2.442;    26.127;    88.447; 
 146;     2.441;    26.125;    88.447; 
 147;     2.435;    26.115;    88.447; 
 148;     2.433;    26.110;    88.447; 
 149;     2.429;    26.102;    88.447; 
 150;     2.423;    26.090;    88.447; 
 151;     2.420;    26.083;    88.447; 
 152;     2.415;    26.073;    88.447; 
 153;     2.415;    26.073;    88.447; 
 154;     2.408;    26.057;    88.447; 
 155;     2.402;    26.045;    88.447; 
 156;     2.398;    26.037;    88.447; 
 157;     2.394;    26.028;    88.447; 
 158;     2.386;    26.012;    88.447; 
 159;     2.384;    26.009;    88.447; 
 160;     2.379;    25.998;    88.447; 
 161;     2.377;    25.994;    88.447; 
 162;     2.373;    25.986;    88.447; 
 163;     2.366;    25.971;    88.447; 
 164;     2.357;    25.952;    88.447; 
 165;     2.352;    25.944;    88.447; 
 166;     2.351;    25.940;    88.447; 
 167;     2.347;    25.933;    88.447; 
 168;     2.343;    25.924;    88.447; 
 169;     2.340;    25.916;    88.447; 
 170;     2.334;    25.903;    88.447; 
 171;     2.327;    25.889;    88.447; 
 172;     2.322;    25.881;    88.447; 
 173;     2.318;    25.872;    88.447; 
 174;     2.316;    25.866;    88.447; 
 175;     2.312;    25.858;    88.447; 
 176;     2.308;    25.849;    88.447; 
 177;     2.305;    25.842;    88.447; 
 178;     2.298;    25.828;    88.447; 
 179;     2.293;    25.817;    88.447; 
 180;     2.290;    25.810;    88.447; 
 181;     2.288;    25.804;    88.447; 
 182;     2.282;    25.793;    88.447; 
 183;     2.277;    25.781;    88.447; 
 184;     2.272;    25.769;    88.447; 
 185;     2.267;    25.759;    88.447; 
 186;     2.263;    25.751;    88.447; 
 187;     2.259;    25.743;    88.447; 
 188;     2.256;    25.734;    88.447; 
 189;     2.252;    25.726;    88.447; 
 190;     2.248;    25.717;    88.447; 
 191;     2.244;    25.708;    88.447; 
 192;     2.239;    25.695;    88.447; 
 193;     2.234;    25.684;    88.447; 
 194;     2.231;    25.677;    88.447; 
 195;     2.227;    25.668;    88.447; 
 196;     2.223;    25.660;    88.447; 
 197;     2.222;    25.655;    88.447; 
 198;     2.215;    25.640;    88.447; 
 199;     2.212;    25.632;    88.447; 
 200;     2.208;    25.624;    88.447; 
 201;     2.205;    25.615;    88.447; 
 202;     2.203;    25.611;    88.447; 
 203;     2.199;    25.600;    88.447; 
 204;     2.195;    25.591;    88.447; 
 205;     2.190;    25.577;    88.447; 
 206;     2.181;    25.558;    88.447; 
 207;     2.175;    25.545;    88.447; 
 208;     2.170;    25.535;    88.447; 
 209;     2.168;    25.530;    88.447; 
 210;     2.165;    25.523;    88.447; 
 211;     2.163;    25.518;    88.447; 
 212;     2.159;    25.508;    88.447; 
 213;     2.156;    25.500;    88.447; 
 214;     2.151;    25.489;    88.447; 
 215;     2.149;    25.484;    88.447; 
 216;     2.146;    25.475;    88.447; 
 217;     2.141;    25.464;    88.447; 
 218;     2.138;    25.456;    88.447; 
 219;     2.134;    25.444;    88.447; 
 220;     2.130;    25.434;    88.447; 
 221;     2.127;    25.425;    88.447; 
 222;     2.124;    25.418;    88.447; 
 223;     2.119;    25.405;    88.447; 
 224;     2.115;    25.396;    88.447; 
 225;     2.111;    25.386;    88.447; 
 226;     2.108;    25.377;    88.447; 
 227;     2.105;    25.368;    88.447; 
 228;     2.102;    25.360;    88.447; 
 229;     2.097;    25.347;    88.447; 
 230;     2.092;    25.336;    88.447; 
 231;     2.088;    25.326;    88.447; 
 232;     2.086;    25.319;    88.447; 
 233;     2.082;    25.309;    88.447; 
 234;     2.077;    25.296;    88.447; 
 235;     2.072;    25.283;    88.447; 
 236;     2.071;    25.280;    88.447; 
 237;     2.068;    25.271;    88.447; 
 238;     2.066;    25.264;    88.447; 
 239;     2.065;    25.261;    88.447; 
 240;     2.063;    25.253;    88.447; 
 241;     2.060;    25.244;    88.447; 
 242;     2.053;    25.223;    88.447; 
 243;     2.045;    25.203;    88.447; 
 244;     2.041;    25.193;    88.447; 
 245;     2.039;    25.187;    88.447; 
 246;     2.037;    25.183;    88.447; 
 247;     2.033;    25.172;    88.447; 
 248;     2.031;    25.165;    88.447; 
 249;     2.028;    25.156;    88.447; 
 250;     2.026;    25.150;    88.447; 
 251;     2.022;    25.136;    88.447; 
 252;     2.019;    25.128;    88.447; 
 253;     2.014;    25.114;    88.447; 
 254;     2.012;    25.108;    88.447; 
 255;     2.009;    25.098;    88.447; 
 256;     2.008;    25.094;    88.447; 
 257;     2.005;    25.085;    88.447; 
 258;     2.001;    25.072;    88.447; 
 259;     1.999;    25.065;    88.447; 
 260;     1.997;    25.058;    88.447; 
 261;     1.996;    25.052;    88.447; 
 262;     1.995;    25.049;    88.447; 
 263;     1.987;    25.019;    88.447; 
 264;     1.971;    24.980;    88.447; 
 265;     1.966;    24.969;    88.447; 
 266;     1.961;    24.959;    88.447; 
 267;     1.959;    24.953;    88.447; 
 268;     1.955;    24.946;    88.447; 
 269;     1.952;    24.938;    88.447; 
 270;     1.945;    24.922;    88.447; 
 271;     1.932;    24.896;    88.447; 
 272;     1.915;    24.871;    88.447; 
 273;     1.859;    24.810;    88.447; 
 274;     1.760;    24.760;    88.447; 
 275;     1.683;    24.750;    88.447; 
 276;     1.659;    24.750;    88.447; 
 277;     1.648;    24.751;    88.447; 
 278;     1.638;    24.751;    88.447; 
 279;     1.632;    24.752;    88.447; 
 280;     1.623;    24.752;    88.447; 
 281;     1.601;    24.753;    88.447; 
 282;     1.582;    24.755;    88.447; 
 283;     1.570;    24.756;    88.447; 
 284;     1.565;    24.757;    88.447; 
 285;     1.557;    24.757;    88.447; 
 286;     1.546;    24.758;    88.447; 
 287;     1.538;    24.759;    88.447; 
 288;     1.536;    24.759;    88.447; 
 289;     1.523;    24.759;    88.447; 
 290;     1.500;    24.761;    88.447; 
 291;     1.487;    24.762;    88.447; 
 292;     1.480;    24.763;    88.447; 
 293;     1.471;    24.763;    88.447; 
 294;     1.462;    24.764;    88.447; 
 295;     1.451;    24.765;    88.447; 
 296;     1.438;    24.766;    88.447; 
 297;     1.427;    24.767;    88.447; 
 298;     1.417;    24.768;    88.447; 
 299;     1.411;    24.768;    88.447; 
 300;     1.404;    24.769;    88.447; 
 301;     1.394;    24.769;    88.447; 
 302;     1.380;    24.770;    88.447; 
 303;     1.368;    24.771;    88.447; 
 304;     1.355;    24.772;    88.447; 
 305;     1.346;    24.773;    88.447; 
 306;     1.342;    24.773;    88.447; 
 307;     1.333;    24.773;    88.447; 
 308;     1.317;    24.774;    88.447; 
 309;     1.289;    24.777;    88.447; 
 310;     1.236;    24.791;    88.447; 
 311;     1.151;    24.838;    88.447; 
 312;     1.080;    24.928;    88.447; 
 313;     1.063;    24.969;    88.447; 
 314;     1.058;    24.985;    88.447; 
 315;     1.055;    24.992;    88.447; 
 316;     1.050;    25.007;    88.447; 
 317;     1.047;    25.018;    88.447; 
 318;     1.043;    25.030;    88.447; 
 319;     1.037;    25.055;    88.447; 
 320;     1.034;    25.070;    88.447; 
 321;     1.031;    25.081;    88.447; 
 322;     1.029;    25.093;    88.447; 
 323;     1.027;    25.103;    88.447; 
 324;     1.022;    25.130;    88.447; 
 325;     1.020;    25.150;    88.447; 
 326;     1.019;    25.166;    88.447; 
 327;     1.019;    25.166;    88.447; 
 328;     1.018;    25.170;    88.447; 
 329;     1.017;    25.174;    88.447; 
 330;     1.016;    25.184;    88.447; 
 331;     1.015;    25.189;    88.447; 
 332;     1.013;    25.199;    88.447; 
 333;     1.011;    25.209;    88.447; 
 334;     1.009;    25.217;    88.447; 
 335;     1.007;    25.226;    88.447; 
 336;     1.005;    25.233;    88.447; 
 337;     1.003;    25.242;    88.447; 
 338;     1.002;    25.248;    88.447; 
 339;      .997;    25.267;    88.447; 
 340;      .995;    25.278;    88.447; 
 341;      .991;    25.302;    88.447; 
 342;      .989;    25.316;    88.447; 
 343;      .987;    25.323;    88.447; 
 344;      .986;    25.330;    88.447; 
 345;      .985;    25.336;    88.447; 
 346;      .984;    25.343;    88.447; 
 347;      .981;    25.356;    88.447; 
 348;      .979;    25.363;    88.447; 
 349;      .978;    25.371;    88.447; 
 350;      .975;    25.385;    88.447; 
 351;      .973;    25.395;    88.447; 
 352;      .970;    25.409;    88.447; 
 353;      .968;    25.416;    88.447; 
 354;      .966;    25.425;    88.447; 
 355;      .964;    25.435;    88.447; 
 356;      .963;    25.443;    88.447; 
 357;      .960;    25.455;    88.447; 
 358;      .959;    25.460;    88.447; 
 359;      .956;    25.471;    88.447; 
 360;      .954;    25.479;    88.447; 
 361;      .951;    25.492;    88.447; 
 362;      .949;    25.502;    88.447; 
 363;      .946;    25.512;    88.447; 
 364;      .944;    25.520;    88.447; 
 365;      .942;    25.530;    88.447; 
 366;      .938;    25.543;    88.447; 
 367;      .936;    25.552;    88.447; 
 368;      .934;    25.562;    88.447; 
 369;      .931;    25.573;    88.447; 
 370;      .929;    25.579;    88.447; 
 371;      .926;    25.592;    88.447; 
 372;      .924;    25.598;    88.447; 
 373;      .921;    25.609;    88.447; 
 374;      .918;    25.622;    88.447; 
 375;      .916;    25.628;    88.447; 
 376;      .913;    25.641;    88.447; 
 377;      .911;    25.650;    88.447; 
 378;      .908;    25.660;    88.447; 
 379;      .904;    25.675;    88.447; 
 380;      .901;    25.687;    88.447; 
 381;      .899;    25.695;    88.447; 
 382;      .897;    25.702;    88.447; 
 383;      .896;    25.706;    88.447; 
 384;      .894;    25.711;    88.447; 
 385;      .890;    25.724;    88.447; 
 386;      .888;    25.733;    88.447; 
 387;      .883;    25.749;    88.447; 
 388;      .880;    25.764;    88.447; 
 389;      .877;    25.773;    88.447; 
 390;      .874;    25.783;    88.447; 
 391;      .872;    25.792;    88.447; 
 392;      .868;    25.805;    88.447; 
 393;      .867;    25.812;    88.447; 
 394;      .864;    25.819;    88.447; 
 395;      .861;    25.831;    88.447; 
 396;      .858;    25.842;    88.447; 
 397;      .854;    25.857;    88.447; 
 398;      .852;    25.864;    88.447; 
 399;      .850;    25.872;    88.447; 
 400;      .847;    25.883;    88.447; 
 401;      .844;    25.893;    88.447; 
 402;      .840;    25.905;    88.447; 
 403;      .837;    25.916;    88.447; 
 404;      .835;    25.924;    88.447; 
 405;      .832;    25.935;    88.447; 
 406;      .830;    25.941;    88.447; 
 407;      .827;    25.948;    88.447; 
 408;      .823;    25.960;    88.447; 
 409;      .820;    25.970;    88.447; 
 410;      .816;    25.986;    88.447; 
 411;      .813;    25.995;    88.447; 
 412;      .809;    26.010;    88.447; 
 413;      .807;    26.018;    88.447; 
 414;      .805;    26.023;    88.447; 
 415;      .802;    26.032;    88.447; 
 416;      .799;    26.044;    88.447; 
 417;      .795;    26.055;    88.447; 
 418;      .793;    26.064;    88.447; 
 419;      .789;    26.076;    88.447; 
 420;      .787;    26.083;    88.447; 
 421;      .785;    26.089;    88.447; 
 422;      .782;    26.098;    88.447; 
 423;      .778;    26.108;    88.447; 
 424;      .774;    26.120;    88.447; 
 425;      .772;    26.127;    88.447; 
 426;      .766;    26.144;    88.447; 
 427;      .764;    26.152;    88.447; 
 428;      .761;    26.161;    88.447; 
 429;      .758;    26.171;    88.447; 
 430;      .755;    26.179;    88.447; 
 431;      .752;    26.187;    88.447; 
 432;      .748;    26.198;    88.447; 
 433;      .746;    26.204;    88.447; 
 434;      .741;    26.219;    88.447; 
 435;      .738;    26.226;    88.447; 
 436;      .733;    26.241;    88.447; 
 437;      .729;    26.256;    88.447; 
 438;      .727;    26.261;    88.447; 
 439;      .724;    26.269;    88.447; 
 440;      .719;    26.284;    88.447; 
 441;      .718;    26.288;    88.447; 
 442;      .714;    26.299;    88.447; 
 443;      .712;    26.304;    88.447; 
 444;      .709;    26.312;    88.447; 
 445;      .705;    26.323;    88.447; 
 446;      .703;    26.327;    88.447; 
 447;      .697;    26.343;    88.447; 
 448;      .692;    26.356;    88.447; 
 449;      .688;    26.368;    88.447; 
 450;      .683;    26.384;    88.447; 
 451;      .681;    26.389;    88.447; 
 452;      .677;    26.401;    88.447; 
 453;      .676;    26.404;    88.447; 
 454;      .672;    26.416;    88.447; 
 455;      .669;    26.424;    88.447; 
 456;      .663;    26.440;    88.447; 
 457;      .660;    26.448;    88.447; 
 458;      .657;    26.459;    88.447; 
 459;      .654;    26.467;    88.447; 
 460;      .651;    26.475;    88.447; 
 461;      .648;    26.481;    88.447; 
 462;      .644;    26.492;    88.447; 
 463;      .640;    26.503;    88.447; 
 464;      .636;    26.515;    88.447; 
 465;      .632;    26.524;    88.447; 
 466;      .629;    26.532;    88.447; 
 467;      .626;    26.539;    88.447; 
 468;      .624;    26.545;    88.447; 
 469;      .619;    26.556;    88.447; 
 470;      .616;    26.564;    88.447; 
 471;      .609;    26.583;    88.447; 
 472;      .604;    26.596;    88.447; 
 473;      .600;    26.606;    88.447; 
 474;      .597;    26.614;    88.447; 
 475;      .594;    26.624;    88.447; 
 476;      .590;    26.633;    88.447; 
 477;      .587;    26.641;    88.447; 
 478;      .584;    26.647;    88.447; 
 479;      .581;    26.655;    88.447; 
 480;      .577;    26.665;    88.447; 
 481;      .570;    26.683;    88.447; 
 482;      .565;    26.699;    88.447; 
 483;      .561;    26.708;    88.447; 
 484;      .559;    26.716;    88.447; 
 485;      .556;    26.722;    88.447; 
 486;      .554;    26.728;    88.447; 
 487;      .549;    26.740;    88.447; 
 488;      .545;    26.750;    88.447; 
 489;      .541;    26.760;    88.447; 
 490;      .538;    26.767;    88.447; 
 491;      .535;    26.776;    88.447; 
 492;      .533;    26.781;    88.447; 
 493;      .529;    26.790;    88.447; 
 494;      .524;    26.802;    88.447; 
 495;      .520;    26.811;    88.447; 
 496;      .514;    26.825;    88.447; 
 497;      .510;    26.834;    88.447; 
 498;      .504;    26.849;    88.447; 
 499;      .499;    26.864;    88.447; 
 500;      .498;    26.866;    88.447; 
 501;      .495;    26.874;    88.447; 
 502;      .493;    26.879;    88.447; 
 503;      .488;    26.890;    88.447; 
 504;      .483;    26.901;    88.447; 
 505;      .479;    26.910;    88.447; 
 506;      .475;    26.919;    88.447; 
 507;      .473;    26.925;    88.447; 
 508;      .468;    26.935;    88.447; 
 509;      .465;    26.942;    88.447; 
 510;      .459;    26.954;    88.447; 
 511;      .456;    26.962;    88.447; 
 512;      .452;    26.969;    88.447; 
 513;      .451;    26.971;    88.447; 
 514;      .450;    26.974;    88.447; 
 515;      .446;    26.979;    88.447; 
 516;      .444;    26.983;    88.447; 
 517;      .443;    26.984;    88.447; 
 518;      .438;    26.991;    88.447; 
 519;      .437;    26.992;    88.447; 
 520;      .435;    26.994;    88.447; 
 521;      .432;    26.998;    88.447; 
 522;      .428;    27.002;    88.447; 
 523;      .430;    27.000;    88.447; 
 524;      .420;    27.010;    88.447; 
 525;      .412;    27.018;    88.447; 
 526;      .405;    27.026;    88.447; 
 527;      .398;    27.033;    88.447; 
 528;      .396;    27.035;    88.447; 
 529;      .392;    27.039;    88.447; 
 530;      .392;    27.039;    88.447; 
 531;      .386;    27.043;    88.447; 
 532;      .385;    27.044;    88.447; 
 533;      .385;    27.043;    88.447; 
 534;      .379;    27.048;    88.447; 
 535;      .377;    27.049;    88.447; 
 536;      .373;    27.051;    88.447; 
 537;      .368;    27.054;    88.447; 
 538;      .367;    27.054;    88.447; 
 539;      .361;    27.057;    88.447; 
 540;      .356;    27.059;    88.447; 
 541;      .349;    27.062;    88.447; 
 542;      .339;    27.066;    88.447; 
 543;      .331;    27.070;    88.447; 
 544;      .328;    27.071;    88.447; 
 545;      .326;    27.072;    88.447; 
 546;      .326;    27.072;    88.447; 
 547;      .320;    27.073;    88.447; 
 548;      .314;    27.075;    88.447; 
 549;      .309;    27.076;    88.447; 
 550;      .304;    27.077;    88.447; 
 551;      .299;    27.078;    88.447; 
 552;      .295;    27.079;    88.447; 
 553;      .288;    27.080;    88.447; 
 554;      .283;    27.080;    88.447; 
 555;      .278;    27.081;    88.447; 
 556;      .274;    27.081;    88.447; 
 557;      .269;    27.082;    88.447; 
 558;      .262;    27.082;    88.447; 
 559;      .253;    27.082;    88.447; 
 560;      .246;    27.083;    88.447; 
 561;      .236;    27.083;    88.447; 
 562;      .225;    27.083;    88.447; 
 563;      .214;    27.084;    88.447; 
 564;      .205;    27.084;    88.447; 
 565;      .198;    27.084;    88.447; 
 566;      .189;    27.084;    88.447; 
 567;      .178;    27.084;    88.447; 
 568;      .167;    27.084;    88.447; 
 569;      .156;    27.084;    88.447; 
 570;      .145;    27.085;    88.447; 
 571;      .135;    27.085;    88.447; 
 572;      .125;    27.085;    88.447; 
 573;      .116;    27.085;    88.447; 
 574;      .105;    27.085;    88.447; 
 575;      .095;    27.085;    88.447; 
 576;      .086;    27.085;    88.447; 
 577;      .075;    27.085;    88.447; 
 578;      .066;    27.085;    88.447; 
 579;      .055;    27.085;    88.447; 
 580;      .046;    27.085;    88.447; 
 581;      .035;    27.085;    88.447; 
 582;      .024;    27.085;    88.447; 
 583;      .014;    27.085;    88.447; 
 584;      .001;    27.085;    88.447; 
 585;     -.007;    27.085;    88.447; 
 586;     -.019;    27.084;    88.447; 
 587;     -.026;    27.084;    88.447; 
 588;     -.034;    27.084;    88.447; 
 589;     -.040;    27.084;    88.447; 
 590;     -.052;    27.083;    88.447; 
 591;     -.068;    27.083;    88.447; 
 592;     -.082;    27.083;    88.447; 
 593;     -.095;    27.083;    88.447; 
 594;     -.106;    27.083;    88.447; 
 595;     -.119;    27.083;    88.447; 
 596;     -.131;    27.083;    88.447; 
 597;     -.140;    27.083;    88.447; 
 598;     -.149;    27.083;    88.447; 
 599;     -.156;    27.083;    88.447; 
 600;     -.163;    27.083;    88.447; 
 601;     -.174;    27.082;    88.447; 
 602;     -.185;    27.082;    88.447; 
 603;     -.196;    27.082;    88.447; 
 604;     -.204;    27.082;    88.447; 
 605;     -.214;    27.081;    88.447; 
 606;     -.224;    27.081;    88.447; 
 607;     -.239;    27.081;    88.447; 
 608;     -.259;    27.081;    88.447; 
 609;     -.266;    27.081;    88.447; 
 610;     -.274;    27.081;    88.447; 
 611;     -.278;    27.081;    88.447; 
 612;     -.283;    27.080;    88.447; 
 613;     -.286;    27.080;    88.447; 
 614;     -.292;    27.079;    88.447; 
 615;     -.295;    27.079;    88.447; 
 616;     -.299;    27.078;    88.447; 
 617;     -.302;    27.077;    88.447; 
 618;     -.306;    27.076;    88.447; 
 619;     -.310;    27.075;    88.447; 
 620;     -.314;    27.074;    88.447; 
 621;     -.318;    27.073;    88.447; 
 622;     -.322;    27.071;    88.447; 
 623;     -.325;    27.070;    88.447; 
 624;     -.331;    27.068;    88.447; 
 625;     -.332;    27.067;    88.447; 
 626;     -.337;    27.065;    88.447; 
 627;     -.338;    27.064;    88.447; 
 628;     -.343;    27.061;    88.447; 
 629;     -.343;    27.061;    88.447; 
 630;     -.347;    27.059;    88.447; 
 631;     -.348;    27.058;    88.447; 
 632;     -.350;    27.056;    88.447; 
 633;     -.355;    27.052;    88.447; 
 634;     -.360;    27.048;    88.447; 
 635;     -.371;    27.040;    88.447; 
 636;     -.377;    27.036;    88.447; 
 637;     -.387;    27.028;    88.447; 
 638;     -.393;    27.023;    88.447; 
 639;     -.398;    27.019;    88.447; 
 640;     -.397;    27.019;    88.447; 
 641;     -.400;    27.017;    88.447; 
 642;     -.402;    27.014;    88.447; 
 643;     -.405;    27.012;    88.447; 
 644;     -.407;    27.009;    88.447; 
 645;     -.409;    27.006;    88.447; 
 646;     -.410;    27.004;    88.447; 
 647;     -.414;    26.999;    88.447; 
 648;     -.417;    26.995;    88.447; 
 649;     -.419;    26.992;    88.447; 
 650;     -.422;    26.987;    88.447; 
 651;     -.422;    26.986;    88.447; 
 652;     -.422;    26.986;    88.447; 
 653;     -.428;    26.975;    88.447; 
 654;     -.430;    26.969;    88.447; 
 655;     -.437;    26.956;    88.447; 
 656;     -.442;    26.946;    88.447; 
 657;     -.443;    26.944;    88.447; 
 658;     -.447;    26.936;    88.447; 
 659;     -.451;    26.928;    88.447; 
 660;     -.455;    26.918;    88.447; 
 661;     -.456;    26.914;    88.447; 
 662;     -.458;    26.908;    88.447; 
 663;     -.464;    26.895;    88.447; 
 664;     -.472;    26.875;    88.447; 
 665;     -.481;    26.858;    88.447; 
 666;     -.484;    26.851;    88.447; 
 667;     -.486;    26.846;    88.447; 
 668;     -.488;    26.840;    88.447; 
 669;     -.490;    26.836;    88.447; 
 670;     -.492;    26.830;    88.447; 
 671;     -.499;    26.814;    88.447; 
 672;     -.505;    26.798;    88.447; 
 673;     -.511;    26.786;    88.447; 
 674;     -.515;    26.776;    88.447; 
 675;     -.519;    26.767;    88.447; 
 676;     -.522;    26.760;    88.447; 
 677;     -.526;    26.750;    88.447; 
 678;     -.530;    26.741;    88.447; 
 679;     -.533;    26.735;    88.447; 
 680;     -.538;    26.722;    88.447; 
 681;     -.541;    26.715;    88.447; 
 682;     -.545;    26.705;    88.447; 
 683;     -.548;    26.697;    88.447; 
 684;     -.552;    26.688;    88.447; 
 685;     -.554;    26.682;    88.447; 
 686;     -.558;    26.671;    88.447; 
 687;     -.565;    26.655;    88.447; 
 688;     -.571;    26.639;    88.447; 
 689;     -.573;    26.635;    88.447; 
 690;     -.576;    26.629;    88.447; 
 691;     -.579;    26.620;    88.447; 
 692;     -.581;    26.615;    88.447; 
 693;     -.585;    26.604;    88.447; 
 694;     -.590;    26.590;    88.447; 
 695;     -.595;    26.578;    88.447; 
 696;     -.601;    26.564;    88.447; 
 697;     -.605;    26.556;    88.447; 
 698;     -.609;    26.546;    88.447; 
 699;     -.610;    26.542;    88.447; 
 700;     -.614;    26.533;    88.447; 
 701;     -.616;    26.526;    88.447; 
 702;     -.620;    26.516;    88.447; 
 703;     -.623;    26.508;    88.447; 
 704;     -.627;    26.498;    88.447; 
 705;     -.630;    26.489;    88.447; 
 706;     -.635;    26.475;    88.447; 
 707;     -.640;    26.463;    88.447; 
 708;     -.644;    26.452;    88.447; 
 709;     -.648;    26.441;    88.447; 
 710;     -.652;    26.432;    88.447; 
 711;     -.656;    26.421;    88.447; 
 712;     -.662;    26.408;    88.447; 
 713;     -.664;    26.402;    88.447; 
 714;     -.665;    26.398;    88.447; 
 715;     -.667;    26.393;    88.447; 
 716;     -.670;    26.383;    88.447; 
 717;     -.676;    26.368;    88.447; 
 718;     -.680;    26.355;    88.447; 
 719;     -.686;    26.340;    88.447; 
 720;     -.691;    26.330;    88.447; 
 721;     -.693;    26.324;    88.447; 
 722;     -.697;    26.314;    88.447; 
 723;     -.699;    26.307;    88.447; 
 724;     -.703;    26.298;    88.447; 
 725;     -.705;    26.291;    88.447; 
 726;     -.710;    26.278;    88.447; 
 727;     -.712;    26.271;    88.447; 
 728;     -.717;    26.258;    88.447; 
 729;     -.718;    26.253;    88.447; 
 730;     -.724;    26.238;    88.447; 
 731;     -.728;    26.227;    88.447; 
 732;     -.730;    26.220;    88.447; 
 733;     -.734;    26.210;    88.447; 
 734;     -.735;    26.205;    88.447; 
 735;     -.738;    26.194;    88.447; 
 736;     -.743;    26.179;    88.447; 
 737;     -.749;    26.164;    88.447; 
 738;     -.752;    26.155;    88.447; 
 739;     -.756;    26.144;    88.447; 
 740;     -.759;    26.137;    88.447; 
 741;     -.761;    26.130;    88.447; 
 742;     -.764;    26.122;    88.447; 
 743;     -.765;    26.117;    88.447; 
 744;     -.769;    26.105;    88.447; 
 745;     -.775;    26.088;    88.447; 
 746;     -.776;    26.083;    88.447; 
 747;     -.780;    26.073;    88.447; 
 748;     -.782;    26.066;    88.447; 
 749;     -.785;    26.054;    88.447; 
 750;     -.790;    26.040;    88.447; 
 751;     -.796;    26.023;    88.447; 
 752;     -.800;    26.013;    88.447; 
 753;     -.801;    26.008;    88.447; 
 754;     -.805;    25.998;    88.447; 
 755;     -.807;    25.990;    88.447; 
 756;     -.811;    25.979;    88.447; 
 757;     -.814;    25.972;    88.447; 
 758;     -.817;    25.962;    88.447; 
 759;     -.819;    25.953;    88.447; 
 760;     -.823;    25.943;    88.447; 
 761;     -.826;    25.933;    88.447; 
 762;     -.829;    25.924;    88.447; 
 763;     -.833;    25.912;    88.447; 
 764;     -.835;    25.905;    88.447; 
 765;     -.839;    25.892;    88.447; 
 766;     -.841;    25.885;    88.447; 
 767;     -.844;    25.876;    88.447; 
 768;     -.847;    25.865;    88.447; 
 769;     -.850;    25.856;    88.447; 
 770;     -.853;    25.844;    88.447; 
 771;     -.857;    25.832;    88.447; 
 772;     -.860;    25.823;    88.447; 
 773;     -.862;    25.816;    88.447; 
 774;     -.864;    25.809;    88.447; 
 775;     -.867;    25.798;    88.447; 
 776;     -.869;    25.791;    88.447; 
 777;     -.872;    25.781;    88.447; 
 778;     -.875;    25.769;    88.447; 
 779;     -.877;    25.763;    88.447; 
 780;     -.881;    25.749;    88.447; 
 781;     -.884;    25.738;    88.447; 
 782;     -.889;    25.723;    88.447; 
 783;     -.891;    25.713;    88.447; 
 784;     -.894;    25.704;    88.447; 
 785;     -.896;    25.697;    88.447; 
 786;     -.899;    25.687;    88.447; 
 787;     -.902;    25.678;    88.447; 
 788;     -.904;    25.670;    88.447; 
 789;     -.906;    25.663;    88.447; 
 790;     -.910;    25.648;    88.447; 
 791;     -.911;    25.643;    88.447; 
 792;     -.913;    25.634;    88.447; 
 793;     -.915;    25.627;    88.447; 
 794;     -.918;    25.615;    88.447; 
 795;     -.921;    25.603;    88.447; 
 796;     -.926;    25.585;    88.447; 
 797;     -.931;    25.568;    88.447; 
 798;     -.933;    25.564;    88.447; 
 799;     -.937;    25.550;    88.447; 
 800;     -.938;    25.547;    88.447; 
 801;     -.941;    25.535;    88.447; 
 802;     -.944;    25.525;    88.447; 
 803;     -.945;    25.519;    88.447; 
 804;     -.947;    25.512;    88.447; 
 805;     -.948;    25.506;    88.447; 
 806;     -.951;    25.496;    88.447; 
 807;     -.953;    25.487;    88.447; 
 808;     -.955;    25.479;    88.447; 
 809;     -.956;    25.473;    88.447; 
 810;     -.957;    25.467;    88.447; 
 811;     -.958;    25.460;    88.447; 
 812;     -.960;    25.446;    88.447; 
 813;     -.963;    25.433;    88.447; 
 814;     -.968;    25.411;    88.447; 
 815;     -.974;    25.389;    88.447; 
 816;     -.979;    25.374;    88.447; 
 817;     -.981;    25.366;    88.447; 
 818;     -.983;    25.359;    88.447; 
 819;     -.983;    25.357;    88.447; 
 820;     -.986;    25.347;    88.447; 
 821;     -.986;    25.344;    88.447; 
 822;     -.988;    25.336;    88.447; 
 823;     -.990;    25.325;    88.447; 
 824;     -.992;    25.318;    88.447; 
 825;     -.994;    25.308;    88.447; 
 826;     -.996;    25.297;    88.447; 
 827;    -1.000;    25.281;    88.447; 
 828;    -1.002;    25.270;    88.447; 
 829;    -1.006;    25.256;    88.447; 
 830;    -1.007;    25.250;    88.447; 
 831;    -1.009;    25.241;    88.447; 
 832;    -1.010;    25.234;    88.447; 
 833;    -1.012;    25.224;    88.447; 
 834;    -1.014;    25.213;    88.447; 
 835;    -1.017;    25.203;    88.447; 
 836;    -1.018;    25.193;    88.447; 
 837;    -1.020;    25.186;    88.447; 
 838;    -1.022;    25.173;    88.447; 
 839;    -1.024;    25.162;    88.447; 
 840;    -1.026;    25.151;    88.447; 
 841;    -1.028;    25.144;    88.447; 
 842;    -1.029;    25.138;    88.447; 
 843;    -1.031;    25.123;    88.447; 
 844;    -1.033;    25.115;    88.447; 
 845;    -1.035;    25.102;    88.447; 
 846;    -1.040;    25.079;    88.447; 
 847;    -1.042;    25.071;    88.447; 
 848;    -1.047;    25.050;    88.447; 
 849;    -1.051;    25.037;    88.447; 
 850;    -1.054;    25.028;    88.447; 
 851;    -1.057;    25.016;    88.447; 
 852;    -1.059;    25.009;    88.447; 
 853;    -1.064;    24.993;    88.447; 
 854;    -1.072;    24.971;    88.447; 
 855;    -1.100;    24.915;    88.447; 
 856;    -1.164;    24.847;    88.447; 
 857;    -1.233;    24.808;    88.447; 
 858;    -1.300;    24.790;    88.447; 
 859;    -1.340;    24.787;    88.447; 
 860;    -1.348;    24.787;    88.447; 
 861;    -1.354;    24.786;    88.447; 
 862;    -1.360;    24.786;    88.447; 
 863;    -1.366;    24.785;    88.447; 
 864;    -1.373;    24.785;    88.447; 
 865;    -1.385;    24.783;    88.447; 
 866;    -1.408;    24.782;    88.447; 
 867;    -1.430;    24.782;    88.447; 
 868;    -1.439;    24.782;    88.447; 
 869;    -1.444;    24.781;    88.447; 
 870;    -1.448;    24.781;    88.447; 
 871;    -1.453;    24.781;    88.447; 
 872;    -1.457;    24.780;    88.447; 
 873;    -1.468;    24.779;    88.447; 
 874;    -1.484;    24.777;    88.447; 
 875;    -1.502;    24.776;    88.447; 
 876;    -1.519;    24.776;    88.447; 
 877;    -1.530;    24.776;    88.447; 
 878;    -1.539;    24.775;    88.447; 
 879;    -1.549;    24.775;    88.447; 
 880;    -1.561;    24.775;    88.447; 
 881;    -1.573;    24.775;    88.447; 
 882;    -1.583;    24.774;    88.447; 
 883;    -1.590;    24.774;    88.447; 
 884;    -1.598;    24.774;    88.447; 
 885;    -1.604;    24.773;    88.447; 
 886;    -1.613;    24.773;    88.447; 
 887;    -1.622;    24.772;    88.447; 
 888;    -1.632;    24.771;    88.447; 
 889;    -1.642;    24.771;    88.447; 
 890;    -1.650;    24.770;    88.447; 
 891;    -1.667;    24.769;    88.447; 
 892;    -1.701;    24.769;    88.447; 
 893;    -1.746;    24.774;    88.447; 
 894;    -1.798;    24.789;    88.447; 
 895;    -1.891;    24.849;    88.447; 
 896;    -1.931;    24.898;    88.447; 
 897;    -1.955;    24.940;    88.447; 
 898;    -1.961;    24.953;    88.447; 
 899;    -1.968;    24.971;    88.447; 
 900;    -1.975;    24.987;    88.447; 
 901;    -1.976;    24.991;    88.447; 
 902;    -1.982;    25.007;    88.447; 
 903;    -1.990;    25.032;    88.447; 
 904;    -1.995;    25.048;    88.447; 
 905;    -1.998;    25.059;    88.447; 
 906;    -2.001;    25.070;    88.447; 
 907;    -2.004;    25.081;    88.447; 
 908;    -2.005;    25.086;    88.447; 
 909;    -2.007;    25.090;    88.447; 
 910;    -2.010;    25.099;    88.447; 
 911;    -2.012;    25.107;    88.447; 
 912;    -2.016;    25.120;    88.447; 
 913;    -2.021;    25.135;    88.447; 
 914;    -2.024;    25.146;    88.447; 
 915;    -2.026;    25.152;    88.447; 
 916;    -2.030;    25.165;    88.447; 
 917;    -2.033;    25.173;    88.447; 
 918;    -2.034;    25.175;    88.447; 
 919;    -2.037;    25.187;    88.447; 
 920;    -2.042;    25.202;    88.447; 
 921;    -2.045;    25.212;    88.447; 
 922;    -2.050;    25.226;    88.447; 
 923;    -2.050;    25.228;    88.447; 
 924;    -2.053;    25.236;    88.447; 
 925;    -2.055;    25.241;    88.447; 
 926;    -2.058;    25.250;    88.447; 
 927;    -2.061;    25.257;    88.447; 
 928;    -2.066;    25.271;    88.447; 
 929;    -2.070;    25.283;    88.447; 
 930;    -2.072;    25.288;    88.447; 
 931;    -2.075;    25.297;    88.447; 
 932;    -2.078;    25.302;    88.447; 
 933;    -2.086;    25.327;    88.447; 
 934;    -2.092;    25.346;    88.447; 
 935;    -2.097;    25.364;    88.447; 
 936;    -2.098;    25.370;    88.447; 
 937;    -2.099;    25.372;    88.447; 
 938;    -2.101;    25.378;    88.447; 
 939;    -2.103;    25.382;    88.447; 
 940;    -2.105;    25.388;    88.447; 
 941;    -2.107;    25.393;    88.447; 
 942;    -2.111;    25.405;    88.447; 
 943;    -2.118;    25.424;    88.447; 
 944;    -2.121;    25.431;    88.447; 
 945;    -2.123;    25.436;    88.447; 
 946;    -2.126;    25.445;    88.447; 
 947;    -2.131;    25.457;    88.447; 
 948;    -2.134;    25.467;    88.447; 
 949;    -2.138;    25.479;    88.447; 
 950;    -2.142;    25.488;    88.447; 
 951;    -2.145;    25.496;    88.447; 
 952;    -2.147;    25.503;    88.447; 
 953;    -2.152;    25.513;    88.447; 
 954;    -2.155;    25.522;    88.447; 
 955;    -2.158;    25.529;    88.447; 
 956;    -2.164;    25.545;    88.447; 
 957;    -2.169;    25.557;    88.447; 
 958;    -2.174;    25.570;    88.447; 
 959;    -2.178;    25.583;    88.447; 
 960;    -2.180;    25.589;    88.447; 
 961;    -2.184;    25.600;    88.447; 
 962;    -2.186;    25.603;    88.447; 
 963;    -2.189;    25.611;    88.447; 
 964;    -2.193;    25.621;    88.447; 
 965;    -2.196;    25.629;    88.447; 
 966;    -2.200;    25.639;    88.447; 
 967;    -2.205;    25.649;    88.447; 
 968;    -2.210;    25.663;    88.447; 
 969;    -2.213;    25.671;    88.447; 
 970;    -2.217;    25.680;    88.447; 
 971;    -2.220;    25.689;    88.447; 
 972;    -2.225;    25.700;    88.447; 
 973;    -2.228;    25.708;    88.447; 
 974;    -2.231;    25.716;    88.447; 
 975;    -2.236;    25.728;    88.447; 
 976;    -2.240;    25.736;    88.447; 
 977;    -2.245;    25.748;    88.447; 
 978;    -2.249;    25.759;    88.447; 
 979;    -2.254;    25.769;    88.447; 
 980;    -2.256;    25.776;    88.447; 
 981;    -2.260;    25.785;    88.447; 
 982;    -2.264;    25.794;    88.447; 
 983;    -2.268;    25.803;    88.447; 
 984;    -2.273;    25.814;    88.447; 
 985;    -2.277;    25.825;    88.447; 
 986;    -2.281;    25.833;    88.447; 
 987;    -2.284;    25.840;    88.447; 
 988;    -2.288;    25.849;    88.447; 
 989;    -2.291;    25.857;    88.447; 
 990;    -2.297;    25.869;    88.447; 
 991;    -2.299;    25.874;    88.447; 
 992;    -2.303;    25.883;    88.447; 
 993;    -2.308;    25.893;    88.447; 
 994;    -2.316;    25.911;    88.447; 
 995;    -2.320;    25.921;    88.447; 
 996;    -2.325;    25.931;    88.447; 
 997;    -2.328;    25.938;    88.447; 
 998;    -2.329;    25.940;    88.447; 
 999;    -2.333;    25.949;    88.447; 
1000;    -2.337;    25.958;    88.447; 
1001;    -2.342;    25.968;    88.447; 
1002;    -2.346;    25.977;    88.447; 
1003;    -2.350;    25.983;    88.447; 
1004;    -2.358;    26.000;    88.447; 
1005;    -2.364;    26.016;    88.447; 
1006;    -2.369;    26.027;    88.447; 
1007;    -2.372;    26.033;    88.447; 
1008;    -2.375;    26.040;    88.447; 
1009;    -2.380;    26.050;    88.447; 
1010;    -2.383;    26.056;    88.447; 
1011;    -2.386;    26.061;    88.447; 
1012;    -2.390;    26.071;    88.447; 
1013;    -2.399;    26.088;    88.447; 
1014;    -2.403;    26.097;    88.447; 
1015;    -2.408;    26.107;    88.447; 
1016;    -2.412;    26.118;    88.447; 
1017;    -2.416;    26.125;    88.447; 
1018;    -2.420;    26.133;    88.447; 
1019;    -2.422;    26.137;    88.447; 
1020;    -2.428;    26.149;    88.447; 
1021;    -2.432;    26.157;    88.447; 
1022;    -2.439;    26.173;    88.447; 
1023;    -2.444;    26.183;    88.447; 
1024;    -2.450;    26.196;    88.447; 
1025;    -2.453;    26.202;    88.447; 
1026;    -2.457;    26.212;    88.447; 
1027;    -2.460;    26.218;    88.447; 
1028;    -2.464;    26.225;    88.447; 
1029;    -2.467;    26.230;    88.447; 
1030;    -2.472;    26.239;    88.447; 
1031;    -2.478;    26.251;    88.447; 
1032;    -2.482;    26.260;    88.447; 
1033;    -2.489;    26.274;    88.447; 
1034;    -2.492;    26.280;    88.447; 
1035;    -2.498;    26.292;    88.447; 
1036;    -2.502;    26.300;    88.447; 
1037;    -2.508;    26.311;    88.447; 
1038;    -2.511;    26.318;    88.447; 
1039;    -2.516;    26.328;    88.447; 
1040;    -2.521;    26.337;    88.447; 
1041;    -2.522;    26.340;    88.447; 
1042;    -2.530;    26.355;    88.447; 
1043;    -2.536;    26.367;    88.447; 
1044;    -2.541;    26.378;    88.447; 
1045;    -2.546;    26.387;    88.447; 
1046;    -2.550;    26.394;    88.447; 
1047;    -2.554;    26.402;    88.447; 
1048;    -2.555;    26.405;    88.447; 
1049;    -2.562;    26.419;    88.447; 
1050;    -2.568;    26.429;    88.447; 
1051;    -2.571;    26.435;    88.447; 
1052;    -2.575;    26.443;    88.447; 
1053;    -2.583;    26.457;    88.447; 
1054;    -2.586;    26.462;    88.447; 
1055;    -2.592;    26.475;    88.447; 
1056;    -2.597;    26.485;    88.447; 
1057;    -2.601;    26.491;    88.447; 
1058;    -2.608;    26.505;    88.447; 
1059;    -2.613;    26.516;    88.447; 
1060;    -2.615;    26.518;    88.447; 
1061;    -2.620;    26.527;    88.447; 
1062;    -2.624;    26.534;    88.447; 
1063;    -2.631;    26.548;    88.447; 
1064;    -2.636;    26.558;    88.447; 
1065;    -2.642;    26.568;    88.447; 
1066;    -2.644;    26.573;    88.447; 
1067;    -2.651;    26.585;    88.447; 
1068;    -2.654;    26.591;    88.447; 
1069;    -2.659;    26.599;    88.447; 
1070;    -2.663;    26.607;    88.447; 
1071;    -2.668;    26.615;    88.447; 
1072;    -2.675;    26.628;    88.447; 
1073;    -2.679;    26.635;    88.447; 
1074;    -2.686;    26.647;    88.447; 
1075;    -2.690;    26.655;    88.447; 
1076;    -2.698;    26.670;    88.447; 
1077;    -2.704;    26.682;    88.447; 
1078;    -2.709;    26.690;    88.447; 
1079;    -2.712;    26.697;    88.447; 
1080;    -2.716;    26.705;    88.447; 
1081;    -2.718;    26.707;    88.447; 
1082;    -2.723;    26.716;    88.447; 
1083;    -2.727;    26.723;    88.447; 
1084;    -2.732;    26.731;    88.447; 
1085;    -2.737;    26.740;    88.447; 
1086;    -2.746;    26.756;    88.447; 
1087;    -2.753;    26.768;    88.447; 
1088;    -2.761;    26.784;    88.447; 
1089;    -2.764;    26.788;    88.447; 
1090;    -2.768;    26.796;    88.447; 
1091;    -2.771;    26.801;    88.447; 
1092;    -2.774;    26.807;    88.447; 
1093;    -2.779;    26.814;    88.447; 
1094;    -2.786;    26.826;    88.447; 
1095;    -2.791;    26.834;    88.447; 
1096;    -2.793;    26.838;    88.447; 
1097;    -2.797;    26.843;    88.447; 
1098;    -2.799;    26.846;    88.447; 
1099;    -2.804;    26.853;    88.447; 
1100;    -2.804;    26.853;    88.447; 
1101;    -2.806;    26.855;    88.447; 
1102;    -2.811;    26.861;    88.447; 
1103;    -2.814;    26.864;    88.447; 
1104;    -2.815;    26.865;    88.447; 
1105;    -2.818;    26.868;    88.447; 
1106;    -2.831;    26.881;    88.447; 
1107;    -2.837;    26.887;    88.447; 
1108;    -2.841;    26.890;    88.447; 
1109;    -2.843;    26.892;    88.447; 
1110;    -2.850;    26.898;    88.447; 
1111;    -2.856;    26.903;    88.447; 
1112;    -2.858;    26.904;    88.447; 
1113;    -2.867;    26.912;    88.447; 
1114;    -2.868;    26.912;    88.447; 
1115;    -2.874;    26.916;    88.447; 
1116;    -2.875;    26.917;    88.447; 
1117;    -2.878;    26.918;    88.447; 
1118;    -2.882;    26.921;    88.447; 
1119;    -2.883;    26.921;    88.447; 
1120;    -2.885;    26.922;    88.447; 
1121;    -2.887;    26.922;    88.447; 
1122;    -2.891;    26.924;    88.447; 
1123;    -2.900;    26.927;    88.447; 
1124;    -2.907;    26.930;    88.447; 
1125;    -2.909;    26.930;    88.447; 
1126;    -2.916;    26.932;    88.447; 
1127;    -2.919;    26.933;    88.447; 
1128;    -2.923;    26.934;    88.447; 
1129;    -2.933;    26.936;    88.447; 
1130;    -2.942;    26.938;    88.447; 
1131;    -2.951;    26.940;    88.447; 
1132;    -2.955;    26.940;    88.447; 
1133;    -2.959;    26.941;    88.447; 
1134;    -2.963;    26.941;    88.447; 
1135;    -2.965;    26.941;    88.447; 
1136;    -2.970;    26.941;    88.447; 
1137;    -2.974;    26.941;    88.447; 
1138;    -2.978;    26.941;    88.447; 
1139;    -2.980;    26.941;    88.447; 
1140;    -2.984;    26.941;    88.447; 
1141;    -2.988;    26.940;    88.447; 
