[A]
   1;     3.118;    27.013;    88.447; 
   2;     3.108;    27.014;    88.447; 
   3;     3.098;    27.015;    88.447; 
   4;     3.089;    27.016;    88.447; 
   5;     3.080;    27.017;    88.447; 
   6;     3.070;    27.018;    88.447; 
   7;     3.059;    27.020;    88.447; 
   8;     3.048;    27.021;    88.447; 
   9;     3.039;    27.022;    88.447; 
  10;     3.030;    27.023;    88.447; 
  11;     3.015;    27.024;    88.447; 
  12;     3.005;    27.026;    88.447; 
  13;     2.996;    27.027;    88.447; 
  14;     2.985;    27.028;    88.447; 
  15;     2.971;    27.030;    88.447; 
  16;     2.962;    27.031;    88.447; 
  17;     2.955;    27.031;    88.447; 
  18;     2.946;    27.032;    88.447; 
  19;     2.936;    27.033;    88.447; 
  20;     2.926;    27.034;    88.447; 
  21;     2.918;    27.035;    88.447; 
  22;     2.910;    27.036;    88.447; 
  23;     2.904;    27.036;    88.447; 
  24;     2.890;    27.037;    88.447; 
  25;     2.877;    27.039;    88.447; 
  26;     2.869;    27.039;    88.447; 
  27;     2.860;    27.040;    88.447; 
  28;     2.835;    27.043;    88.447; 
  29;     2.822;    27.045;    88.447; 
  30;     2.810;    27.047;    88.447; 
  31;     2.804;    27.048;    88.447; 
  32;     2.798;    27.048;    88.447; 
  33;     2.783;    27.050;    88.447; 
  34;     2.775;    27.051;    88.447; 
  35;     2.766;    27.052;    88.447; 
  36;     2.759;    27.053;    88.447; 
  37;     2.750;    27.054;    88.447; 
  38;     2.740;    27.055;    88.447; 
  39;     2.727;    27.056;    88.447; 
  40;     2.718;    27.057;    88.447; 
  41;     2.711;    27.058;    88.447; 
  42;     2.706;    27.058;    88.447; 
  43;     2.706;    27.058;    88.447; 
  44;     2.702;    27.058;    88.447; 
  45;     2.695;    27.058;    88.447; 
  46;     2.693;    27.057;    88.447; 
  47;     2.691;    27.057;    88.447; 
  48;     2.687;    27.057;    88.447; 
  49;     2.686;    27.056;    88.447; 
  50;     2.683;    27.056;    88.447; 
  51;     2.681;    27.055;    88.447; 
  52;     2.676;    27.054;    88.447; 
  53;     2.669;    27.052;    88.447; 
  54;     2.658;    27.049;    88.447; 
  55;     2.642;    27.045;    88.447; 
  56;     2.624;    27.042;    88.447; 
  57;     2.625;    27.042;    88.447; 
  58;     2.608;    27.038;    88.447; 
  59;     2.603;    27.037;    88.447; 
  60;     2.598;    27.035;    88.447; 
  61;     2.597;    27.035;    88.447; 
  62;     2.596;    27.034;    88.447; 
  63;     2.595;    27.034;    88.447; 
  64;     2.593;    27.032;    88.447; 
  65;     2.588;    27.030;    88.447; 
  66;     2.590;    27.031;    88.447; 
  67;     2.585;    27.028;    88.447; 
  68;     2.583;    27.027;    88.447; 
  69;     2.577;    27.023;    88.447; 
  70;     2.577;    27.022;    88.447; 
  71;     2.569;    27.017;    88.447; 
  72;     2.569;    27.016;    88.447; 
  73;     2.559;    27.009;    88.447; 
  74;     2.558;    27.008;    88.447; 
  75;     2.556;    27.006;    88.447; 
  76;     2.551;    27.002;    88.447; 
  77;     2.550;    27.000;    88.447; 
  78;     2.550;    27.000;    88.447; 
  79;     2.546;    26.995;    88.447; 
  80;     2.545;    26.994;    88.447; 
  81;     2.544;    26.991;    88.447; 
  82;     2.537;    26.982;    88.447; 
  83;     2.526;    26.969;    88.447; 
  84;     2.515;    26.954;    88.447; 
  85;     2.510;    26.949;    88.447; 
  86;     2.507;    26.945;    88.447; 
  87;     2.504;    26.940;    88.447; 
  88;     2.503;    26.938;    88.447; 
  89;     2.502;    26.936;    88.447; 
  90;     2.496;    26.927;    88.447; 
  91;     2.492;    26.920;    88.447; 
  92;     2.489;    26.915;    88.447; 
  93;     2.485;    26.907;    88.447; 
  94;     2.480;    26.898;    88.447; 
  95;     2.476;    26.891;    88.447; 
  96;     2.471;    26.881;    88.447; 
  97;     2.467;    26.873;    88.447; 
  98;     2.457;    26.856;    88.447; 
  99;     2.453;    26.848;    88.447; 
 100;     2.446;    26.836;    88.447; 
 101;     2.440;    26.826;    88.447; 
 102;     2.437;    26.821;    88.447; 
 103;     2.435;    26.818;    88.447; 
 104;     2.430;    26.807;    88.447; 
 105;     2.428;    26.803;    88.447; 
 106;     2.423;    26.794;    88.447; 
 107;     2.415;    26.779;    88.447; 
 108;     2.408;    26.765;    88.447; 
 109;     2.401;    26.753;    88.447; 
 110;     2.399;    26.750;    88.447; 
 111;     2.396;    26.744;    88.447; 
 112;     2.393;    26.737;    88.447; 
 113;     2.389;    26.729;    88.447; 
 114;     2.381;    26.714;    88.447; 
 115;     2.373;    26.700;    88.447; 
 116;     2.368;    26.690;    88.447; 
 117;     2.362;    26.681;    88.447; 
 118;     2.359;    26.674;    88.447; 
 119;     2.353;    26.665;    88.447; 
 120;     2.350;    26.658;    88.447; 
 121;     2.346;    26.651;    88.447; 
 122;     2.341;    26.642;    88.447; 
 123;     2.336;    26.631;    88.447; 
 124;     2.330;    26.621;    88.447; 
 125;     2.325;    26.612;    88.447; 
 126;     2.322;    26.605;    88.447; 
 127;     2.320;    26.601;    88.447; 
 128;     2.314;    26.589;    88.447; 
 129;     2.309;    26.580;    88.447; 
 130;     2.300;    26.563;    88.447; 
 131;     2.293;    26.551;    88.447; 
 132;     2.290;    26.545;    88.447; 
 133;     2.289;    26.543;    88.447; 
 134;     2.282;    26.530;    88.447; 
 135;     2.277;    26.520;    88.447; 
 136;     2.272;    26.511;    88.447; 
 137;     2.267;    26.502;    88.447; 
 138;     2.264;    26.495;    88.447; 
 139;     2.261;    26.489;    88.447; 
 140;     2.259;    26.485;    88.447; 
 141;     2.257;    26.479;    88.447; 
 142;     2.249;    26.462;    88.447; 
 143;     2.241;    26.446;    88.447; 
 144;     2.233;    26.432;    88.447; 
 145;     2.229;    26.424;    88.447; 
 146;     2.227;    26.420;    88.447; 
 147;     2.223;    26.413;    88.447; 
 148;     2.219;    26.404;    88.447; 
 149;     2.215;    26.395;    88.447; 
 150;     2.207;    26.381;    88.447; 
 151;     2.203;    26.373;    88.447; 
 152;     2.199;    26.364;    88.447; 
 153;     2.194;    26.353;    88.447; 
 154;     2.190;    26.346;    88.447; 
 155;     2.186;    26.336;    88.447; 
 156;     2.178;    26.320;    88.447; 
 157;     2.174;    26.313;    88.447; 
 158;     2.170;    26.305;    88.447; 
 159;     2.166;    26.296;    88.447; 
 160;     2.161;    26.287;    88.447; 
 161;     2.158;    26.281;    88.447; 
 162;     2.154;    26.272;    88.447; 
 163;     2.149;    26.261;    88.447; 
 164;     2.145;    26.252;    88.447; 
 165;     2.140;    26.242;    88.447; 
 166;     2.134;    26.229;    88.447; 
 167;     2.132;    26.224;    88.447; 
 168;     2.130;    26.220;    88.447; 
 169;     2.126;    26.212;    88.447; 
 170;     2.122;    26.201;    88.447; 
 171;     2.111;    26.177;    88.447; 
 172;     2.106;    26.168;    88.447; 
 173;     2.103;    26.161;    88.447; 
 174;     2.098;    26.152;    88.447; 
 175;     2.095;    26.144;    88.447; 
 176;     2.091;    26.136;    88.447; 
 177;     2.085;    26.123;    88.447; 
 178;     2.081;    26.114;    88.447; 
 179;     2.075;    26.102;    88.447; 
 180;     2.071;    26.093;    88.447; 
 181;     2.070;    26.091;    88.447; 
 182;     2.066;    26.082;    88.447; 
 183;     2.063;    26.075;    88.447; 
 184;     2.059;    26.065;    88.447; 
 185;     2.057;    26.061;    88.447; 
 186;     2.050;    26.044;    88.447; 
 187;     2.048;    26.040;    88.447; 
 188;     2.043;    26.028;    88.447; 
 189;     2.039;    26.019;    88.447; 
 190;     2.033;    26.004;    88.447; 
 191;     2.029;    25.995;    88.447; 
 192;     2.025;    25.986;    88.447; 
 193;     2.018;    25.971;    88.447; 
 194;     2.011;    25.956;    88.447; 
 195;     2.007;    25.948;    88.447; 
 196;     2.005;    25.943;    88.447; 
 197;     2.003;    25.938;    88.447; 
 198;     1.999;    25.929;    88.447; 
 199;     1.996;    25.920;    88.447; 
 200;     1.992;    25.912;    88.447; 
 201;     1.987;    25.900;    88.447; 
 202;     1.984;    25.891;    88.447; 
 203;     1.979;    25.880;    88.447; 
 204;     1.975;    25.871;    88.447; 
 205;     1.970;    25.860;    88.447; 
 206;     1.968;    25.854;    88.447; 
 207;     1.964;    25.843;    88.447; 
 208;     1.959;    25.832;    88.447; 
 209;     1.954;    25.820;    88.447; 
 210;     1.952;    25.816;    88.447; 
 211;     1.947;    25.804;    88.447; 
 212;     1.944;    25.796;    88.447; 
 213;     1.942;    25.792;    88.447; 
 214;     1.938;    25.781;    88.447; 
 215;     1.933;    25.768;    88.447; 
 216;     1.929;    25.760;    88.447; 
 217;     1.925;    25.748;    88.447; 
 218;     1.921;    25.739;    88.447; 
 219;     1.919;    25.733;    88.447; 
 220;     1.916;    25.726;    88.447; 
 221;     1.912;    25.715;    88.447; 
 222;     1.906;    25.701;    88.447; 
 223;     1.903;    25.693;    88.447; 
 224;     1.899;    25.683;    88.447; 
 225;     1.896;    25.676;    88.447; 
 226;     1.892;    25.665;    88.447; 
 227;     1.889;    25.657;    88.447; 
 228;     1.887;    25.651;    88.447; 
 229;     1.884;    25.642;    88.447; 
 230;     1.879;    25.629;    88.447; 
 231;     1.874;    25.615;    88.447; 
 232;     1.870;    25.607;    88.447; 
 233;     1.868;    25.600;    88.447; 
 234;     1.864;    25.590;    88.447; 
 235;     1.860;    25.579;    88.447; 
 236;     1.858;    25.573;    88.447; 
 237;     1.854;    25.563;    88.447; 
 238;     1.851;    25.554;    88.447; 
 239;     1.846;    25.542;    88.447; 
 240;     1.841;    25.529;    88.447; 
 241;     1.839;    25.522;    88.447; 
 242;     1.836;    25.513;    88.447; 
 243;     1.834;    25.507;    88.447; 
 244;     1.830;    25.496;    88.447; 
 245;     1.826;    25.485;    88.447; 
 246;     1.824;    25.478;    88.447; 
 247;     1.821;    25.469;    88.447; 
 248;     1.818;    25.460;    88.447; 
 249;     1.816;    25.453;    88.447; 
 250;     1.813;    25.443;    88.447; 
 251;     1.810;    25.434;    88.447; 
 252;     1.808;    25.426;    88.447; 
 253;     1.801;    25.405;    88.447; 
 254;     1.795;    25.389;    88.447; 
 255;     1.790;    25.375;    88.447; 
 256;     1.787;    25.369;    88.447; 
 257;     1.785;    25.363;    88.447; 
 258;     1.783;    25.356;    88.447; 
 259;     1.779;    25.345;    88.447; 
 260;     1.779;    25.343;    88.447; 
 261;     1.776;    25.332;    88.447; 
 262;     1.771;    25.319;    88.447; 
 263;     1.767;    25.305;    88.447; 
 264;     1.763;    25.295;    88.447; 
 265;     1.760;    25.285;    88.447; 
 266;     1.755;    25.271;    88.447; 
 267;     1.753;    25.264;    88.447; 
 268;     1.750;    25.253;    88.447; 
 269;     1.747;    25.247;    88.447; 
 270;     1.743;    25.234;    88.447; 
 271;     1.741;    25.226;    88.447; 
 272;     1.738;    25.218;    88.447; 
 273;     1.737;    25.214;    88.447; 
 274;     1.733;    25.200;    88.447; 
 275;     1.731;    25.193;    88.447; 
 276;     1.726;    25.178;    88.447; 
 277;     1.721;    25.163;    88.447; 
 278;     1.718;    25.153;    88.447; 
 279;     1.715;    25.144;    88.447; 
 280;     1.713;    25.137;    88.447; 
 281;     1.707;    25.120;    88.447; 
 282;     1.703;    25.108;    88.447; 
 283;     1.697;    25.093;    88.447; 
 284;     1.691;    25.077;    88.447; 
 285;     1.682;    25.057;    88.447; 
 286;     1.670;    25.035;    88.447; 
 287;     1.662;    25.020;    88.447; 
 288;     1.652;    25.005;    88.447; 
 289;     1.634;    24.980;    88.447; 
 290;     1.565;    24.916;    88.447; 
 291;     1.452;    24.876;    88.447; 
 292;     1.406;    24.873;    88.447; 
 293;     1.389;    24.874;    88.447; 
 294;     1.371;    24.875;    88.447; 
 295;     1.359;    24.876;    88.447; 
 296;     1.349;    24.876;    88.447; 
 297;     1.339;    24.877;    88.447; 
 298;     1.331;    24.877;    88.447; 
 299;     1.324;    24.878;    88.447; 
 300;     1.313;    24.878;    88.447; 
 301;     1.306;    24.878;    88.447; 
 302;     1.291;    24.879;    88.447; 
 303;     1.278;    24.880;    88.447; 
 304;     1.264;    24.881;    88.447; 
 305;     1.252;    24.882;    88.447; 
 306;     1.244;    24.882;    88.447; 
 307;     1.234;    24.883;    88.447; 
 308;     1.226;    24.883;    88.447; 
 309;     1.218;    24.884;    88.447; 
 310;     1.208;    24.884;    88.447; 
 311;     1.196;    24.885;    88.447; 
 312;     1.189;    24.885;    88.447; 
 313;     1.178;    24.885;    88.447; 
 314;     1.169;    24.885;    88.447; 
 315;     1.158;    24.886;    88.447; 
 316;     1.142;    24.887;    88.447; 
 317;     1.132;    24.887;    88.447; 
 318;     1.122;    24.887;    88.447; 
 319;     1.111;    24.888;    88.447; 
 320;     1.093;    24.889;    88.447; 
 321;     1.078;    24.891;    88.447; 
 322;     1.069;    24.892;    88.447; 
 323;     1.060;    24.892;    88.447; 
 324;     1.050;    24.893;    88.447; 
 325;     1.039;    24.894;    88.447; 
 326;     1.012;    24.898;    88.447; 
 327;      .958;    24.912;    88.447; 
 328;      .890;    24.949;    88.447; 
 329;      .796;    25.074;    88.447; 
 330;      .784;    25.117;    88.447; 
 331;      .783;    25.121;    88.447; 
 332;      .781;    25.127;    88.447; 
 333;      .779;    25.134;    88.447; 
 334;      .776;    25.147;    88.447; 
 335;      .768;    25.182;    88.447; 
 336;      .767;    25.188;    88.447; 
 337;      .766;    25.193;    88.447; 
 338;      .765;    25.199;    88.447; 
 339;      .764;    25.203;    88.447; 
 340;      .762;    25.206;    88.447; 
 341;      .759;    25.219;    88.447; 
 342;      .753;    25.246;    88.447; 
 343;      .749;    25.271;    88.447; 
 344;      .747;    25.284;    88.447; 
 345;      .745;    25.293;    88.447; 
 346;      .745;    25.293;    88.447; 
 347;      .744;    25.297;    88.447; 
 348;      .742;    25.304;    88.447; 
 349;      .739;    25.318;    88.447; 
 350;      .737;    25.326;    88.447; 
 351;      .735;    25.339;    88.447; 
 352;      .732;    25.353;    88.447; 
 353;      .731;    25.355;    88.447; 
 354;      .730;    25.360;    88.447; 
 355;      .723;    25.394;    88.447; 
 356;      .720;    25.417;    88.447; 
 357;      .719;    25.423;    88.447; 
 358;      .719;    25.421;    88.447; 
 359;      .718;    25.426;    88.447; 
 360;      .718;    25.428;    88.447; 
 361;      .716;    25.436;    88.447; 
 362;      .713;    25.448;    88.447; 
 363;      .709;    25.463;    88.447; 
 364;      .707;    25.473;    88.447; 
 365;      .704;    25.486;    88.447; 
 366;      .704;    25.488;    88.447; 
 367;      .701;    25.499;    88.447; 
 368;      .698;    25.510;    88.447; 
 369;      .697;    25.517;    88.447; 
 370;      .694;    25.526;    88.447; 
 371;      .694;    25.528;    88.447; 
 372;      .692;    25.533;    88.447; 
 373;      .689;    25.543;    88.447; 
 374;      .683;    25.565;    88.447; 
 375;      .677;    25.592;    88.447; 
 376;      .674;    25.606;    88.447; 
 377;      .673;    25.612;    88.447; 
 378;      .672;    25.617;    88.447; 
 379;      .671;    25.623;    88.447; 
 380;      .668;    25.634;    88.447; 
 381;      .666;    25.642;    88.447; 
 382;      .664;    25.653;    88.447; 
 383;      .661;    25.663;    88.447; 
 384;      .659;    25.670;    88.447; 
 385;      .658;    25.675;    88.447; 
 386;      .656;    25.681;    88.447; 
 387;      .653;    25.692;    88.447; 
 388;      .651;    25.696;    88.447; 
 389;      .645;    25.717;    88.447; 
 390;      .643;    25.724;    88.447; 
 391;      .639;    25.738;    88.447; 
 392;      .635;    25.755;    88.447; 
 393;      .633;    25.762;    88.447; 
 394;      .630;    25.777;    88.447; 
 395;      .628;    25.782;    88.447; 
 396;      .626;    25.791;    88.447; 
 397;      .623;    25.800;    88.447; 
 398;      .621;    25.810;    88.447; 
 399;      .618;    25.818;    88.447; 
 400;      .617;    25.823;    88.447; 
 401;      .614;    25.833;    88.447; 
 402;      .612;    25.839;    88.447; 
 403;      .610;    25.845;    88.447; 
 404;      .609;    25.848;    88.447; 
 405;      .606;    25.853;    88.447; 
 406;      .604;    25.858;    88.447; 
 407;      .595;    25.883;    88.447; 
 408;      .589;    25.902;    88.447; 
 409;      .584;    25.922;    88.447; 
 410;      .579;    25.942;    88.447; 
 411;      .578;    25.946;    88.447; 
 412;      .577;    25.951;    88.447; 
 413;      .575;    25.955;    88.447; 
 414;      .572;    25.967;    88.447; 
 415;      .570;    25.973;    88.447; 
 416;      .566;    25.989;    88.447; 
 417;      .563;    25.997;    88.447; 
 418;      .560;    26.010;    88.447; 
 419;      .557;    26.019;    88.447; 
 420;      .555;    26.026;    88.447; 
 421;      .552;    26.034;    88.447; 
 422;      .549;    26.044;    88.447; 
 423;      .546;    26.053;    88.447; 
 424;      .543;    26.064;    88.447; 
 425;      .540;    26.072;    88.447; 
 426;      .536;    26.084;    88.447; 
 427;      .534;    26.089;    88.447; 
 428;      .530;    26.102;    88.447; 
 429;      .525;    26.116;    88.447; 
 430;      .522;    26.124;    88.447; 
 431;      .519;    26.134;    88.447; 
 432;      .517;    26.140;    88.447; 
 433;      .515;    26.146;    88.447; 
 434;      .512;    26.154;    88.447; 
 435;      .505;    26.175;    88.447; 
 436;      .500;    26.190;    88.447; 
 437;      .497;    26.201;    88.447; 
 438;      .494;    26.211;    88.447; 
 439;      .493;    26.215;    88.447; 
 440;      .491;    26.222;    88.447; 
 441;      .488;    26.231;    88.447; 
 442;      .484;    26.240;    88.447; 
 443;      .481;    26.248;    88.447; 
 444;      .477;    26.261;    88.447; 
 445;      .474;    26.269;    88.447; 
 446;      .471;    26.278;    88.447; 
 447;      .468;    26.288;    88.447; 
 448;      .464;    26.296;    88.447; 
 449;      .460;    26.309;    88.447; 
 450;      .456;    26.320;    88.447; 
 451;      .453;    26.327;    88.447; 
 452;      .449;    26.339;    88.447; 
 453;      .445;    26.352;    88.447; 
 454;      .442;    26.360;    88.447; 
 455;      .439;    26.369;    88.447; 
 456;      .438;    26.371;    88.447; 
 457;      .431;    26.391;    88.447; 
 458;      .428;    26.401;    88.447; 
 459;      .423;    26.413;    88.447; 
 460;      .421;    26.420;    88.447; 
 461;      .421;    26.420;    88.447; 
 462;      .418;    26.425;    88.447; 
 463;      .413;    26.440;    88.447; 
 464;      .405;    26.462;    88.447; 
 465;      .400;    26.476;    88.447; 
 466;      .399;    26.480;    88.447; 
 467;      .395;    26.490;    88.447; 
 468;      .393;    26.496;    88.447; 
 469;      .390;    26.505;    88.447; 
 470;      .387;    26.512;    88.447; 
 471;      .385;    26.517;    88.447; 
 472;      .381;    26.525;    88.447; 
 473;      .379;    26.530;    88.447; 
 474;      .378;    26.531;    88.447; 
 475;      .376;    26.536;    88.447; 
 476;      .374;    26.539;    88.447; 
 477;      .369;    26.548;    88.447; 
 478;      .359;    26.568;    88.447; 
 479;      .346;    26.601;    88.447; 
 480;      .337;    26.629;    88.447; 
 481;      .333;    26.646;    88.447; 
 482;      .332;    26.650;    88.447; 
 483;      .330;    26.654;    88.447; 
 484;      .329;    26.655;    88.447; 
 485;      .326;    26.664;    88.447; 
 486;      .321;    26.678;    88.447; 
 487;      .319;    26.686;    88.447; 
 488;      .316;    26.692;    88.447; 
 489;      .313;    26.700;    88.447; 
 490;      .310;    26.708;    88.447; 
 491;      .306;    26.717;    88.447; 
 492;      .302;    26.729;    88.447; 
 493;      .299;    26.736;    88.447; 
 494;      .296;    26.743;    88.447; 
 495;      .291;    26.754;    88.447; 
 496;      .286;    26.766;    88.447; 
 497;      .284;    26.772;    88.447; 
 498;      .279;    26.784;    88.447; 
 499;      .275;    26.793;    88.447; 
 500;      .271;    26.804;    88.447; 
 501;      .266;    26.816;    88.447; 
 502;      .262;    26.825;    88.447; 
 503;      .259;    26.834;    88.447; 
 504;      .256;    26.841;    88.447; 
 505;      .254;    26.845;    88.447; 
 506;      .249;    26.856;    88.447; 
 507;      .247;    26.860;    88.447; 
 508;      .243;    26.868;    88.447; 
 509;      .237;    26.882;    88.447; 
 510;      .232;    26.895;    88.447; 
 511;      .228;    26.904;    88.447; 
 512;      .224;    26.913;    88.447; 
 513;      .221;    26.919;    88.447; 
 514;      .216;    26.930;    88.447; 
 515;      .213;    26.936;    88.447; 
 516;      .208;    26.948;    88.447; 
 517;      .202;    26.962;    88.447; 
 518;      .196;    26.975;    88.447; 
 519;      .192;    26.984;    88.447; 
 520;      .190;    26.988;    88.447; 
 521;      .188;    26.993;    88.447; 
 522;      .187;    26.994;    88.447; 
 523;      .186;    26.996;    88.447; 
 524;      .183;    27.002;    88.447; 
 525;      .169;    27.029;    88.447; 
 526;      .161;    27.045;    88.447; 
 527;      .159;    27.051;    88.447; 
 528;      .156;    27.056;    88.447; 
 529;      .155;    27.058;    88.447; 
 530;      .149;    27.068;    88.447; 
 531;      .147;    27.073;    88.447; 
 532;      .142;    27.082;    88.447; 
 533;      .140;    27.085;    88.447; 
 534;      .139;    27.086;    88.447; 
 535;      .134;    27.093;    88.447; 
 536;      .136;    27.090;    88.447; 
 537;      .129;    27.099;    88.447; 
 538;      .124;    27.106;    88.447; 
 539;      .121;    27.110;    88.447; 
 540;      .116;    27.115;    88.447; 
 541;      .114;    27.117;    88.447; 
 542;      .110;    27.122;    88.447; 
 543;      .107;    27.125;    88.447; 
 544;      .103;    27.128;    88.447; 
 545;      .099;    27.132;    88.447; 
 546;      .097;    27.134;    88.447; 
 547;      .090;    27.140;    88.447; 
 548;      .087;    27.142;    88.447; 
 549;      .081;    27.147;    88.447; 
 550;      .083;    27.145;    88.447; 
 551;      .075;    27.150;    88.447; 
 552;      .069;    27.154;    88.447; 
 553;      .065;    27.157;    88.447; 
 554;      .063;    27.157;    88.447; 
 555;      .060;    27.159;    88.447; 
 556;      .056;    27.161;    88.447; 
 557;      .046;    27.165;    88.447; 
 558;      .038;    27.169;    88.447; 
 559;      .030;    27.173;    88.447; 
 560;      .026;    27.175;    88.447; 
 561;      .023;    27.176;    88.447; 
 562;      .021;    27.176;    88.447; 
 563;      .015;    27.178;    88.447; 
 564;      .013;    27.178;    88.447; 
 565;      .010;    27.179;    88.447; 
 566;      .007;    27.180;    88.447; 
 567;      .004;    27.180;    88.447; 
 568;     0.000;    27.180;    88.447; 
 569;     -.004;    27.181;    88.447; 
 570;     -.009;    27.181;    88.447; 
 571;     -.015;    27.182;    88.447; 
 572;     -.019;    27.182;    88.447; 
 573;     -.022;    27.182;    88.447; 
 574;     -.027;    27.182;    88.447; 
 575;     -.036;    27.182;    88.447; 
 576;     -.047;    27.182;    88.447; 
 577;     -.057;    27.182;    88.447; 
 578;     -.068;    27.182;    88.447; 
 579;     -.079;    27.182;    88.447; 
 580;     -.089;    27.182;    88.447; 
 581;     -.097;    27.182;    88.447; 
 582;     -.105;    27.182;    88.447; 
 583;     -.111;    27.181;    88.447; 
 584;     -.123;    27.181;    88.447; 
 585;     -.137;    27.181;    88.447; 
 586;     -.155;    27.181;    88.447; 
 587;     -.167;    27.181;    88.447; 
 588;     -.174;    27.181;    88.447; 
 589;     -.184;    27.181;    88.447; 
 590;     -.196;    27.181;    88.447; 
 591;     -.204;    27.181;    88.447; 
 592;     -.213;    27.180;    88.447; 
 593;     -.222;    27.180;    88.447; 
 594;     -.244;    27.180;    88.447; 
 595;     -.255;    27.181;    88.447; 
 596;     -.262;    27.180;    88.447; 
 597;     -.269;    27.180;    88.447; 
 598;     -.278;    27.180;    88.447; 
 599;     -.292;    27.180;    88.447; 
 600;     -.299;    27.180;    88.447; 
 601;     -.309;    27.180;    88.447; 
 602;     -.322;    27.180;    88.447; 
 603;     -.332;    27.179;    88.447; 
 604;     -.341;    27.179;    88.447; 
 605;     -.352;    27.179;    88.447; 
 606;     -.365;    27.179;    88.447; 
 607;     -.375;    27.179;    88.447; 
 608;     -.382;    27.178;    88.447; 
 609;     -.394;    27.178;    88.447; 
 610;     -.407;    27.178;    88.447; 
 611;     -.420;    27.178;    88.447; 
 612;     -.429;    27.178;    88.447; 
 613;     -.441;    27.178;    88.447; 
 614;     -.452;    27.178;    88.447; 
 615;     -.459;    27.178;    88.447; 
 616;     -.467;    27.178;    88.447; 
 617;     -.474;    27.177;    88.447; 
 618;     -.485;    27.177;    88.447; 
 619;     -.492;    27.176;    88.447; 
 620;     -.504;    27.176;    88.447; 
 621;     -.512;    27.175;    88.447; 
 622;     -.531;    27.175;    88.447; 
 623;     -.544;    27.175;    88.447; 
 624;     -.557;    27.175;    88.447; 
 625;     -.565;    27.174;    88.447; 
 626;     -.569;    27.174;    88.447; 
 627;     -.574;    27.174;    88.447; 
 628;     -.579;    27.173;    88.447; 
 629;     -.581;    27.173;    88.447; 
 630;     -.584;    27.172;    88.447; 
 631;     -.590;    27.171;    88.447; 
 632;     -.594;    27.171;    88.447; 
 633;     -.598;    27.170;    88.447; 
 634;     -.602;    27.169;    88.447; 
 635;     -.606;    27.167;    88.447; 
 636;     -.610;    27.166;    88.447; 
 637;     -.614;    27.165;    88.447; 
 638;     -.617;    27.164;    88.447; 
 639;     -.620;    27.162;    88.447; 
 640;     -.622;    27.161;    88.447; 
 641;     -.622;    27.161;    88.447; 
 642;     -.623;    27.160;    88.447; 
 643;     -.627;    27.158;    88.447; 
 644;     -.636;    27.153;    88.447; 
 645;     -.655;    27.142;    88.447; 
 646;     -.662;    27.138;    88.447; 
 647;     -.673;    27.133;    88.447; 
 648;     -.677;    27.131;    88.447; 
 649;     -.678;    27.130;    88.447; 
 650;     -.679;    27.128;    88.447; 
 651;     -.677;    27.130;    88.447; 
 652;     -.683;    27.125;    88.447; 
 653;     -.683;    27.125;    88.447; 
 654;     -.687;    27.121;    88.447; 
 655;     -.689;    27.119;    88.447; 
 656;     -.694;    27.114;    88.447; 
 657;     -.698;    27.109;    88.447; 
 658;     -.701;    27.107;    88.447; 
 659;     -.703;    27.104;    88.447; 
 660;     -.705;    27.101;    88.447; 
 661;     -.709;    27.096;    88.447; 
 662;     -.707;    27.098;    88.447; 
 663;     -.710;    27.093;    88.447; 
 664;     -.712;    27.090;    88.447; 
 665;     -.718;    27.081;    88.447; 
 666;     -.722;    27.073;    88.447; 
 667;     -.727;    27.065;    88.447; 
 668;     -.732;    27.057;    88.447; 
 669;     -.737;    27.049;    88.447; 
 670;     -.738;    27.047;    88.447; 
 671;     -.740;    27.042;    88.447; 
 672;     -.742;    27.038;    88.447; 
 673;     -.745;    27.032;    88.447; 
 674;     -.748;    27.025;    88.447; 
 675;     -.747;    27.027;    88.447; 
 676;     -.751;    27.016;    88.447; 
 677;     -.757;    27.001;    88.447; 
 678;     -.758;    26.997;    88.447; 
 679;     -.765;    26.979;    88.447; 
 680;     -.766;    26.977;    88.447; 
 681;     -.772;    26.961;    88.447; 
 682;     -.776;    26.952;    88.447; 
 683;     -.781;    26.939;    88.447; 
 684;     -.785;    26.929;    88.447; 
 685;     -.787;    26.923;    88.447; 
 686;     -.791;    26.914;    88.447; 
 687;     -.796;    26.901;    88.447; 
 688;     -.799;    26.894;    88.447; 
 689;     -.804;    26.881;    88.447; 
 690;     -.808;    26.871;    88.447; 
 691;     -.811;    26.864;    88.447; 
 692;     -.814;    26.855;    88.447; 
 693;     -.818;    26.844;    88.447; 
 694;     -.822;    26.836;    88.447; 
 695;     -.825;    26.826;    88.447; 
 696;     -.829;    26.816;    88.447; 
 697;     -.832;    26.808;    88.447; 
 698;     -.837;    26.797;    88.447; 
 699;     -.841;    26.786;    88.447; 
 700;     -.845;    26.775;    88.447; 
 701;     -.850;    26.764;    88.447; 
 702;     -.853;    26.754;    88.447; 
 703;     -.859;    26.741;    88.447; 
 704;     -.861;    26.734;    88.447; 
 705;     -.865;    26.725;    88.447; 
 706;     -.868;    26.716;    88.447; 
 707;     -.871;    26.708;    88.447; 
 708;     -.875;    26.698;    88.447; 
 709;     -.878;    26.690;    88.447; 
 710;     -.882;    26.679;    88.447; 
 711;     -.888;    26.665;    88.447; 
 712;     -.891;    26.656;    88.447; 
 713;     -.896;    26.644;    88.447; 
 714;     -.898;    26.639;    88.447; 
 715;     -.902;    26.628;    88.447; 
 716;     -.905;    26.621;    88.447; 
 717;     -.908;    26.613;    88.447; 
 718;     -.910;    26.607;    88.447; 
 719;     -.913;    26.598;    88.447; 
 720;     -.915;    26.592;    88.447; 
 721;     -.919;    26.580;    88.447; 
 722;     -.921;    26.572;    88.447; 
 723;     -.925;    26.559;    88.447; 
 724;     -.929;    26.549;    88.447; 
 725;     -.930;    26.544;    88.447; 
 726;     -.936;    26.527;    88.447; 
 727;     -.945;    26.504;    88.447; 
 728;     -.952;    26.488;    88.447; 
 729;     -.954;    26.484;    88.447; 
 730;     -.956;    26.478;    88.447; 
 731;     -.958;    26.472;    88.447; 
 732;     -.960;    26.467;    88.447; 
 733;     -.962;    26.461;    88.447; 
 734;     -.964;    26.456;    88.447; 
 735;     -.966;    26.449;    88.447; 
 736;     -.970;    26.437;    88.447; 
 737;     -.973;    26.426;    88.447; 
 738;     -.978;    26.411;    88.447; 
 739;     -.984;    26.394;    88.447; 
 740;     -.988;    26.385;    88.447; 
 741;     -.990;    26.377;    88.447; 
 742;     -.994;    26.367;    88.447; 
 743;     -.996;    26.361;    88.447; 
 744;    -1.000;    26.348;    88.447; 
 745;    -1.002;    26.344;    88.447; 
 746;    -1.006;    26.332;    88.447; 
 747;    -1.007;    26.326;    88.447; 
 748;    -1.010;    26.316;    88.447; 
 749;    -1.014;    26.305;    88.447; 
 750;    -1.017;    26.295;    88.447; 
 751;    -1.022;    26.280;    88.447; 
 752;    -1.025;    26.272;    88.447; 
 753;    -1.026;    26.267;    88.447; 
 754;    -1.032;    26.249;    88.447; 
 755;    -1.035;    26.240;    88.447; 
 756;    -1.039;    26.230;    88.447; 
 757;    -1.040;    26.224;    88.447; 
 758;    -1.042;    26.217;    88.447; 
 759;    -1.048;    26.200;    88.447; 
 760;    -1.052;    26.187;    88.447; 
 761;    -1.057;    26.173;    88.447; 
 762;    -1.058;    26.170;    88.447; 
 763;    -1.061;    26.161;    88.447; 
 764;    -1.064;    26.150;    88.447; 
 765;    -1.066;    26.144;    88.447; 
 766;    -1.066;    26.142;    88.447; 
 767;    -1.070;    26.128;    88.447; 
 768;    -1.075;    26.113;    88.447; 
 769;    -1.082;    26.092;    88.447; 
 770;    -1.085;    26.082;    88.447; 
 771;    -1.088;    26.075;    88.447; 
 772;    -1.091;    26.067;    88.447; 
 773;    -1.092;    26.062;    88.447; 
 774;    -1.095;    26.053;    88.447; 
 775;    -1.096;    26.047;    88.447; 
 776;    -1.099;    26.036;    88.447; 
 777;    -1.102;    26.026;    88.447; 
 778;    -1.106;    26.013;    88.447; 
 779;    -1.110;    25.999;    88.447; 
 780;    -1.113;    25.990;    88.447; 
 781;    -1.115;    25.983;    88.447; 
 782;    -1.117;    25.976;    88.447; 
 783;    -1.119;    25.969;    88.447; 
 784;    -1.122;    25.957;    88.447; 
 785;    -1.125;    25.945;    88.447; 
 786;    -1.127;    25.936;    88.447; 
 787;    -1.128;    25.932;    88.447; 
 788;    -1.128;    25.930;    88.447; 
 789;    -1.132;    25.915;    88.447; 
 790;    -1.133;    25.909;    88.447; 
 791;    -1.139;    25.886;    88.447; 
 792;    -1.149;    25.855;    88.447; 
 793;    -1.154;    25.842;    88.447; 
 794;    -1.155;    25.838;    88.447; 
 795;    -1.159;    25.827;    88.447; 
 796;    -1.159;    25.827;    88.447; 
 797;    -1.161;    25.821;    88.447; 
 798;    -1.162;    25.815;    88.447; 
 799;    -1.165;    25.805;    88.447; 
 800;    -1.167;    25.798;    88.447; 
 801;    -1.171;    25.783;    88.447; 
 802;    -1.174;    25.773;    88.447; 
 803;    -1.176;    25.765;    88.447; 
 804;    -1.179;    25.753;    88.447; 
 805;    -1.181;    25.745;    88.447; 
 806;    -1.183;    25.738;    88.447; 
 807;    -1.186;    25.725;    88.447; 
 808;    -1.188;    25.716;    88.447; 
 809;    -1.191;    25.705;    88.447; 
 810;    -1.194;    25.695;    88.447; 
 811;    -1.197;    25.683;    88.447; 
 812;    -1.198;    25.676;    88.447; 
 813;    -1.201;    25.666;    88.447; 
 814;    -1.204;    25.655;    88.447; 
 815;    -1.206;    25.645;    88.447; 
 816;    -1.208;    25.637;    88.447; 
 817;    -1.211;    25.625;    88.447; 
 818;    -1.213;    25.616;    88.447; 
 819;    -1.215;    25.607;    88.447; 
 820;    -1.218;    25.597;    88.447; 
 821;    -1.221;    25.584;    88.447; 
 822;    -1.224;    25.574;    88.447; 
 823;    -1.226;    25.565;    88.447; 
 824;    -1.228;    25.555;    88.447; 
 825;    -1.230;    25.547;    88.447; 
 826;    -1.233;    25.535;    88.447; 
 827;    -1.234;    25.527;    88.447; 
 828;    -1.236;    25.520;    88.447; 
 829;    -1.238;    25.509;    88.447; 
 830;    -1.240;    25.498;    88.447; 
 831;    -1.242;    25.488;    88.447; 
 832;    -1.245;    25.477;    88.447; 
 833;    -1.247;    25.466;    88.447; 
 834;    -1.249;    25.457;    88.447; 
 835;    -1.252;    25.445;    88.447; 
 836;    -1.254;    25.435;    88.447; 
 837;    -1.256;    25.424;    88.447; 
 838;    -1.258;    25.415;    88.447; 
 839;    -1.260;    25.406;    88.447; 
 840;    -1.261;    25.398;    88.447; 
 841;    -1.262;    25.392;    88.447; 
 842;    -1.264;    25.383;    88.447; 
 843;    -1.266;    25.369;    88.447; 
 844;    -1.269;    25.354;    88.447; 
 845;    -1.272;    25.341;    88.447; 
 846;    -1.274;    25.330;    88.447; 
 847;    -1.277;    25.318;    88.447; 
 848;    -1.279;    25.308;    88.447; 
 849;    -1.281;    25.299;    88.447; 
 850;    -1.283;    25.292;    88.447; 
 851;    -1.284;    25.286;    88.447; 
 852;    -1.286;    25.276;    88.447; 
 853;    -1.288;    25.266;    88.447; 
 854;    -1.289;    25.258;    88.447; 
 855;    -1.290;    25.250;    88.447; 
 856;    -1.291;    25.242;    88.447; 
 857;    -1.292;    25.236;    88.447; 
 858;    -1.293;    25.227;    88.447; 
 859;    -1.296;    25.208;    88.447; 
 860;    -1.301;    25.185;    88.447; 
 861;    -1.304;    25.172;    88.447; 
 862;    -1.305;    25.167;    88.447; 
 863;    -1.306;    25.160;    88.447; 
 864;    -1.308;    25.147;    88.447; 
 865;    -1.312;    25.130;    88.447; 
 866;    -1.316;    25.114;    88.447; 
 867;    -1.321;    25.096;    88.447; 
 868;    -1.324;    25.085;    88.447; 
 869;    -1.329;    25.070;    88.447; 
 870;    -1.334;    25.055;    88.447; 
 871;    -1.338;    25.042;    88.447; 
 872;    -1.346;    25.022;    88.447; 
 873;    -1.365;    24.983;    88.447; 
 874;    -1.435;    24.905;    88.447; 
 875;    -1.536;    24.857;    88.447; 
 876;    -1.576;    24.849;    88.447; 
 877;    -1.607;    24.847;    88.447; 
 878;    -1.618;    24.846;    88.447; 
 879;    -1.628;    24.846;    88.447; 
 880;    -1.637;    24.845;    88.447; 
 881;    -1.646;    24.845;    88.447; 
 882;    -1.658;    24.844;    88.447; 
 883;    -1.668;    24.843;    88.447; 
 884;    -1.677;    24.843;    88.447; 
 885;    -1.685;    24.842;    88.447; 
 886;    -1.695;    24.841;    88.447; 
 887;    -1.707;    24.840;    88.447; 
 888;    -1.714;    24.840;    88.447; 
 889;    -1.721;    24.839;    88.447; 
 890;    -1.729;    24.838;    88.447; 
 891;    -1.746;    24.836;    88.447; 
 892;    -1.761;    24.835;    88.447; 
 893;    -1.772;    24.834;    88.447; 
 894;    -1.780;    24.834;    88.447; 
 895;    -1.789;    24.833;    88.447; 
 896;    -1.806;    24.832;    88.447; 
 897;    -1.827;    24.831;    88.447; 
 898;    -1.836;    24.831;    88.447; 
 899;    -1.846;    24.831;    88.447; 
 900;    -1.852;    24.831;    88.447; 
 901;    -1.863;    24.830;    88.447; 
 902;    -1.873;    24.830;    88.447; 
 903;    -1.883;    24.829;    88.447; 
 904;    -1.893;    24.829;    88.447; 
 905;    -1.901;    24.828;    88.447; 
 906;    -1.911;    24.828;    88.447; 
 907;    -1.921;    24.827;    88.447; 
 908;    -1.932;    24.827;    88.447; 
 909;    -1.949;    24.826;    88.447; 
 910;    -1.983;    24.827;    88.447; 
 911;    -2.093;    24.861;    88.447; 
 912;    -2.144;    24.896;    88.447; 
 913;    -2.180;    24.933;    88.447; 
 914;    -2.220;    24.998;    88.447; 
 915;    -2.233;    25.029;    88.447; 
 916;    -2.235;    25.036;    88.447; 
 917;    -2.240;    25.049;    88.447; 
 918;    -2.242;    25.053;    88.447; 
 919;    -2.244;    25.057;    88.447; 
 920;    -2.249;    25.070;    88.447; 
 921;    -2.253;    25.081;    88.447; 
 922;    -2.258;    25.096;    88.447; 
 923;    -2.263;    25.108;    88.447; 
 924;    -2.266;    25.117;    88.447; 
 925;    -2.269;    25.124;    88.447; 
 926;    -2.272;    25.133;    88.447; 
 927;    -2.273;    25.136;    88.447; 
 928;    -2.279;    25.151;    88.447; 
 929;    -2.287;    25.174;    88.447; 
 930;    -2.296;    25.211;    88.447; 
 931;    -2.298;    25.217;    88.447; 
 932;    -2.300;    25.227;    88.447; 
 933;    -2.301;    25.232;    88.447; 
 934;    -2.302;    25.236;    88.447; 
 935;    -2.303;    25.239;    88.447; 
 936;    -2.307;    25.251;    88.447; 
 937;    -2.310;    25.261;    88.447; 
 938;    -2.314;    25.276;    88.447; 
 939;    -2.316;    25.281;    88.447; 
 940;    -2.317;    25.284;    88.447; 
 941;    -2.320;    25.291;    88.447; 
 942;    -2.324;    25.305;    88.447; 
 943;    -2.328;    25.317;    88.447; 
 944;    -2.331;    25.326;    88.447; 
 945;    -2.334;    25.332;    88.447; 
 946;    -2.336;    25.339;    88.447; 
 947;    -2.340;    25.349;    88.447; 
 948;    -2.342;    25.355;    88.447; 
 949;    -2.346;    25.363;    88.447; 
 950;    -2.349;    25.371;    88.447; 
 951;    -2.351;    25.375;    88.447; 
 952;    -2.355;    25.384;    88.447; 
 953;    -2.362;    25.400;    88.447; 
 954;    -2.365;    25.409;    88.447; 
 955;    -2.368;    25.415;    88.447; 
 956;    -2.374;    25.429;    88.447; 
 957;    -2.380;    25.444;    88.447; 
 958;    -2.386;    25.462;    88.447; 
 959;    -2.390;    25.474;    88.447; 
 960;    -2.395;    25.490;    88.447; 
 961;    -2.396;    25.494;    88.447; 
 962;    -2.399;    25.501;    88.447; 
 963;    -2.400;    25.504;    88.447; 
 964;    -2.402;    25.509;    88.447; 
 965;    -2.410;    25.530;    88.447; 
 966;    -2.414;    25.543;    88.447; 
 967;    -2.416;    25.547;    88.447; 
 968;    -2.419;    25.555;    88.447; 
 969;    -2.422;    25.563;    88.447; 
 970;    -2.424;    25.568;    88.447; 
 971;    -2.427;    25.575;    88.447; 
 972;    -2.430;    25.582;    88.447; 
 973;    -2.434;    25.590;    88.447; 
 974;    -2.438;    25.600;    88.447; 
 975;    -2.447;    25.622;    88.447; 
 976;    -2.452;    25.637;    88.447; 
 977;    -2.453;    25.640;    88.447; 
 978;    -2.455;    25.643;    88.447; 
 979;    -2.455;    25.644;    88.447; 
 980;    -2.457;    25.647;    88.447; 
 981;    -2.465;    25.665;    88.447; 
 982;    -2.475;    25.690;    88.447; 
 983;    -2.479;    25.700;    88.447; 
 984;    -2.483;    25.708;    88.447; 
 985;    -2.484;    25.712;    88.447; 
 986;    -2.488;    25.721;    88.447; 
 987;    -2.490;    25.725;    88.447; 
 988;    -2.495;    25.736;    88.447; 
 989;    -2.497;    25.740;    88.447; 
 990;    -2.500;    25.746;    88.447; 
 991;    -2.507;    25.762;    88.447; 
 992;    -2.513;    25.776;    88.447; 
 993;    -2.518;    25.788;    88.447; 
 994;    -2.523;    25.800;    88.447; 
 995;    -2.525;    25.803;    88.447; 
 996;    -2.526;    25.805;    88.447; 
 997;    -2.533;    25.820;    88.447; 
 998;    -2.540;    25.836;    88.447; 
 999;    -2.546;    25.853;    88.447; 
1000;    -2.551;    25.864;    88.447; 
1001;    -2.553;    25.869;    88.447; 
1002;    -2.556;    25.877;    88.447; 
1003;    -2.559;    25.884;    88.447; 
1004;    -2.561;    25.888;    88.447; 
1005;    -2.566;    25.899;    88.447; 
1006;    -2.569;    25.903;    88.447; 
1007;    -2.574;    25.916;    88.447; 
1008;    -2.580;    25.927;    88.447; 
1009;    -2.584;    25.937;    88.447; 
1010;    -2.590;    25.950;    88.447; 
1011;    -2.594;    25.959;    88.447; 
1012;    -2.599;    25.970;    88.447; 
1013;    -2.601;    25.975;    88.447; 
1014;    -2.605;    25.984;    88.447; 
1015;    -2.609;    25.991;    88.447; 
1016;    -2.614;    26.002;    88.447; 
1017;    -2.619;    26.013;    88.447; 
1018;    -2.624;    26.024;    88.447; 
1019;    -2.628;    26.032;    88.447; 
1020;    -2.633;    26.042;    88.447; 
1021;    -2.636;    26.049;    88.447; 
1022;    -2.641;    26.058;    88.447; 
1023;    -2.645;    26.068;    88.447; 
1024;    -2.649;    26.075;    88.447; 
1025;    -2.652;    26.082;    88.447; 
1026;    -2.658;    26.092;    88.447; 
1027;    -2.664;    26.105;    88.447; 
1028;    -2.670;    26.118;    88.447; 
1029;    -2.674;    26.127;    88.447; 
1030;    -2.678;    26.134;    88.447; 
1031;    -2.682;    26.142;    88.447; 
1032;    -2.684;    26.147;    88.447; 
1033;    -2.689;    26.156;    88.447; 
1034;    -2.694;    26.164;    88.447; 
1035;    -2.699;    26.175;    88.447; 
1036;    -2.704;    26.185;    88.447; 
1037;    -2.707;    26.189;    88.447; 
1038;    -2.714;    26.202;    88.447; 
1039;    -2.720;    26.214;    88.447; 
1040;    -2.724;    26.221;    88.447; 
1041;    -2.729;    26.232;    88.447; 
1042;    -2.737;    26.248;    88.447; 
1043;    -2.742;    26.259;    88.447; 
1044;    -2.747;    26.268;    88.447; 
1045;    -2.752;    26.279;    88.447; 
1046;    -2.755;    26.285;    88.447; 
1047;    -2.761;    26.298;    88.447; 
1048;    -2.764;    26.304;    88.447; 
1049;    -2.769;    26.315;    88.447; 
1050;    -2.772;    26.321;    88.447; 
1051;    -2.777;    26.330;    88.447; 
1052;    -2.780;    26.337;    88.447; 
1053;    -2.785;    26.346;    88.447; 
1054;    -2.791;    26.357;    88.447; 
1055;    -2.797;    26.369;    88.447; 
1056;    -2.800;    26.374;    88.447; 
1057;    -2.804;    26.381;    88.447; 
1058;    -2.808;    26.389;    88.447; 
1059;    -2.815;    26.401;    88.447; 
1060;    -2.820;    26.411;    88.447; 
1061;    -2.824;    26.419;    88.447; 
1062;    -2.828;    26.424;    88.447; 
1063;    -2.831;    26.429;    88.447; 
1064;    -2.840;    26.445;    88.447; 
1065;    -2.844;    26.454;    88.447; 
1066;    -2.852;    26.467;    88.447; 
1067;    -2.856;    26.476;    88.447; 
1068;    -2.862;    26.488;    88.447; 
1069;    -2.868;    26.500;    88.447; 
1070;    -2.871;    26.505;    88.447; 
1071;    -2.875;    26.513;    88.447; 
1072;    -2.878;    26.518;    88.447; 
1073;    -2.883;    26.526;    88.447; 
1074;    -2.889;    26.538;    88.447; 
1075;    -2.893;    26.545;    88.447; 
1076;    -2.901;    26.560;    88.447; 
1077;    -2.906;    26.569;    88.447; 
1078;    -2.910;    26.577;    88.447; 
1079;    -2.915;    26.585;    88.447; 
1080;    -2.916;    26.587;    88.447; 
1081;    -2.921;    26.596;    88.447; 
1082;    -2.925;    26.603;    88.447; 
1083;    -2.929;    26.609;    88.447; 
1084;    -2.935;    26.619;    88.447; 
1085;    -2.944;    26.635;    88.447; 
1086;    -2.953;    26.651;    88.447; 
1087;    -2.958;    26.660;    88.447; 
1088;    -2.961;    26.665;    88.447; 
1089;    -2.966;    26.673;    88.447; 
1090;    -2.969;    26.679;    88.447; 
1091;    -2.976;    26.691;    88.447; 
1092;    -2.982;    26.702;    88.447; 
1093;    -2.987;    26.710;    88.447; 
1094;    -2.990;    26.715;    88.447; 
1095;    -2.995;    26.725;    88.447; 
1096;    -3.002;    26.736;    88.447; 
1097;    -3.008;    26.746;    88.447; 
1098;    -3.014;    26.757;    88.447; 
1099;    -3.017;    26.763;    88.447; 
1100;    -3.022;    26.771;    88.447; 
1101;    -3.025;    26.776;    88.447; 
1102;    -3.028;    26.781;    88.447; 
1103;    -3.038;    26.798;    88.447; 
1104;    -3.042;    26.804;    88.447; 
1105;    -3.046;    26.810;    88.447; 
1106;    -3.049;    26.815;    88.447; 
1107;    -3.053;    26.821;    88.447; 
1108;    -3.055;    26.824;    88.447; 
1109;    -3.057;    26.826;    88.447; 
1110;    -3.061;    26.831;    88.447; 
1111;    -3.071;    26.845;    88.447; 
1112;    -3.085;    26.865;    88.447; 
1113;    -3.094;    26.879;    88.447; 
1114;    -3.103;    26.895;    88.447; 
1115;    -3.104;    26.897;    88.447; 
1116;    -3.106;    26.899;    88.447; 
1117;    -3.106;    26.900;    88.447; 
1118;    -3.108;    26.901;    88.447; 
1119;    -3.109;    26.902;    88.447; 
1120;    -3.109;    26.901;    88.447; 
1121;    -3.112;    26.905;    88.447; 
1122;    -3.111;    26.903;    88.447; 
1123;    -3.114;    26.906;    88.447; 
1124;    -3.119;    26.910;    88.447; 
1125;    -3.124;    26.913;    88.447; 
1126;    -3.126;    26.915;    88.447; 
1127;    -3.133;    26.920;    88.447; 
1128;    -3.141;    26.926;    88.447; 
1129;    -3.147;    26.930;    88.447; 
1130;    -3.149;    26.931;    88.447; 
1131;    -3.151;    26.932;    88.447; 
1132;    -3.166;    26.941;    88.447; 
1133;    -3.180;    26.950;    88.447; 
1134;    -3.191;    26.958;    88.447; 
1135;    -3.201;    26.964;    88.447; 
1136;    -3.206;    26.968;    88.447; 
1137;    -3.205;    26.967;    88.447; 
1138;    -3.208;    26.968;    88.447; 
1139;    -3.210;    26.969;    88.447; 
1140;    -3.209;    26.968;    88.447; 
1141;    -3.215;    26.970;    88.447; 
1142;    -3.213;    26.969;    88.447; 
1143;    -3.220;    26.971;    88.447; 
1144;    -3.219;    26.971;    88.447; 
1145;    -3.225;    26.972;    88.447; 
1146;    -3.226;    26.972;    88.447; 
1147;    -3.231;    26.973;    88.447; 
1148;    -3.236;    26.974;    88.447; 
1149;    -3.241;    26.974;    88.447; 
1150;    -3.246;    26.975;    88.447; 
1151;    -3.249;    26.975;    88.447; 
1152;    -3.255;    26.975;    88.447; 
1153;    -3.259;    26.975;    88.447; 
1154;    -3.262;    26.975;    88.447; 
1155;    -3.267;    26.975;    88.447; 
1156;    -3.270;    26.974;    88.447; 
1157;    -3.273;    26.974;    88.447; 
1158;    -3.277;    26.973;    88.447; 
1159;    -3.282;    26.973;    88.447; 
1160;    -3.288;    26.972;    88.447; 
1161;    -3.306;    26.969;    88.447; 
1162;    -3.314;    26.968;    88.447; 
1163;    -3.322;    26.967;    88.447; 
1164;    -3.328;    26.966;    88.447; 
1165;    -3.347;    26.964;    88.447; 
1166;    -3.357;    26.962;    88.447; 
1167;    -3.367;    26.961;    88.447; 
1168;    -3.373;    26.960;    88.447; 
1169;    -3.383;    26.959;    88.447; 
1170;    -3.394;    26.957;    88.447; 
1171;    -3.408;    26.955;    88.447; 
1172;    -3.420;    26.954;    88.447; 
1173;    -3.433;    26.952;    88.447; 
1174;    -3.441;    26.951;    88.447; 
1175;    -3.451;    26.950;    88.447; 
1176;    -3.459;    26.949;    88.447; 
1177;    -3.470;    26.947;    88.447; 
1178;    -3.481;    26.946;    88.447; 
1179;    -3.492;    26.944;    88.447; 
1180;    -3.504;    26.943;    88.447; 
1181;    -3.513;    26.942;    88.447; 
1182;    -3.524;    26.940;    88.447; 
1183;    -3.537;    26.938;    88.447; 
1184;    -3.547;    26.937;    88.447; 
