[A]
   1;     3.433;    26.929;    88.447; 
   2;     3.423;    26.930;    88.447; 
   3;     3.410;    26.932;    88.447; 
   4;     3.400;    26.933;    88.447; 
   5;     3.391;    26.934;    88.447; 
   6;     3.385;    26.935;    88.447; 
   7;     3.375;    26.936;    88.447; 
   8;     3.366;    26.937;    88.447; 
   9;     3.354;    26.938;    88.447; 
  10;     3.344;    26.940;    88.447; 
  11;     3.330;    26.941;    88.447; 
  12;     3.318;    26.943;    88.447; 
  13;     3.307;    26.944;    88.447; 
  14;     3.294;    26.946;    88.447; 
  15;     3.287;    26.947;    88.447; 
  16;     3.277;    26.948;    88.447; 
  17;     3.268;    26.949;    88.447; 
  18;     3.257;    26.951;    88.447; 
  19;     3.245;    26.952;    88.447; 
  20;     3.231;    26.954;    88.447; 
  21;     3.220;    26.955;    88.447; 
  22;     3.206;    26.958;    88.447; 
  23;     3.196;    26.959;    88.447; 
  24;     3.188;    26.960;    88.447; 
  25;     3.181;    26.961;    88.447; 
  26;     3.170;    26.963;    88.447; 
  27;     3.156;    26.964;    88.447; 
  28;     3.147;    26.966;    88.447; 
  29;     3.139;    26.967;    88.447; 
  30;     3.130;    26.968;    88.447; 
  31;     3.121;    26.969;    88.447; 
  32;     3.113;    26.970;    88.447; 
  33;     3.109;    26.970;    88.447; 
  34;     3.102;    26.970;    88.447; 
  35;     3.095;    26.971;    88.447; 
  36;     3.091;    26.971;    88.447; 
  37;     3.089;    26.971;    88.447; 
  38;     3.084;    26.970;    88.447; 
  39;     3.070;    26.970;    88.447; 
  40;     3.058;    26.970;    88.447; 
  41;     3.047;    26.970;    88.447; 
  42;     3.044;    26.969;    88.447; 
  43;     3.039;    26.969;    88.447; 
  44;     3.032;    26.968;    88.447; 
  45;     3.025;    26.968;    88.447; 
  46;     3.023;    26.967;    88.447; 
  47;     3.021;    26.967;    88.447; 
  48;     3.020;    26.966;    88.447; 
  49;     3.015;    26.965;    88.447; 
  50;     3.015;    26.965;    88.447; 
  51;     3.013;    26.964;    88.447; 
  52;     3.013;    26.964;    88.447; 
  53;     3.008;    26.962;    88.447; 
  54;     3.008;    26.961;    88.447; 
  55;     3.001;    26.958;    88.447; 
  56;     2.999;    26.957;    88.447; 
  57;     2.996;    26.955;    88.447; 
  58;     2.995;    26.955;    88.447; 
  59;     2.992;    26.952;    88.447; 
  60;     2.980;    26.945;    88.447; 
  61;     2.968;    26.938;    88.447; 
  62;     2.967;    26.937;    88.447; 
  63;     2.964;    26.934;    88.447; 
  64;     2.964;    26.934;    88.447; 
  65;     2.964;    26.933;    88.447; 
  66;     2.961;    26.931;    88.447; 
  67;     2.959;    26.929;    88.447; 
  68;     2.954;    26.924;    88.447; 
  69;     2.949;    26.919;    88.447; 
  70;     2.946;    26.916;    88.447; 
  71;     2.941;    26.909;    88.447; 
  72;     2.929;    26.897;    88.447; 
  73;     2.919;    26.886;    88.447; 
  74;     2.915;    26.882;    88.447; 
  75;     2.907;    26.874;    88.447; 
  76;     2.905;    26.871;    88.447; 
  77;     2.895;    26.860;    88.447; 
  78;     2.886;    26.850;    88.447; 
  79;     2.881;    26.845;    88.447; 
  80;     2.877;    26.840;    88.447; 
  81;     2.871;    26.833;    88.447; 
  82;     2.865;    26.826;    88.447; 
  83;     2.864;    26.824;    88.447; 
  84;     2.859;    26.817;    88.447; 
  85;     2.855;    26.812;    88.447; 
  86;     2.849;    26.804;    88.447; 
  87;     2.848;    26.802;    88.447; 
  88;     2.844;    26.796;    88.447; 
  89;     2.842;    26.792;    88.447; 
  90;     2.837;    26.785;    88.447; 
  91;     2.835;    26.781;    88.447; 
  92;     2.831;    26.773;    88.447; 
  93;     2.827;    26.765;    88.447; 
  94;     2.822;    26.756;    88.447; 
  95;     2.813;    26.740;    88.447; 
  96;     2.804;    26.727;    88.447; 
  97;     2.798;    26.716;    88.447; 
  98;     2.795;    26.711;    88.447; 
  99;     2.790;    26.702;    88.447; 
 100;     2.786;    26.696;    88.447; 
 101;     2.785;    26.693;    88.447; 
 102;     2.781;    26.686;    88.447; 
 103;     2.777;    26.678;    88.447; 
 104;     2.773;    26.670;    88.447; 
 105;     2.766;    26.656;    88.447; 
 106;     2.763;    26.651;    88.447; 
 107;     2.755;    26.635;    88.447; 
 108;     2.749;    26.624;    88.447; 
 109;     2.744;    26.615;    88.447; 
 110;     2.737;    26.603;    88.447; 
 111;     2.730;    26.592;    88.447; 
 112;     2.726;    26.585;    88.447; 
 113;     2.722;    26.577;    88.447; 
 114;     2.720;    26.573;    88.447; 
 115;     2.714;    26.563;    88.447; 
 116;     2.708;    26.552;    88.447; 
 117;     2.703;    26.542;    88.447; 
 118;     2.698;    26.534;    88.447; 
 119;     2.693;    26.525;    88.447; 
 120;     2.687;    26.515;    88.447; 
 121;     2.684;    26.509;    88.447; 
 122;     2.680;    26.501;    88.447; 
 123;     2.676;    26.494;    88.447; 
 124;     2.671;    26.484;    88.447; 
 125;     2.667;    26.476;    88.447; 
 126;     2.661;    26.464;    88.447; 
 127;     2.654;    26.452;    88.447; 
 128;     2.647;    26.440;    88.447; 
 129;     2.643;    26.433;    88.447; 
 130;     2.641;    26.429;    88.447; 
 131;     2.639;    26.424;    88.447; 
 132;     2.634;    26.415;    88.447; 
 133;     2.628;    26.402;    88.447; 
 134;     2.622;    26.391;    88.447; 
 135;     2.614;    26.376;    88.447; 
 136;     2.608;    26.366;    88.447; 
 137;     2.605;    26.361;    88.447; 
 138;     2.601;    26.353;    88.447; 
 139;     2.598;    26.345;    88.447; 
 140;     2.595;    26.340;    88.447; 
 141;     2.591;    26.333;    88.447; 
 142;     2.585;    26.319;    88.447; 
 143;     2.578;    26.306;    88.447; 
 144;     2.571;    26.293;    88.447; 
 145;     2.563;    26.279;    88.447; 
 146;     2.561;    26.275;    88.447; 
 147;     2.557;    26.267;    88.447; 
 148;     2.552;    26.258;    88.447; 
 149;     2.549;    26.251;    88.447; 
 150;     2.545;    26.243;    88.447; 
 151;     2.539;    26.232;    88.447; 
 152;     2.534;    26.223;    88.447; 
 153;     2.529;    26.213;    88.447; 
 154;     2.525;    26.206;    88.447; 
 155;     2.522;    26.198;    88.447; 
 156;     2.516;    26.186;    88.447; 
 157;     2.512;    26.179;    88.447; 
 158;     2.507;    26.169;    88.447; 
 159;     2.505;    26.164;    88.447; 
 160;     2.502;    26.158;    88.447; 
 161;     2.497;    26.147;    88.447; 
 162;     2.490;    26.132;    88.447; 
 163;     2.485;    26.124;    88.447; 
 164;     2.481;    26.115;    88.447; 
 165;     2.476;    26.105;    88.447; 
 166;     2.471;    26.095;    88.447; 
 167;     2.464;    26.082;    88.447; 
 168;     2.460;    26.074;    88.447; 
 169;     2.457;    26.068;    88.447; 
 170;     2.453;    26.058;    88.447; 
 171;     2.449;    26.049;    88.447; 
 172;     2.444;    26.041;    88.447; 
 173;     2.440;    26.031;    88.447; 
 174;     2.435;    26.021;    88.447; 
 175;     2.432;    26.014;    88.447; 
 176;     2.429;    26.008;    88.447; 
 177;     2.425;    25.999;    88.447; 
 178;     2.420;    25.987;    88.447; 
 179;     2.416;    25.979;    88.447; 
 180;     2.411;    25.967;    88.447; 
 181;     2.408;    25.962;    88.447; 
 182;     2.402;    25.948;    88.447; 
 183;     2.399;    25.941;    88.447; 
 184;     2.394;    25.931;    88.447; 
 185;     2.390;    25.922;    88.447; 
 186;     2.384;    25.908;    88.447; 
 187;     2.379;    25.898;    88.447; 
 188;     2.375;    25.890;    88.447; 
 189;     2.371;    25.881;    88.447; 
 190;     2.368;    25.874;    88.447; 
 191;     2.364;    25.863;    88.447; 
 192;     2.360;    25.855;    88.447; 
 193;     2.355;    25.844;    88.447; 
 194;     2.351;    25.836;    88.447; 
 195;     2.348;    25.828;    88.447; 
 196;     2.344;    25.818;    88.447; 
 197;     2.340;    25.810;    88.447; 
 198;     2.336;    25.801;    88.447; 
 199;     2.332;    25.790;    88.447; 
 200;     2.327;    25.779;    88.447; 
 201;     2.324;    25.771;    88.447; 
 202;     2.317;    25.757;    88.447; 
 203;     2.315;    25.752;    88.447; 
 204;     2.311;    25.742;    88.447; 
 205;     2.309;    25.737;    88.447; 
 206;     2.305;    25.727;    88.447; 
 207;     2.301;    25.717;    88.447; 
 208;     2.295;    25.702;    88.447; 
 209;     2.292;    25.694;    88.447; 
 210;     2.286;    25.681;    88.447; 
 211;     2.279;    25.667;    88.447; 
 212;     2.276;    25.659;    88.447; 
 213;     2.271;    25.649;    88.447; 
 214;     2.269;    25.644;    88.447; 
 215;     2.265;    25.633;    88.447; 
 216;     2.261;    25.624;    88.447; 
 217;     2.257;    25.617;    88.447; 
 218;     2.255;    25.611;    88.447; 
 219;     2.254;    25.607;    88.447; 
 220;     2.248;    25.593;    88.447; 
 221;     2.243;    25.581;    88.447; 
 222;     2.239;    25.570;    88.447; 
 223;     2.235;    25.560;    88.447; 
 224;     2.232;    25.552;    88.447; 
 225;     2.228;    25.543;    88.447; 
 226;     2.225;    25.535;    88.447; 
 227;     2.221;    25.525;    88.447; 
 228;     2.216;    25.512;    88.447; 
 229;     2.214;    25.507;    88.447; 
 230;     2.211;    25.500;    88.447; 
 231;     2.208;    25.492;    88.447; 
 232;     2.201;    25.473;    88.447; 
 233;     2.199;    25.468;    88.447; 
 234;     2.195;    25.457;    88.447; 
 235;     2.190;    25.446;    88.447; 
 236;     2.186;    25.437;    88.447; 
 237;     2.182;    25.425;    88.447; 
 238;     2.177;    25.414;    88.447; 
 239;     2.175;    25.409;    88.447; 
 240;     2.172;    25.400;    88.447; 
 241;     2.168;    25.391;    88.447; 
 242;     2.167;    25.386;    88.447; 
 243;     2.162;    25.374;    88.447; 
 244;     2.161;    25.369;    88.447; 
 245;     2.157;    25.359;    88.447; 
 246;     2.155;    25.351;    88.447; 
 247;     2.150;    25.337;    88.447; 
 248;     2.146;    25.326;    88.447; 
 249;     2.140;    25.311;    88.447; 
 250;     2.137;    25.303;    88.447; 
 251;     2.136;    25.298;    88.447; 
 252;     2.132;    25.287;    88.447; 
 253;     2.127;    25.275;    88.447; 
 254;     2.123;    25.263;    88.447; 
 255;     2.119;    25.253;    88.447; 
 256;     2.116;    25.243;    88.447; 
 257;     2.112;    25.234;    88.447; 
 258;     2.109;    25.225;    88.447; 
 259;     2.107;    25.218;    88.447; 
 260;     2.106;    25.216;    88.447; 
 261;     2.105;    25.210;    88.447; 
 262;     2.102;    25.201;    88.447; 
 263;     2.099;    25.190;    88.447; 
 264;     2.093;    25.171;    88.447; 
 265;     2.087;    25.154;    88.447; 
 266;     2.085;    25.148;    88.447; 
 267;     2.082;    25.140;    88.447; 
 268;     2.079;    25.131;    88.447; 
 269;     2.076;    25.121;    88.447; 
 270;     2.074;    25.115;    88.447; 
 271;     2.072;    25.107;    88.447; 
 272;     2.068;    25.095;    88.447; 
 273;     2.064;    25.082;    88.447; 
 274;     2.058;    25.065;    88.447; 
 275;     2.054;    25.054;    88.447; 
 276;     2.049;    25.041;    88.447; 
 277;     2.047;    25.034;    88.447; 
 278;     2.044;    25.026;    88.447; 
 279;     2.038;    25.010;    88.447; 
 280;     2.025;    24.982;    88.447; 
 281;     2.008;    24.951;    88.447; 
 282;     2.003;    24.943;    88.447; 
 283;     1.968;    24.896;    88.447; 
 284;     1.887;    24.836;    88.447; 
 285;     1.767;    24.809;    88.447; 
 286;     1.745;    24.810;    88.447; 
 287;     1.726;    24.811;    88.447; 
 288;     1.712;    24.812;    88.447; 
 289;     1.703;    24.812;    88.447; 
 290;     1.696;    24.813;    88.447; 
 291;     1.688;    24.813;    88.447; 
 292;     1.673;    24.814;    88.447; 
 293;     1.654;    24.816;    88.447; 
 294;     1.646;    24.816;    88.447; 
 295;     1.639;    24.817;    88.447; 
 296;     1.633;    24.817;    88.447; 
 297;     1.626;    24.817;    88.447; 
 298;     1.616;    24.818;    88.447; 
 299;     1.603;    24.818;    88.447; 
 300;     1.594;    24.819;    88.447; 
 301;     1.587;    24.819;    88.447; 
 302;     1.579;    24.819;    88.447; 
 303;     1.564;    24.820;    88.447; 
 304;     1.557;    24.820;    88.447; 
 305;     1.543;    24.820;    88.447; 
 306;     1.522;    24.822;    88.447; 
 307;     1.496;    24.825;    88.447; 
 308;     1.488;    24.826;    88.447; 
 309;     1.487;    24.826;    88.447; 
 310;     1.483;    24.826;    88.447; 
 311;     1.473;    24.827;    88.447; 
 312;     1.456;    24.828;    88.447; 
 313;     1.440;    24.830;    88.447; 
 314;     1.435;    24.830;    88.447; 
 315;     1.421;    24.832;    88.447; 
 316;     1.415;    24.832;    88.447; 
 317;     1.406;    24.833;    88.447; 
 318;     1.394;    24.834;    88.447; 
 319;     1.376;    24.836;    88.447; 
 320;     1.334;    24.844;    88.447; 
 321;     1.214;    24.914;    88.447; 
 322;     1.181;    24.954;    88.447; 
 323;     1.153;    25.002;    88.447; 
 324;     1.133;    25.064;    88.447; 
 325;     1.132;    25.066;    88.447; 
 326;     1.131;    25.071;    88.447; 
 327;     1.128;    25.081;    88.447; 
 328;     1.124;    25.093;    88.447; 
 329;     1.118;    25.118;    88.447; 
 330;     1.116;    25.131;    88.447; 
 331;     1.114;    25.138;    88.447; 
 332;     1.112;    25.149;    88.447; 
 333;     1.108;    25.169;    88.447; 
 334;     1.106;    25.184;    88.447; 
 335;     1.104;    25.203;    88.447; 
 336;     1.103;    25.205;    88.447; 
 337;     1.102;    25.209;    88.447; 
 338;     1.101;    25.214;    88.447; 
 339;     1.100;    25.218;    88.447; 
 340;     1.099;    25.223;    88.447; 
 341;     1.093;    25.248;    88.447; 
 342;     1.090;    25.273;    88.447; 
 343;     1.088;    25.285;    88.447; 
 344;     1.088;    25.281;    88.447; 
 345;     1.086;    25.294;    88.447; 
 346;     1.085;    25.300;    88.447; 
 347;     1.082;    25.315;    88.447; 
 348;     1.081;    25.321;    88.447; 
 349;     1.079;    25.331;    88.447; 
 350;     1.077;    25.341;    88.447; 
 351;     1.075;    25.348;    88.447; 
 352;     1.073;    25.361;    88.447; 
 353;     1.071;    25.367;    88.447; 
 354;     1.070;    25.373;    88.447; 
 355;     1.068;    25.378;    88.447; 
 356;     1.066;    25.387;    88.447; 
 357;     1.062;    25.400;    88.447; 
 358;     1.057;    25.424;    88.447; 
 359;     1.054;    25.442;    88.447; 
 360;     1.054;    25.443;    88.447; 
 361;     1.051;    25.454;    88.447; 
 362;     1.050;    25.458;    88.447; 
 363;     1.049;    25.463;    88.447; 
 364;     1.048;    25.466;    88.447; 
 365;     1.047;    25.469;    88.447; 
 366;     1.046;    25.472;    88.447; 
 367;     1.041;    25.485;    88.447; 
 368;     1.032;    25.516;    88.447; 
 369;     1.026;    25.550;    88.447; 
 370;     1.024;    25.564;    88.447; 
 371;     1.023;    25.569;    88.447; 
 372;     1.022;    25.576;    88.447; 
 373;     1.020;    25.584;    88.447; 
 374;     1.019;    25.589;    88.447; 
 375;     1.018;    25.595;    88.447; 
 376;     1.017;    25.599;    88.447; 
 377;     1.016;    25.602;    88.447; 
 378;     1.013;    25.611;    88.447; 
 379;     1.009;    25.628;    88.447; 
 380;     1.006;    25.638;    88.447; 
 381;     1.003;    25.650;    88.447; 
 382;     1.001;    25.660;    88.447; 
 383;      .998;    25.671;    88.447; 
 384;      .996;    25.678;    88.447; 
 385;      .993;    25.689;    88.447; 
 386;      .991;    25.698;    88.447; 
 387;      .989;    25.705;    88.447; 
 388;      .986;    25.715;    88.447; 
 389;      .983;    25.725;    88.447; 
 390;      .980;    25.735;    88.447; 
 391;      .977;    25.747;    88.447; 
 392;      .973;    25.760;    88.447; 
 393;      .971;    25.769;    88.447; 
 394;      .968;    25.778;    88.447; 
 395;      .966;    25.787;    88.447; 
 396;      .964;    25.793;    88.447; 
 397;      .961;    25.801;    88.447; 
 398;      .957;    25.814;    88.447; 
 399;      .954;    25.827;    88.447; 
 400;      .950;    25.840;    88.447; 
 401;      .946;    25.854;    88.447; 
 402;      .944;    25.861;    88.447; 
 403;      .942;    25.870;    88.447; 
 404;      .939;    25.880;    88.447; 
 405;      .934;    25.896;    88.447; 
 406;      .933;    25.900;    88.447; 
 407;      .930;    25.912;    88.447; 
 408;      .928;    25.919;    88.447; 
 409;      .926;    25.925;    88.447; 
 410;      .923;    25.934;    88.447; 
 411;      .920;    25.944;    88.447; 
 412;      .918;    25.951;    88.447; 
 413;      .917;    25.954;    88.447; 
 414;      .913;    25.966;    88.447; 
 415;      .908;    25.982;    88.447; 
 416;      .903;    25.995;    88.447; 
 417;      .900;    26.006;    88.447; 
 418;      .898;    26.012;    88.447; 
 419;      .896;    26.017;    88.447; 
 420;      .893;    26.027;    88.447; 
 421;      .887;    26.046;    88.447; 
 422;      .881;    26.067;    88.447; 
 423;      .879;    26.077;    88.447; 
 424;      .878;    26.080;    88.447; 
 425;      .875;    26.089;    88.447; 
 426;      .873;    26.095;    88.447; 
 427;      .869;    26.107;    88.447; 
 428;      .867;    26.114;    88.447; 
 429;      .863;    26.126;    88.447; 
 430;      .860;    26.137;    88.447; 
 431;      .857;    26.145;    88.447; 
 432;      .854;    26.156;    88.447; 
 433;      .851;    26.165;    88.447; 
 434;      .847;    26.175;    88.447; 
 435;      .844;    26.186;    88.447; 
 436;      .841;    26.194;    88.447; 
 437;      .838;    26.205;    88.447; 
 438;      .835;    26.213;    88.447; 
 439;      .832;    26.223;    88.447; 
 440;      .829;    26.231;    88.447; 
 441;      .826;    26.240;    88.447; 
 442;      .822;    26.252;    88.447; 
 443;      .819;    26.261;    88.447; 
 444;      .815;    26.271;    88.447; 
 445;      .812;    26.278;    88.447; 
 446;      .808;    26.293;    88.447; 
 447;      .805;    26.299;    88.447; 
 448;      .800;    26.315;    88.447; 
 449;      .797;    26.323;    88.447; 
 450;      .794;    26.333;    88.447; 
 451;      .790;    26.344;    88.447; 
 452;      .789;    26.349;    88.447; 
 453;      .784;    26.362;    88.447; 
 454;      .783;    26.363;    88.447; 
 455;      .780;    26.373;    88.447; 
 456;      .775;    26.385;    88.447; 
 457;      .771;    26.397;    88.447; 
 458;      .766;    26.410;    88.447; 
 459;      .764;    26.417;    88.447; 
 460;      .762;    26.422;    88.447; 
 461;      .756;    26.439;    88.447; 
 462;      .752;    26.449;    88.447; 
 463;      .748;    26.460;    88.447; 
 464;      .744;    26.472;    88.447; 
 465;      .743;    26.475;    88.447; 
 466;      .739;    26.486;    88.447; 
 467;      .736;    26.494;    88.447; 
 468;      .732;    26.503;    88.447; 
 469;      .727;    26.517;    88.447; 
 470;      .723;    26.529;    88.447; 
 471;      .720;    26.537;    88.447; 
 472;      .716;    26.548;    88.447; 
 473;      .713;    26.555;    88.447; 
 474;      .709;    26.565;    88.447; 
 475;      .705;    26.577;    88.447; 
 476;      .704;    26.580;    88.447; 
 477;      .701;    26.587;    88.447; 
 478;      .697;    26.597;    88.447; 
 479;      .691;    26.612;    88.447; 
 480;      .685;    26.628;    88.447; 
 481;      .681;    26.640;    88.447; 
 482;      .677;    26.649;    88.447; 
 483;      .675;    26.655;    88.447; 
 484;      .673;    26.658;    88.447; 
 485;      .670;    26.667;    88.447; 
 486;      .665;    26.678;    88.447; 
 487;      .660;    26.691;    88.447; 
 488;      .655;    26.704;    88.447; 
 489;      .652;    26.711;    88.447; 
 490;      .648;    26.720;    88.447; 
 491;      .644;    26.731;    88.447; 
 492;      .640;    26.741;    88.447; 
 493;      .638;    26.745;    88.447; 
 494;      .633;    26.758;    88.447; 
 495;      .632;    26.760;    88.447; 
 496;      .625;    26.776;    88.447; 
 497;      .619;    26.793;    88.447; 
 498;      .613;    26.809;    88.447; 
 499;      .611;    26.816;    88.447; 
 500;      .608;    26.823;    88.447; 
 501;      .606;    26.829;    88.447; 
 502;      .604;    26.833;    88.447; 
 503;      .601;    26.840;    88.447; 
 504;      .598;    26.847;    88.447; 
 505;      .591;    26.863;    88.447; 
 506;      .586;    26.877;    88.447; 
 507;      .581;    26.889;    88.447; 
 508;      .578;    26.898;    88.447; 
 509;      .574;    26.908;    88.447; 
 510;      .571;    26.915;    88.447; 
 511;      .568;    26.923;    88.447; 
 512;      .565;    26.931;    88.447; 
 513;      .562;    26.938;    88.447; 
 514;      .558;    26.946;    88.447; 
 515;      .556;    26.951;    88.447; 
 516;      .552;    26.958;    88.447; 
 517;      .549;    26.965;    88.447; 
 518;      .544;    26.974;    88.447; 
 519;      .539;    26.983;    88.447; 
 520;      .532;    26.998;    88.447; 
 521;      .529;    27.004;    88.447; 
 522;      .525;    27.013;    88.447; 
 523;      .522;    27.018;    88.447; 
 524;      .520;    27.021;    88.447; 
 525;      .517;    27.026;    88.447; 
 526;      .516;    27.027;    88.447; 
 527;      .512;    27.033;    88.447; 
 528;      .507;    27.040;    88.447; 
 529;      .504;    27.045;    88.447; 
 530;      .498;    27.052;    88.447; 
 531;      .495;    27.057;    88.447; 
 532;      .490;    27.062;    88.447; 
 533;      .488;    27.065;    88.447; 
 534;      .485;    27.068;    88.447; 
 535;      .484;    27.070;    88.447; 
 536;      .482;    27.071;    88.447; 
 537;      .480;    27.073;    88.447; 
 538;      .479;    27.073;    88.447; 
 539;      .470;    27.081;    88.447; 
 540;      .465;    27.084;    88.447; 
 541;      .457;    27.091;    88.447; 
 542;      .448;    27.098;    88.447; 
 543;      .443;    27.102;    88.447; 
 544;      .439;    27.105;    88.447; 
 545;      .435;    27.107;    88.447; 
 546;      .435;    27.107;    88.447; 
 547;      .432;    27.109;    88.447; 
 548;      .433;    27.108;    88.447; 
 549;      .428;    27.110;    88.447; 
 550;      .426;    27.110;    88.447; 
 551;      .420;    27.113;    88.447; 
 552;      .410;    27.117;    88.447; 
 553;      .408;    27.117;    88.447; 
 554;      .405;    27.118;    88.447; 
 555;      .400;    27.120;    88.447; 
 556;      .396;    27.121;    88.447; 
 557;      .391;    27.122;    88.447; 
 558;      .388;    27.122;    88.447; 
 559;      .383;    27.123;    88.447; 
 560;      .375;    27.124;    88.447; 
 561;      .369;    27.125;    88.447; 
 562;      .359;    27.127;    88.447; 
 563;      .356;    27.127;    88.447; 
 564;      .355;    27.127;    88.447; 
 565;      .345;    27.128;    88.447; 
 566;      .333;    27.129;    88.447; 
 567;      .320;    27.130;    88.447; 
 568;      .310;    27.131;    88.447; 
 569;      .301;    27.131;    88.447; 
 570;      .296;    27.132;    88.447; 
 571;      .292;    27.132;    88.447; 
 572;      .286;    27.132;    88.447; 
 573;      .276;    27.132;    88.447; 
 574;      .269;    27.132;    88.447; 
 575;      .263;    27.132;    88.447; 
 576;      .251;    27.132;    88.447; 
 577;      .237;    27.132;    88.447; 
 578;      .225;    27.132;    88.447; 
 579;      .216;    27.132;    88.447; 
 580;      .208;    27.131;    88.447; 
 581;      .194;    27.131;    88.447; 
 582;      .181;    27.132;    88.447; 
 583;      .174;    27.132;    88.447; 
 584;      .170;    27.131;    88.447; 
 585;      .161;    27.131;    88.447; 
 586;      .143;    27.131;    88.447; 
 587;      .125;    27.131;    88.447; 
 588;      .115;    27.132;    88.447; 
 589;      .107;    27.132;    88.447; 
 590;      .100;    27.132;    88.447; 
 591;      .094;    27.132;    88.447; 
 592;      .084;    27.131;    88.447; 
 593;      .073;    27.131;    88.447; 
 594;      .061;    27.131;    88.447; 
 595;      .041;    27.131;    88.447; 
 596;      .031;    27.131;    88.447; 
 597;      .024;    27.132;    88.447; 
 598;      .017;    27.131;    88.447; 
 599;      .007;    27.131;    88.447; 
 600;      .001;    27.131;    88.447; 
 601;     -.005;    27.131;    88.447; 
 602;     -.009;    27.131;    88.447; 
 603;     -.018;    27.130;    88.447; 
 604;     -.041;    27.129;    88.447; 
 605;     -.063;    27.130;    88.447; 
 606;     -.080;    27.130;    88.447; 
 607;     -.088;    27.131;    88.447; 
 608;     -.097;    27.131;    88.447; 
 609;     -.105;    27.131;    88.447; 
 610;     -.117;    27.132;    88.447; 
 611;     -.124;    27.132;    88.447; 
 612;     -.132;    27.132;    88.447; 
 613;     -.145;    27.132;    88.447; 
 614;     -.155;    27.132;    88.447; 
 615;     -.164;    27.132;    88.447; 
 616;     -.171;    27.132;    88.447; 
 617;     -.176;    27.132;    88.447; 
 618;     -.185;    27.131;    88.447; 
 619;     -.189;    27.131;    88.447; 
 620;     -.193;    27.130;    88.447; 
 621;     -.197;    27.130;    88.447; 
 622;     -.201;    27.129;    88.447; 
 623;     -.203;    27.129;    88.447; 
 624;     -.206;    27.128;    88.447; 
 625;     -.207;    27.127;    88.447; 
 626;     -.207;    27.127;    88.447; 
 627;     -.212;    27.126;    88.447; 
 628;     -.214;    27.125;    88.447; 
 629;     -.230;    27.119;    88.447; 
 630;     -.243;    27.115;    88.447; 
 631;     -.257;    27.111;    88.447; 
 632;     -.267;    27.108;    88.447; 
 633;     -.274;    27.106;    88.447; 
 634;     -.281;    27.104;    88.447; 
 635;     -.285;    27.102;    88.447; 
 636;     -.288;    27.101;    88.447; 
 637;     -.288;    27.100;    88.447; 
 638;     -.291;    27.099;    88.447; 
 639;     -.293;    27.098;    88.447; 
 640;     -.296;    27.096;    88.447; 
 641;     -.294;    27.096;    88.447; 
 642;     -.300;    27.093;    88.447; 
 643;     -.301;    27.092;    88.447; 
 644;     -.303;    27.090;    88.447; 
 645;     -.305;    27.088;    88.447; 
 646;     -.307;    27.087;    88.447; 
 647;     -.309;    27.084;    88.447; 
 648;     -.314;    27.080;    88.447; 
 649;     -.317;    27.076;    88.447; 
 650;     -.319;    27.074;    88.447; 
 651;     -.331;    27.061;    88.447; 
 652;     -.337;    27.055;    88.447; 
 653;     -.339;    27.053;    88.447; 
 654;     -.344;    27.046;    88.447; 
 655;     -.346;    27.044;    88.447; 
 656;     -.348;    27.041;    88.447; 
 657;     -.350;    27.037;    88.447; 
 658;     -.353;    27.033;    88.447; 
 659;     -.354;    27.032;    88.447; 
 660;     -.359;    27.024;    88.447; 
 661;     -.362;    27.019;    88.447; 
 662;     -.366;    27.011;    88.447; 
 663;     -.366;    27.010;    88.447; 
 664;     -.370;    27.003;    88.447; 
 665;     -.372;    26.997;    88.447; 
 666;     -.374;    26.993;    88.447; 
 667;     -.377;    26.987;    88.447; 
 668;     -.380;    26.979;    88.447; 
 669;     -.384;    26.969;    88.447; 
 670;     -.389;    26.957;    88.447; 
 671;     -.392;    26.948;    88.447; 
 672;     -.399;    26.933;    88.447; 
 673;     -.402;    26.925;    88.447; 
 674;     -.406;    26.916;    88.447; 
 675;     -.410;    26.907;    88.447; 
 676;     -.411;    26.902;    88.447; 
 677;     -.418;    26.887;    88.447; 
 678;     -.422;    26.878;    88.447; 
 679;     -.427;    26.865;    88.447; 
 680;     -.431;    26.857;    88.447; 
 681;     -.434;    26.849;    88.447; 
 682;     -.439;    26.838;    88.447; 
 683;     -.442;    26.829;    88.447; 
 684;     -.446;    26.820;    88.447; 
 685;     -.452;    26.806;    88.447; 
 686;     -.454;    26.801;    88.447; 
 687;     -.458;    26.790;    88.447; 
 688;     -.462;    26.782;    88.447; 
 689;     -.464;    26.775;    88.447; 
 690;     -.468;    26.765;    88.447; 
 691;     -.474;    26.750;    88.447; 
 692;     -.476;    26.747;    88.447; 
 693;     -.481;    26.732;    88.447; 
 694;     -.484;    26.724;    88.447; 
 695;     -.489;    26.713;    88.447; 
 696;     -.492;    26.705;    88.447; 
 697;     -.498;    26.691;    88.447; 
 698;     -.500;    26.686;    88.447; 
 699;     -.504;    26.676;    88.447; 
 700;     -.507;    26.666;    88.447; 
 701;     -.512;    26.656;    88.447; 
 702;     -.515;    26.646;    88.447; 
 703;     -.520;    26.634;    88.447; 
 704;     -.523;    26.628;    88.447; 
 705;     -.525;    26.620;    88.447; 
 706;     -.530;    26.608;    88.447; 
 707;     -.534;    26.598;    88.447; 
 708;     -.536;    26.592;    88.447; 
 709;     -.540;    26.582;    88.447; 
 710;     -.545;    26.569;    88.447; 
 711;     -.549;    26.558;    88.447; 
 712;     -.552;    26.550;    88.447; 
 713;     -.557;    26.539;    88.447; 
 714;     -.560;    26.529;    88.447; 
 715;     -.563;    26.523;    88.447; 
 716;     -.566;    26.512;    88.447; 
 717;     -.571;    26.501;    88.447; 
 718;     -.573;    26.495;    88.447; 
 719;     -.575;    26.489;    88.447; 
 720;     -.579;    26.476;    88.447; 
 721;     -.583;    26.465;    88.447; 
 722;     -.588;    26.451;    88.447; 
 723;     -.593;    26.439;    88.447; 
 724;     -.596;    26.431;    88.447; 
 725;     -.600;    26.421;    88.447; 
 726;     -.607;    26.403;    88.447; 
 727;     -.608;    26.400;    88.447; 
 728;     -.611;    26.392;    88.447; 
 729;     -.612;    26.388;    88.447; 
 730;     -.617;    26.374;    88.447; 
 731;     -.621;    26.362;    88.447; 
 732;     -.628;    26.345;    88.447; 
 733;     -.632;    26.336;    88.447; 
 734;     -.634;    26.331;    88.447; 
 735;     -.637;    26.322;    88.447; 
 736;     -.640;    26.313;    88.447; 
 737;     -.643;    26.305;    88.447; 
 738;     -.646;    26.297;    88.447; 
 739;     -.650;    26.285;    88.447; 
 740;     -.653;    26.276;    88.447; 
 741;     -.656;    26.267;    88.447; 
 742;     -.660;    26.255;    88.447; 
 743;     -.662;    26.250;    88.447; 
 744;     -.666;    26.236;    88.447; 
 745;     -.668;    26.229;    88.447; 
 746;     -.673;    26.217;    88.447; 
 747;     -.676;    26.206;    88.447; 
 748;     -.680;    26.195;    88.447; 
 749;     -.685;    26.181;    88.447; 
 750;     -.689;    26.171;    88.447; 
 751;     -.693;    26.161;    88.447; 
 752;     -.694;    26.156;    88.447; 
 753;     -.698;    26.144;    88.447; 
 754;     -.701;    26.137;    88.447; 
 755;     -.703;    26.128;    88.447; 
 756;     -.707;    26.117;    88.447; 
 757;     -.711;    26.107;    88.447; 
 758;     -.712;    26.103;    88.447; 
 759;     -.715;    26.093;    88.447; 
 760;     -.719;    26.080;    88.447; 
 761;     -.723;    26.069;    88.447; 
 762;     -.727;    26.056;    88.447; 
 763;     -.731;    26.044;    88.447; 
 764;     -.733;    26.038;    88.447; 
 765;     -.736;    26.028;    88.447; 
 766;     -.738;    26.022;    88.447; 
 767;     -.740;    26.014;    88.447; 
 768;     -.744;    26.002;    88.447; 
 769;     -.746;    25.994;    88.447; 
 770;     -.750;    25.981;    88.447; 
 771;     -.752;    25.974;    88.447; 
 772;     -.756;    25.961;    88.447; 
 773;     -.761;    25.947;    88.447; 
 774;     -.763;    25.938;    88.447; 
 775;     -.765;    25.932;    88.447; 
 776;     -.768;    25.922;    88.447; 
 777;     -.772;    25.911;    88.447; 
 778;     -.774;    25.903;    88.447; 
 779;     -.777;    25.893;    88.447; 
 780;     -.781;    25.881;    88.447; 
 781;     -.784;    25.870;    88.447; 
 782;     -.786;    25.862;    88.447; 
 783;     -.789;    25.853;    88.447; 
 784;     -.792;    25.842;    88.447; 
 785;     -.794;    25.836;    88.447; 
 786;     -.797;    25.824;    88.447; 
 787;     -.800;    25.812;    88.447; 
 788;     -.803;    25.803;    88.447; 
 789;     -.808;    25.788;    88.447; 
 790;     -.809;    25.782;    88.447; 
 791;     -.811;    25.777;    88.447; 
 792;     -.812;    25.770;    88.447; 
 793;     -.814;    25.761;    88.447; 
 794;     -.821;    25.738;    88.447; 
 795;     -.825;    25.725;    88.447; 
 796;     -.827;    25.716;    88.447; 
 797;     -.829;    25.710;    88.447; 
 798;     -.832;    25.698;    88.447; 
 799;     -.835;    25.689;    88.447; 
 800;     -.837;    25.683;    88.447; 
 801;     -.839;    25.672;    88.447; 
 802;     -.842;    25.663;    88.447; 
 803;     -.845;    25.651;    88.447; 
 804;     -.849;    25.638;    88.447; 
 805;     -.851;    25.630;    88.447; 
 806;     -.853;    25.620;    88.447; 
 807;     -.857;    25.608;    88.447; 
 808;     -.858;    25.602;    88.447; 
 809;     -.861;    25.590;    88.447; 
 810;     -.865;    25.577;    88.447; 
 811;     -.867;    25.570;    88.447; 
 812;     -.869;    25.562;    88.447; 
 813;     -.870;    25.557;    88.447; 
 814;     -.871;    25.552;    88.447; 
 815;     -.873;    25.541;    88.447; 
 816;     -.874;    25.534;    88.447; 
 817;     -.874;    25.533;    88.447; 
 818;     -.877;    25.516;    88.447; 
 819;     -.878;    25.512;    88.447; 
 820;     -.880;    25.501;    88.447; 
 821;     -.885;    25.475;    88.447; 
 822;     -.888;    25.465;    88.447; 
 823;     -.890;    25.456;    88.447; 
 824;     -.894;    25.439;    88.447; 
 825;     -.899;    25.421;    88.447; 
 826;     -.899;    25.418;    88.447; 
 827;     -.902;    25.409;    88.447; 
 828;     -.903;    25.405;    88.447; 
 829;     -.906;    25.390;    88.447; 
 830;     -.910;    25.377;    88.447; 
 831;     -.911;    25.370;    88.447; 
 832;     -.914;    25.359;    88.447; 
 833;     -.918;    25.346;    88.447; 
 834;     -.920;    25.337;    88.447; 
 835;     -.922;    25.328;    88.447; 
 836;     -.923;    25.324;    88.447; 
 837;     -.926;    25.313;    88.447; 
 838;     -.928;    25.304;    88.447; 
 839;     -.928;    25.300;    88.447; 
 840;     -.929;    25.297;    88.447; 
 841;     -.931;    25.285;    88.447; 
 842;     -.934;    25.270;    88.447; 
 843;     -.938;    25.252;    88.447; 
 844;     -.939;    25.244;    88.447; 
 845;     -.941;    25.238;    88.447; 
 846;     -.941;    25.232;    88.447; 
 847;     -.943;    25.222;    88.447; 
 848;     -.945;    25.211;    88.447; 
 849;     -.947;    25.200;    88.447; 
 850;     -.950;    25.187;    88.447; 
 851;     -.952;    25.177;    88.447; 
 852;     -.953;    25.170;    88.447; 
 853;     -.955;    25.160;    88.447; 
 854;     -.957;    25.147;    88.447; 
 855;     -.958;    25.144;    88.447; 
 856;     -.959;    25.134;    88.447; 
 857;     -.962;    25.119;    88.447; 
 858;     -.964;    25.109;    88.447; 
 859;     -.965;    25.100;    88.447; 
 860;     -.973;    25.065;    88.447; 
 861;     -.984;    25.034;    88.447; 
 862;     -.991;    25.017;    88.447; 
 863;     -.994;    25.010;    88.447; 
 864;    -1.017;    24.966;    88.447; 
 865;    -1.075;    24.899;    88.447; 
 866;    -1.177;    24.846;    88.447; 
 867;    -1.229;    24.836;    88.447; 
 868;    -1.244;    24.835;    88.447; 
 869;    -1.259;    24.833;    88.447; 
 870;    -1.275;    24.832;    88.447; 
 871;    -1.285;    24.832;    88.447; 
 872;    -1.299;    24.831;    88.447; 
 873;    -1.310;    24.831;    88.447; 
 874;    -1.321;    24.830;    88.447; 
 875;    -1.333;    24.829;    88.447; 
 876;    -1.342;    24.829;    88.447; 
 877;    -1.350;    24.829;    88.447; 
 878;    -1.356;    24.828;    88.447; 
 879;    -1.362;    24.827;    88.447; 
 880;    -1.368;    24.827;    88.447; 
 881;    -1.381;    24.825;    88.447; 
 882;    -1.401;    24.824;    88.447; 
 883;    -1.422;    24.823;    88.447; 
 884;    -1.433;    24.823;    88.447; 
 885;    -1.438;    24.823;    88.447; 
 886;    -1.444;    24.823;    88.447; 
 887;    -1.456;    24.822;    88.447; 
 888;    -1.468;    24.821;    88.447; 
 889;    -1.481;    24.821;    88.447; 
 890;    -1.488;    24.821;    88.447; 
 891;    -1.495;    24.820;    88.447; 
 892;    -1.505;    24.819;    88.447; 
 893;    -1.515;    24.819;    88.447; 
 894;    -1.525;    24.818;    88.447; 
 895;    -1.540;    24.817;    88.447; 
 896;    -1.550;    24.817;    88.447; 
 897;    -1.560;    24.816;    88.447; 
 898;    -1.569;    24.816;    88.447; 
 899;    -1.578;    24.815;    88.447; 
 900;    -1.590;    24.815;    88.447; 
 901;    -1.606;    24.814;    88.447; 
 902;    -1.687;    24.824;    88.447; 
 903;    -1.750;    24.849;    88.447; 
 904;    -1.842;    24.931;    88.447; 
 905;    -1.871;    24.984;    88.447; 
 906;    -1.873;    24.987;    88.447; 
 907;    -1.878;    24.999;    88.447; 
 908;    -1.885;    25.015;    88.447; 
 909;    -1.892;    25.032;    88.447; 
 910;    -1.899;    25.051;    88.447; 
 911;    -1.903;    25.062;    88.447; 
 912;    -1.907;    25.074;    88.447; 
 913;    -1.910;    25.081;    88.447; 
 914;    -1.913;    25.089;    88.447; 
 915;    -1.919;    25.108;    88.447; 
 916;    -1.921;    25.113;    88.447; 
 917;    -1.923;    25.121;    88.447; 
 918;    -1.923;    25.121;    88.447; 
 919;    -1.927;    25.130;    88.447; 
 920;    -1.930;    25.137;    88.447; 
 921;    -1.939;    25.161;    88.447; 
 922;    -1.945;    25.183;    88.447; 
 923;    -1.949;    25.198;    88.447; 
 924;    -1.952;    25.210;    88.447; 
 925;    -1.955;    25.218;    88.447; 
 926;    -1.957;    25.229;    88.447; 
 927;    -1.959;    25.234;    88.447; 
 928;    -1.961;    25.242;    88.447; 
 929;    -1.963;    25.248;    88.447; 
 930;    -1.966;    25.258;    88.447; 
 931;    -1.967;    25.261;    88.447; 
 932;    -1.970;    25.269;    88.447; 
 933;    -1.973;    25.276;    88.447; 
 934;    -1.975;    25.281;    88.447; 
 935;    -1.977;    25.288;    88.447; 
 936;    -1.983;    25.303;    88.447; 
 937;    -1.989;    25.319;    88.447; 
 938;    -1.993;    25.332;    88.447; 
 939;    -1.996;    25.341;    88.447; 
 940;    -1.999;    25.349;    88.447; 
 941;    -2.002;    25.357;    88.447; 
 942;    -2.004;    25.363;    88.447; 
 943;    -2.008;    25.374;    88.447; 
 944;    -2.011;    25.381;    88.447; 
 945;    -2.013;    25.386;    88.447; 
 946;    -2.017;    25.394;    88.447; 
 947;    -2.021;    25.404;    88.447; 
 948;    -2.027;    25.421;    88.447; 
 949;    -2.032;    25.434;    88.447; 
 950;    -2.038;    25.449;    88.447; 
 951;    -2.043;    25.468;    88.447; 
 952;    -2.046;    25.476;    88.447; 
 953;    -2.049;    25.486;    88.447; 
 954;    -2.049;    25.486;    88.447; 
 955;    -2.052;    25.492;    88.447; 
 956;    -2.054;    25.496;    88.447; 
 957;    -2.057;    25.505;    88.447; 
 958;    -2.061;    25.513;    88.447; 
 959;    -2.067;    25.529;    88.447; 
 960;    -2.073;    25.545;    88.447; 
 961;    -2.076;    25.553;    88.447; 
 962;    -2.079;    25.561;    88.447; 
 963;    -2.082;    25.567;    88.447; 
 964;    -2.085;    25.575;    88.447; 
 965;    -2.093;    25.596;    88.447; 
 966;    -2.095;    25.601;    88.447; 
 967;    -2.097;    25.605;    88.447; 
 968;    -2.101;    25.615;    88.447; 
 969;    -2.103;    25.619;    88.447; 
 970;    -2.107;    25.629;    88.447; 
 971;    -2.110;    25.635;    88.447; 
 972;    -2.116;    25.649;    88.447; 
 973;    -2.124;    25.667;    88.447; 
 974;    -2.129;    25.680;    88.447; 
 975;    -2.132;    25.689;    88.447; 
 976;    -2.136;    25.699;    88.447; 
 977;    -2.140;    25.710;    88.447; 
 978;    -2.143;    25.718;    88.447; 
 979;    -2.145;    25.723;    88.447; 
 980;    -2.150;    25.734;    88.447; 
 981;    -2.152;    25.738;    88.447; 
 982;    -2.155;    25.746;    88.447; 
 983;    -2.158;    25.751;    88.447; 
 984;    -2.161;    25.757;    88.447; 
 985;    -2.171;    25.779;    88.447; 
 986;    -2.177;    25.794;    88.447; 
 987;    -2.182;    25.810;    88.447; 
 988;    -2.186;    25.819;    88.447; 
 989;    -2.188;    25.824;    88.447; 
 990;    -2.190;    25.829;    88.447; 
 991;    -2.192;    25.833;    88.447; 
 992;    -2.196;    25.842;    88.447; 
 993;    -2.200;    25.849;    88.447; 
 994;    -2.205;    25.862;    88.447; 
 995;    -2.212;    25.878;    88.447; 
 996;    -2.216;    25.886;    88.447; 
 997;    -2.219;    25.892;    88.447; 
 998;    -2.224;    25.904;    88.447; 
 999;    -2.229;    25.916;    88.447; 
1000;    -2.232;    25.923;    88.447; 
1001;    -2.236;    25.931;    88.447; 
1002;    -2.241;    25.943;    88.447; 
1003;    -2.245;    25.952;    88.447; 
1004;    -2.249;    25.961;    88.447; 
1005;    -2.252;    25.967;    88.447; 
1006;    -2.257;    25.977;    88.447; 
1007;    -2.260;    25.984;    88.447; 
1008;    -2.265;    25.995;    88.447; 
1009;    -2.271;    26.007;    88.447; 
1010;    -2.274;    26.013;    88.447; 
1011;    -2.278;    26.021;    88.447; 
1012;    -2.286;    26.038;    88.447; 
1013;    -2.289;    26.044;    88.447; 
1014;    -2.293;    26.054;    88.447; 
1015;    -2.297;    26.063;    88.447; 
1016;    -2.302;    26.072;    88.447; 
1017;    -2.306;    26.080;    88.447; 
1018;    -2.312;    26.093;    88.447; 
1019;    -2.315;    26.099;    88.447; 
1020;    -2.320;    26.109;    88.447; 
1021;    -2.323;    26.117;    88.447; 
1022;    -2.326;    26.123;    88.447; 
1023;    -2.331;    26.131;    88.447; 
1024;    -2.334;    26.137;    88.447; 
1025;    -2.344;    26.156;    88.447; 
1026;    -2.350;    26.169;    88.447; 
1027;    -2.354;    26.180;    88.447; 
1028;    -2.357;    26.185;    88.447; 
1029;    -2.363;    26.199;    88.447; 
1030;    -2.366;    26.204;    88.447; 
1031;    -2.370;    26.212;    88.447; 
1032;    -2.376;    26.224;    88.447; 
1033;    -2.378;    26.229;    88.447; 
1034;    -2.381;    26.234;    88.447; 
1035;    -2.388;    26.247;    88.447; 
1036;    -2.395;    26.261;    88.447; 
1037;    -2.398;    26.268;    88.447; 
1038;    -2.402;    26.275;    88.447; 
1039;    -2.406;    26.284;    88.447; 
1040;    -2.408;    26.287;    88.447; 
1041;    -2.417;    26.304;    88.447; 
1042;    -2.423;    26.317;    88.447; 
1043;    -2.430;    26.331;    88.447; 
1044;    -2.433;    26.337;    88.447; 
1045;    -2.436;    26.344;    88.447; 
1046;    -2.437;    26.345;    88.447; 
1047;    -2.444;    26.358;    88.447; 
1048;    -2.448;    26.367;    88.447; 
1049;    -2.456;    26.382;    88.447; 
1050;    -2.460;    26.390;    88.447; 
1051;    -2.464;    26.398;    88.447; 
1052;    -2.469;    26.408;    88.447; 
1053;    -2.473;    26.416;    88.447; 
1054;    -2.477;    26.422;    88.447; 
1055;    -2.481;    26.430;    88.447; 
1056;    -2.483;    26.434;    88.447; 
1057;    -2.488;    26.442;    88.447; 
1058;    -2.490;    26.445;    88.447; 
1059;    -2.494;    26.452;    88.447; 
1060;    -2.502;    26.465;    88.447; 
1061;    -2.512;    26.484;    88.447; 
1062;    -2.518;    26.495;    88.447; 
1063;    -2.524;    26.506;    88.447; 
1064;    -2.530;    26.518;    88.447; 
1065;    -2.534;    26.526;    88.447; 
1066;    -2.540;    26.537;    88.447; 
1067;    -2.546;    26.551;    88.447; 
1068;    -2.549;    26.556;    88.447; 
1069;    -2.554;    26.565;    88.447; 
1070;    -2.558;    26.573;    88.447; 
1071;    -2.561;    26.579;    88.447; 
1072;    -2.566;    26.588;    88.447; 
1073;    -2.569;    26.594;    88.447; 
1074;    -2.574;    26.602;    88.447; 
1075;    -2.580;    26.614;    88.447; 
1076;    -2.587;    26.627;    88.447; 
1077;    -2.590;    26.632;    88.447; 
1078;    -2.594;    26.639;    88.447; 
1079;    -2.598;    26.645;    88.447; 
1080;    -2.606;    26.661;    88.447; 
1081;    -2.610;    26.668;    88.447; 
1082;    -2.616;    26.677;    88.447; 
1083;    -2.620;    26.685;    88.447; 
1084;    -2.627;    26.698;    88.447; 
1085;    -2.633;    26.709;    88.447; 
1086;    -2.639;    26.720;    88.447; 
1087;    -2.642;    26.726;    88.447; 
1088;    -2.648;    26.736;    88.447; 
1089;    -2.651;    26.742;    88.447; 
1090;    -2.658;    26.754;    88.447; 
1091;    -2.662;    26.761;    88.447; 
1092;    -2.665;    26.766;    88.447; 
1093;    -2.670;    26.775;    88.447; 
1094;    -2.677;    26.786;    88.447; 
1095;    -2.683;    26.796;    88.447; 
1096;    -2.690;    26.810;    88.447; 
1097;    -2.694;    26.816;    88.447; 
1098;    -2.700;    26.828;    88.447; 
1099;    -2.702;    26.831;    88.447; 
1100;    -2.709;    26.842;    88.447; 
1101;    -2.712;    26.847;    88.447; 
1102;    -2.715;    26.852;    88.447; 
1103;    -2.718;    26.856;    88.447; 
1104;    -2.728;    26.871;    88.447; 
1105;    -2.732;    26.878;    88.447; 
1106;    -2.735;    26.882;    88.447; 
1107;    -2.741;    26.891;    88.447; 
1108;    -2.742;    26.893;    88.447; 
1109;    -2.748;    26.901;    88.447; 
1110;    -2.749;    26.902;    88.447; 
1111;    -2.754;    26.908;    88.447; 
1112;    -2.756;    26.911;    88.447; 
1113;    -2.758;    26.913;    88.447; 
1114;    -2.764;    26.919;    88.447; 
1115;    -2.766;    26.921;    88.447; 
1116;    -2.768;    26.923;    88.447; 
1117;    -2.772;    26.926;    88.447; 
1118;    -2.776;    26.930;    88.447; 
1119;    -2.782;    26.935;    88.447; 
1120;    -2.782;    26.935;    88.447; 
1121;    -2.787;    26.938;    88.447; 
1122;    -2.794;    26.943;    88.447; 
1123;    -2.794;    26.943;    88.447; 
1124;    -2.801;    26.948;    88.447; 
1125;    -2.805;    26.950;    88.447; 
1126;    -2.810;    26.952;    88.447; 
1127;    -2.814;    26.955;    88.447; 
1128;    -2.819;    26.957;    88.447; 
1129;    -2.825;    26.960;    88.447; 
1130;    -2.831;    26.963;    88.447; 
1131;    -2.836;    26.965;    88.447; 
1132;    -2.842;    26.967;    88.447; 
1133;    -2.844;    26.968;    88.447; 
1134;    -2.847;    26.968;    88.447; 
1135;    -2.853;    26.970;    88.447; 
1136;    -2.853;    26.970;    88.447; 
1137;    -2.859;    26.971;    88.447; 
1138;    -2.865;    26.972;    88.447; 
1139;    -2.870;    26.973;    88.447; 
1140;    -2.878;    26.975;    88.447; 
1141;    -2.879;    26.975;    88.447; 
1142;    -2.885;    26.975;    88.447; 
1143;    -2.891;    26.976;    88.447; 
1144;    -2.896;    26.976;    88.447; 
1145;    -2.902;    26.976;    88.447; 
1146;    -2.904;    26.976;    88.447; 
1147;    -2.908;    26.976;    88.447; 
1148;    -2.913;    26.976;    88.447; 
1149;    -2.919;    26.975;    88.447; 
1150;    -2.924;    26.975;    88.447; 
1151;    -2.931;    26.974;    88.447; 
1152;    -2.939;    26.973;    88.447; 
1153;    -2.947;    26.972;    88.447; 
1154;    -2.955;    26.971;    88.447; 
1155;    -2.965;    26.970;    88.447; 
1156;    -2.980;    26.968;    88.447; 
1157;    -2.991;    26.967;    88.447; 
1158;    -3.001;    26.966;    88.447; 
1159;    -3.009;    26.965;    88.447; 
1160;    -3.015;    26.964;    88.447; 
