[A]
   1;     3.093;    26.757;    88.446; 
   2;     3.082;    26.758;    88.446; 
   3;     3.072;    26.760;    88.446; 
   4;     3.060;    26.761;    88.446; 
   5;     3.047;    26.763;    88.446; 
   6;     3.040;    26.764;    88.446; 
   7;     3.034;    26.764;    88.446; 
   8;     3.022;    26.766;    88.446; 
   9;     3.009;    26.767;    88.446; 
  10;     2.996;    26.769;    88.446; 
  11;     2.987;    26.770;    88.446; 
  12;     2.979;    26.771;    88.446; 
  13;     2.970;    26.772;    88.446; 
  14;     2.962;    26.773;    88.446; 
  15;     2.959;    26.773;    88.446; 
  16;     2.953;    26.773;    88.446; 
  17;     2.949;    26.773;    88.446; 
  18;     2.944;    26.773;    88.446; 
  19;     2.940;    26.773;    88.446; 
  20;     2.936;    26.773;    88.446; 
  21;     2.934;    26.772;    88.446; 
  22;     2.933;    26.772;    88.446; 
  23;     2.924;    26.771;    88.446; 
  24;     2.916;    26.770;    88.446; 
  25;     2.909;    26.768;    88.446; 
  26;     2.900;    26.767;    88.446; 
  27;     2.893;    26.766;    88.446; 
  28;     2.890;    26.765;    88.446; 
  29;     2.885;    26.764;    88.446; 
  30;     2.880;    26.762;    88.446; 
  31;     2.877;    26.761;    88.446; 
  32;     2.872;    26.759;    88.446; 
  33;     2.869;    26.758;    88.446; 
  34;     2.864;    26.756;    88.446; 
  35;     2.859;    26.754;    88.446; 
  36;     2.855;    26.752;    88.446; 
  37;     2.849;    26.749;    88.446; 
  38;     2.845;    26.747;    88.446; 
  39;     2.841;    26.745;    88.446; 
  40;     2.838;    26.743;    88.446; 
  41;     2.834;    26.741;    88.446; 
  42;     2.832;    26.739;    88.446; 
  43;     2.829;    26.737;    88.446; 
  44;     2.823;    26.732;    88.446; 
  45;     2.822;    26.732;    88.446; 
  46;     2.817;    26.727;    88.446; 
  47;     2.814;    26.725;    88.446; 
  48;     2.809;    26.721;    88.446; 
  49;     2.805;    26.717;    88.446; 
  50;     2.801;    26.713;    88.446; 
  51;     2.799;    26.710;    88.446; 
  52;     2.794;    26.705;    88.446; 
  53;     2.793;    26.704;    88.446; 
  54;     2.790;    26.700;    88.446; 
  55;     2.790;    26.699;    88.446; 
  56;     2.787;    26.695;    88.446; 
  57;     2.785;    26.692;    88.446; 
  58;     2.782;    26.687;    88.446; 
  59;     2.775;    26.676;    88.446; 
  60;     2.764;    26.662;    88.446; 
  61;     2.761;    26.657;    88.446; 
  62;     2.758;    26.651;    88.446; 
  63;     2.753;    26.645;    88.446; 
  64;     2.751;    26.640;    88.446; 
  65;     2.747;    26.633;    88.446; 
  66;     2.742;    26.624;    88.446; 
  67;     2.739;    26.620;    88.446; 
  68;     2.733;    26.608;    88.446; 
  69;     2.729;    26.601;    88.446; 
  70;     2.722;    26.588;    88.446; 
  71;     2.715;    26.577;    88.446; 
  72;     2.709;    26.567;    88.446; 
  73;     2.703;    26.556;    88.446; 
  74;     2.697;    26.547;    88.446; 
  75;     2.693;    26.539;    88.446; 
  76;     2.690;    26.533;    88.446; 
  77;     2.685;    26.525;    88.446; 
  78;     2.679;    26.515;    88.446; 
  79;     2.675;    26.506;    88.446; 
  80;     2.672;    26.501;    88.446; 
  81;     2.666;    26.490;    88.446; 
  82;     2.660;    26.478;    88.446; 
  83;     2.654;    26.468;    88.446; 
  84;     2.650;    26.461;    88.446; 
  85;     2.644;    26.450;    88.446; 
  86;     2.641;    26.444;    88.446; 
  87;     2.636;    26.435;    88.446; 
  88;     2.632;    26.427;    88.446; 
  89;     2.625;    26.415;    88.446; 
  90;     2.620;    26.405;    88.446; 
  91;     2.614;    26.395;    88.446; 
  92;     2.610;    26.388;    88.446; 
  93;     2.606;    26.379;    88.446; 
  94;     2.601;    26.370;    88.446; 
  95;     2.596;    26.360;    88.446; 
  96;     2.592;    26.352;    88.446; 
  97;     2.587;    26.343;    88.446; 
  98;     2.581;    26.332;    88.446; 
  99;     2.577;    26.324;    88.446; 
 100;     2.572;    26.315;    88.446; 
 101;     2.568;    26.307;    88.446; 
 102;     2.562;    26.296;    88.446; 
 103;     2.557;    26.286;    88.446; 
 104;     2.550;    26.273;    88.446; 
 105;     2.546;    26.265;    88.446; 
 106;     2.541;    26.257;    88.446; 
 107;     2.537;    26.249;    88.446; 
 108;     2.531;    26.237;    88.446; 
 109;     2.529;    26.233;    88.446; 
 110;     2.524;    26.224;    88.446; 
 111;     2.518;    26.213;    88.446; 
 112;     2.515;    26.206;    88.446; 
 113;     2.510;    26.196;    88.446; 
 114;     2.504;    26.184;    88.446; 
 115;     2.498;    26.173;    88.446; 
 116;     2.494;    26.165;    88.446; 
 117;     2.488;    26.154;    88.446; 
 118;     2.485;    26.147;    88.446; 
 119;     2.480;    26.138;    88.446; 
 120;     2.478;    26.133;    88.446; 
 121;     2.473;    26.122;    88.446; 
 122;     2.466;    26.109;    88.446; 
 123;     2.461;    26.100;    88.446; 
 124;     2.455;    26.088;    88.446; 
 125;     2.451;    26.080;    88.446; 
 126;     2.447;    26.072;    88.446; 
 127;     2.442;    26.062;    88.446; 
 128;     2.437;    26.052;    88.446; 
 129;     2.432;    26.042;    88.446; 
 130;     2.428;    26.035;    88.446; 
 131;     2.424;    26.027;    88.446; 
 132;     2.421;    26.019;    88.446; 
 133;     2.419;    26.014;    88.446; 
 134;     2.415;    26.007;    88.446; 
 135;     2.411;    25.998;    88.446; 
 136;     2.405;    25.985;    88.446; 
 137;     2.401;    25.975;    88.446; 
 138;     2.398;    25.967;    88.446; 
 139;     2.393;    25.958;    88.446; 
 140;     2.389;    25.946;    88.446; 
 141;     2.381;    25.930;    88.446; 
 142;     2.372;    25.914;    88.446; 
 143;     2.366;    25.902;    88.446; 
 144;     2.360;    25.890;    88.446; 
 145;     2.355;    25.882;    88.446; 
 146;     2.351;    25.874;    88.446; 
 147;     2.348;    25.868;    88.446; 
 148;     2.349;    25.869;    88.446; 
 149;     2.344;    25.858;    88.446; 
 150;     2.343;    25.856;    88.446; 
 151;     2.340;    25.849;    88.446; 
 152;     2.336;    25.839;    88.446; 
 153;     2.326;    25.818;    88.446; 
 154;     2.316;    25.798;    88.446; 
 155;     2.312;    25.791;    88.446; 
 156;     2.309;    25.784;    88.446; 
 157;     2.304;    25.775;    88.446; 
 158;     2.301;    25.769;    88.446; 
 159;     2.298;    25.761;    88.446; 
 160;     2.296;    25.758;    88.446; 
 161;     2.295;    25.755;    88.446; 
 162;     2.293;    25.747;    88.446; 
 163;     2.288;    25.736;    88.446; 
 164;     2.277;    25.711;    88.446; 
 165;     2.270;    25.696;    88.446; 
 166;     2.266;    25.689;    88.446; 
 167;     2.264;    25.683;    88.446; 
 168;     2.261;    25.677;    88.446; 
 169;     2.259;    25.672;    88.446; 
 170;     2.255;    25.664;    88.446; 
 171;     2.248;    25.647;    88.446; 
 172;     2.243;    25.637;    88.446; 
 173;     2.240;    25.630;    88.446; 
 174;     2.237;    25.623;    88.446; 
 175;     2.235;    25.617;    88.446; 
 176;     2.231;    25.607;    88.446; 
 177;     2.228;    25.599;    88.446; 
 178;     2.218;    25.578;    88.446; 
 179;     2.213;    25.566;    88.446; 
 180;     2.209;    25.558;    88.446; 
 181;     2.205;    25.550;    88.446; 
 182;     2.204;    25.545;    88.446; 
 183;     2.200;    25.536;    88.446; 
 184;     2.196;    25.528;    88.446; 
 185;     2.194;    25.521;    88.446; 
 186;     2.192;    25.516;    88.446; 
 187;     2.190;    25.511;    88.446; 
 188;     2.188;    25.505;    88.446; 
 189;     2.183;    25.489;    88.446; 
 190;     2.176;    25.471;    88.446; 
 191;     2.167;    25.451;    88.446; 
 192;     2.163;    25.441;    88.446; 
 193;     2.159;    25.432;    88.446; 
 194;     2.157;    25.428;    88.446; 
 195;     2.154;    25.420;    88.446; 
 196;     2.152;    25.414;    88.446; 
 197;     2.146;    25.400;    88.446; 
 198;     2.141;    25.389;    88.446; 
 199;     2.135;    25.374;    88.446; 
 200;     2.132;    25.367;    88.446; 
 201;     2.129;    25.361;    88.446; 
 202;     2.127;    25.355;    88.446; 
 203;     2.123;    25.346;    88.446; 
 204;     2.119;    25.335;    88.446; 
 205;     2.116;    25.327;    88.446; 
 206;     2.113;    25.319;    88.446; 
 207;     2.111;    25.313;    88.446; 
 208;     2.106;    25.299;    88.446; 
 209;     2.102;    25.288;    88.446; 
 210;     2.093;    25.268;    88.446; 
 211;     2.089;    25.258;    88.446; 
 212;     2.085;    25.250;    88.446; 
 213;     2.085;    25.248;    88.446; 
 214;     2.081;    25.238;    88.446; 
 215;     2.079;    25.231;    88.446; 
 216;     2.077;    25.226;    88.446; 
 217;     2.074;    25.218;    88.446; 
 218;     2.070;    25.205;    88.446; 
 219;     2.064;    25.190;    88.446; 
 220;     2.061;    25.181;    88.446; 
 221;     2.058;    25.173;    88.446; 
 222;     2.054;    25.162;    88.446; 
 223;     2.051;    25.152;    88.446; 
 224;     2.046;    25.139;    88.446; 
 225;     2.042;    25.130;    88.446; 
 226;     2.040;    25.122;    88.446; 
 227;     2.035;    25.109;    88.446; 
 228;     2.032;    25.101;    88.446; 
 229;     2.027;    25.088;    88.446; 
 230;     2.028;    25.089;    88.446; 
 231;     2.024;    25.078;    88.446; 
 232;     2.022;    25.071;    88.446; 
 233;     2.016;    25.053;    88.446; 
 234;     2.015;    25.048;    88.446; 
 235;     2.014;    25.045;    88.446; 
 236;     2.011;    25.034;    88.446; 
 237;     2.007;    25.022;    88.446; 
 238;     2.004;    25.009;    88.446; 
 239;     1.999;    24.995;    88.446; 
 240;     1.992;    24.977;    88.446; 
 241;     1.988;    24.964;    88.446; 
 242;     1.983;    24.951;    88.446; 
 243;     1.981;    24.947;    88.446; 
 244;     1.978;    24.938;    88.446; 
 245;     1.977;    24.933;    88.446; 
 246;     1.976;    24.929;    88.446; 
 247;     1.973;    24.919;    88.446; 
 248;     1.969;    24.908;    88.446; 
 249;     1.964;    24.892;    88.446; 
 250;     1.960;    24.880;    88.446; 
 251;     1.958;    24.875;    88.446; 
 252;     1.955;    24.863;    88.446; 
 253;     1.948;    24.845;    88.446; 
 254;     1.940;    24.825;    88.446; 
 255;     1.934;    24.812;    88.446; 
 256;     1.929;    24.801;    88.446; 
 257;     1.925;    24.791;    88.446; 
 258;     1.914;    24.769;    88.446; 
 259;     1.901;    24.746;    88.446; 
 260;     1.888;    24.725;    88.446; 
 261;     1.871;    24.703;    88.446; 
 262;     1.779;    24.630;    88.446; 
 263;     1.707;    24.606;    88.446; 
 264;     1.648;    24.601;    88.446; 
 265;     1.608;    24.603;    88.446; 
 266;     1.605;    24.603;    88.446; 
 267;     1.599;    24.604;    88.446; 
 268;     1.590;    24.604;    88.446; 
 269;     1.574;    24.605;    88.446; 
 270;     1.558;    24.607;    88.446; 
 271;     1.550;    24.607;    88.446; 
 272;     1.539;    24.608;    88.446; 
 273;     1.529;    24.609;    88.446; 
 274;     1.517;    24.610;    88.446; 
 275;     1.509;    24.611;    88.446; 
 276;     1.500;    24.611;    88.446; 
 277;     1.491;    24.612;    88.446; 
 278;     1.481;    24.612;    88.446; 
 279;     1.471;    24.613;    88.446; 
 280;     1.462;    24.613;    88.446; 
 281;     1.456;    24.614;    88.446; 
 282;     1.450;    24.614;    88.446; 
 283;     1.442;    24.614;    88.446; 
 284;     1.440;    24.613;    88.446; 
 285;     1.422;    24.613;    88.446; 
 286;     1.377;    24.617;    88.446; 
 287;     1.360;    24.620;    88.446; 
 288;     1.357;    24.621;    88.446; 
 289;     1.351;    24.621;    88.446; 
 290;     1.347;    24.622;    88.446; 
 291;     1.344;    24.622;    88.446; 
 292;     1.336;    24.622;    88.446; 
 293;     1.325;    24.623;    88.446; 
 294;     1.315;    24.623;    88.446; 
 295;     1.307;    24.623;    88.446; 
 296;     1.299;    24.624;    88.446; 
 297;     1.267;    24.627;    88.446; 
 298;     1.215;    24.638;    88.446; 
 299;     1.141;    24.674;    88.446; 
 300;     1.079;    24.733;    88.446; 
 301;     1.030;    24.831;    88.446; 
 302;     1.024;    24.854;    88.446; 
 303;     1.021;    24.868;    88.446; 
 304;     1.018;    24.883;    88.446; 
 305;     1.017;    24.889;    88.446; 
 306;     1.015;    24.901;    88.446; 
 307;     1.014;    24.903;    88.446; 
 308;     1.010;    24.919;    88.446; 
 309;     1.008;    24.928;    88.446; 
 310;     1.005;    24.942;    88.446; 
 311;     1.003;    24.955;    88.446; 
 312;     1.000;    24.972;    88.446; 
 313;      .998;    24.984;    88.446; 
 314;      .996;    24.992;    88.446; 
 315;      .996;    24.996;    88.446; 
 316;      .993;    25.008;    88.446; 
 317;      .992;    25.012;    88.446; 
 318;      .991;    25.019;    88.446; 
 319;      .989;    25.027;    88.446; 
 320;      .985;    25.044;    88.446; 
 321;      .982;    25.060;    88.446; 
 322;      .980;    25.069;    88.446; 
 323;      .978;    25.080;    88.446; 
 324;      .977;    25.086;    88.446; 
 325;      .974;    25.097;    88.446; 
 326;      .972;    25.113;    88.446; 
 327;      .969;    25.125;    88.446; 
 328;      .967;    25.137;    88.446; 
 329;      .966;    25.144;    88.446; 
 330;      .965;    25.150;    88.446; 
 331;      .963;    25.156;    88.446; 
 332;      .961;    25.164;    88.446; 
 333;      .958;    25.181;    88.446; 
 334;      .956;    25.192;    88.446; 
 335;      .953;    25.204;    88.446; 
 336;      .952;    25.209;    88.446; 
 337;      .950;    25.219;    88.446; 
 338;      .947;    25.232;    88.446; 
 339;      .946;    25.238;    88.446; 
 340;      .944;    25.243;    88.446; 
 341;      .942;    25.250;    88.446; 
 342;      .942;    25.250;    88.446; 
 343;      .940;    25.258;    88.446; 
 344;      .935;    25.271;    88.446; 
 345;      .929;    25.298;    88.446; 
 346;      .924;    25.321;    88.446; 
 347;      .923;    25.328;    88.446; 
 348;      .920;    25.340;    88.446; 
 349;      .919;    25.348;    88.446; 
 350;      .917;    25.355;    88.446; 
 351;      .916;    25.362;    88.446; 
 352;      .914;    25.370;    88.446; 
 353;      .912;    25.377;    88.446; 
 354;      .910;    25.386;    88.446; 
 355;      .907;    25.397;    88.446; 
 356;      .904;    25.407;    88.446; 
 357;      .902;    25.413;    88.446; 
 358;      .899;    25.426;    88.446; 
 359;      .896;    25.437;    88.446; 
 360;      .894;    25.445;    88.446; 
 361;      .891;    25.455;    88.446; 
 362;      .888;    25.468;    88.446; 
 363;      .885;    25.481;    88.446; 
 364;      .882;    25.491;    88.446; 
 365;      .880;    25.499;    88.446; 
 366;      .878;    25.507;    88.446; 
 367;      .876;    25.512;    88.446; 
 368;      .875;    25.518;    88.446; 
 369;      .871;    25.528;    88.446; 
 370;      .867;    25.543;    88.446; 
 371;      .862;    25.561;    88.446; 
 372;      .859;    25.574;    88.446; 
 373;      .856;    25.584;    88.446; 
 374;      .855;    25.591;    88.446; 
 375;      .853;    25.597;    88.446; 
 376;      .850;    25.605;    88.446; 
 377;      .848;    25.613;    88.446; 
 378;      .844;    25.626;    88.446; 
 379;      .842;    25.633;    88.446; 
 380;      .840;    25.640;    88.446; 
 381;      .838;    25.644;    88.446; 
 382;      .834;    25.655;    88.446; 
 383;      .831;    25.665;    88.446; 
 384;      .826;    25.679;    88.446; 
 385;      .822;    25.691;    88.446; 
 386;      .820;    25.699;    88.446; 
 387;      .817;    25.707;    88.446; 
 388;      .812;    25.724;    88.446; 
 389;      .805;    25.749;    88.446; 
 390;      .803;    25.758;    88.446; 
 391;      .800;    25.769;    88.446; 
 392;      .799;    25.773;    88.446; 
 393;      .797;    25.780;    88.446; 
 394;      .795;    25.787;    88.446; 
 395;      .793;    25.793;    88.446; 
 396;      .790;    25.802;    88.446; 
 397;      .788;    25.809;    88.446; 
 398;      .784;    25.822;    88.446; 
 399;      .780;    25.835;    88.446; 
 400;      .777;    25.844;    88.446; 
 401;      .774;    25.852;    88.446; 
 402;      .771;    25.862;    88.446; 
 403;      .768;    25.874;    88.446; 
 404;      .765;    25.881;    88.446; 
 405;      .762;    25.890;    88.446; 
 406;      .760;    25.896;    88.446; 
 407;      .755;    25.910;    88.446; 
 408;      .750;    25.926;    88.446; 
 409;      .749;    25.930;    88.446; 
 410;      .745;    25.940;    88.446; 
 411;      .743;    25.947;    88.446; 
 412;      .739;    25.961;    88.446; 
 413;      .736;    25.968;    88.446; 
 414;      .732;    25.979;    88.446; 
 415;      .729;    25.989;    88.446; 
 416;      .725;    25.999;    88.446; 
 417;      .723;    26.005;    88.446; 
 418;      .720;    26.014;    88.446; 
 419;      .717;    26.022;    88.446; 
 420;      .714;    26.029;    88.446; 
 421;      .712;    26.036;    88.446; 
 422;      .705;    26.055;    88.446; 
 423;      .699;    26.070;    88.446; 
 424;      .694;    26.087;    88.446; 
 425;      .692;    26.096;    88.446; 
 426;      .689;    26.104;    88.446; 
 427;      .687;    26.110;    88.446; 
 428;      .685;    26.116;    88.446; 
 429;      .683;    26.123;    88.446; 
 430;      .679;    26.132;    88.446; 
 431;      .673;    26.148;    88.446; 
 432;      .668;    26.167;    88.446; 
 433;      .666;    26.171;    88.446; 
 434;      .664;    26.177;    88.446; 
 435;      .662;    26.182;    88.446; 
 436;      .659;    26.190;    88.446; 
 437;      .656;    26.198;    88.446; 
 438;      .652;    26.210;    88.446; 
 439;      .651;    26.212;    88.446; 
 440;      .647;    26.220;    88.446; 
 441;      .648;    26.219;    88.446; 
 442;      .638;    26.243;    88.446; 
 443;      .627;    26.275;    88.446; 
 444;      .625;    26.280;    88.446; 
 445;      .623;    26.287;    88.446; 
 446;      .620;    26.297;    88.446; 
 447;      .618;    26.302;    88.446; 
 448;      .614;    26.311;    88.446; 
 449;      .611;    26.321;    88.446; 
 450;      .609;    26.326;    88.446; 
 451;      .607;    26.331;    88.446; 
 452;      .603;    26.341;    88.446; 
 453;      .597;    26.356;    88.446; 
 454;      .594;    26.362;    88.446; 
 455;      .590;    26.373;    88.446; 
 456;      .587;    26.380;    88.446; 
 457;      .580;    26.399;    88.446; 
 458;      .577;    26.407;    88.446; 
 459;      .573;    26.418;    88.446; 
 460;      .571;    26.424;    88.446; 
 461;      .567;    26.433;    88.446; 
 462;      .565;    26.440;    88.446; 
 463;      .561;    26.448;    88.446; 
 464;      .556;    26.461;    88.446; 
 465;      .552;    26.472;    88.446; 
 466;      .546;    26.489;    88.446; 
 467;      .544;    26.493;    88.446; 
 468;      .541;    26.501;    88.446; 
 469;      .538;    26.509;    88.446; 
 470;      .534;    26.517;    88.446; 
 471;      .530;    26.527;    88.446; 
 472;      .525;    26.540;    88.446; 
 473;      .521;    26.552;    88.446; 
 474;      .518;    26.558;    88.446; 
 475;      .515;    26.565;    88.446; 
 476;      .511;    26.574;    88.446; 
 477;      .507;    26.584;    88.446; 
 478;      .502;    26.597;    88.446; 
 479;      .498;    26.608;    88.446; 
 480;      .492;    26.624;    88.446; 
 481;      .489;    26.631;    88.446; 
 482;      .486;    26.639;    88.446; 
 483;      .483;    26.645;    88.446; 
 484;      .478;    26.658;    88.446; 
 485;      .475;    26.666;    88.446; 
 486;      .470;    26.679;    88.446; 
 487;      .466;    26.688;    88.446; 
 488;      .463;    26.697;    88.446; 
 489;      .459;    26.707;    88.446; 
 490;      .457;    26.712;    88.446; 
 491;      .452;    26.723;    88.446; 
 492;      .450;    26.728;    88.446; 
 493;      .446;    26.735;    88.446; 
 494;      .444;    26.740;    88.446; 
 495;      .437;    26.754;    88.446; 
 496;      .431;    26.767;    88.446; 
 497;      .425;    26.781;    88.446; 
 498;      .421;    26.791;    88.446; 
 499;      .418;    26.797;    88.446; 
 500;      .415;    26.803;    88.446; 
 501;      .414;    26.806;    88.446; 
 502;      .411;    26.811;    88.446; 
 503;      .410;    26.813;    88.446; 
 504;      .407;    26.816;    88.446; 
 505;      .405;    26.819;    88.446; 
 506;      .400;    26.827;    88.446; 
 507;      .396;    26.832;    88.446; 
 508;      .390;    26.840;    88.446; 
 509;      .386;    26.845;    88.446; 
 510;      .382;    26.851;    88.446; 
 511;      .378;    26.856;    88.446; 
 512;      .375;    26.859;    88.446; 
 513;      .374;    26.859;    88.446; 
 514;      .371;    26.863;    88.446; 
 515;      .369;    26.865;    88.446; 
 516;      .366;    26.867;    88.446; 
 517;      .360;    26.872;    88.446; 
 518;      .356;    26.875;    88.446; 
 519;      .351;    26.880;    88.446; 
 520;      .348;    26.882;    88.446; 
 521;      .341;    26.887;    88.446; 
 522;      .337;    26.889;    88.446; 
 523;      .334;    26.891;    88.446; 
 524;      .329;    26.894;    88.446; 
 525;      .323;    26.897;    88.446; 
 526;      .323;    26.897;    88.446; 
 527;      .316;    26.901;    88.446; 
 528;      .315;    26.901;    88.446; 
 529;      .309;    26.903;    88.446; 
 530;      .307;    26.904;    88.446; 
 531;      .305;    26.904;    88.446; 
 532;      .302;    26.906;    88.446; 
 533;      .302;    26.905;    88.446; 
 534;      .298;    26.906;    88.446; 
 535;      .284;    26.910;    88.446; 
 536;      .278;    26.911;    88.446; 
 537;      .274;    26.912;    88.446; 
 538;      .263;    26.914;    88.446; 
 539;      .255;    26.916;    88.446; 
 540;      .249;    26.917;    88.446; 
 541;      .243;    26.918;    88.446; 
 542;      .239;    26.918;    88.446; 
 543;      .231;    26.919;    88.446; 
 544;      .225;    26.920;    88.446; 
 545;      .219;    26.920;    88.446; 
 546;      .213;    26.921;    88.446; 
 547;      .211;    26.921;    88.446; 
 548;      .203;    26.921;    88.446; 
 549;      .197;    26.921;    88.446; 
 550;      .187;    26.921;    88.446; 
 551;      .176;    26.921;    88.446; 
 552;      .166;    26.921;    88.446; 
 553;      .155;    26.921;    88.446; 
 554;      .146;    26.921;    88.446; 
 555;      .137;    26.921;    88.446; 
 556;      .125;    26.921;    88.446; 
 557;      .115;    26.921;    88.446; 
 558;      .104;    26.921;    88.446; 
 559;      .092;    26.921;    88.446; 
 560;      .082;    26.921;    88.446; 
 561;      .070;    26.921;    88.446; 
 562;      .059;    26.922;    88.446; 
 563;      .049;    26.922;    88.446; 
 564;      .043;    26.922;    88.446; 
 565;      .036;    26.921;    88.446; 
 566;      .025;    26.921;    88.446; 
 567;      .017;    26.921;    88.446; 
 568;      .008;    26.921;    88.446; 
 569;     -.008;    26.920;    88.446; 
 570;     -.025;    26.921;    88.446; 
 571;     -.038;    26.921;    88.446; 
 572;     -.048;    26.921;    88.446; 
 573;     -.061;    26.921;    88.446; 
 574;     -.069;    26.922;    88.446; 
 575;     -.077;    26.922;    88.446; 
 576;     -.087;    26.922;    88.446; 
 577;     -.096;    26.922;    88.446; 
 578;     -.105;    26.922;    88.446; 
 579;     -.113;    26.922;    88.446; 
 580;     -.124;    26.922;    88.446; 
 581;     -.136;    26.922;    88.446; 
 582;     -.144;    26.922;    88.446; 
 583;     -.153;    26.921;    88.446; 
 584;     -.166;    26.921;    88.446; 
 585;     -.178;    26.921;    88.446; 
 586;     -.190;    26.921;    88.446; 
 587;     -.199;    26.921;    88.446; 
 588;     -.210;    26.921;    88.446; 
 589;     -.220;    26.921;    88.446; 
 590;     -.232;    26.921;    88.446; 
 591;     -.243;    26.921;    88.446; 
 592;     -.250;    26.921;    88.446; 
 593;     -.261;    26.921;    88.446; 
 594;     -.268;    26.921;    88.446; 
 595;     -.274;    26.920;    88.446; 
 596;     -.278;    26.920;    88.446; 
 597;     -.283;    26.919;    88.446; 
 598;     -.295;    26.918;    88.446; 
 599;     -.306;    26.917;    88.446; 
 600;     -.313;    26.916;    88.446; 
 601;     -.325;    26.915;    88.446; 
 602;     -.331;    26.914;    88.446; 
 603;     -.336;    26.914;    88.446; 
 604;     -.340;    26.913;    88.446; 
 605;     -.344;    26.912;    88.446; 
 606;     -.345;    26.911;    88.446; 
 607;     -.350;    26.910;    88.446; 
 608;     -.352;    26.909;    88.446; 
 609;     -.357;    26.907;    88.446; 
 610;     -.359;    26.906;    88.446; 
 611;     -.364;    26.904;    88.446; 
 612;     -.367;    26.903;    88.446; 
 613;     -.369;    26.902;    88.446; 
 614;     -.376;    26.898;    88.446; 
 615;     -.379;    26.896;    88.446; 
 616;     -.390;    26.891;    88.446; 
 617;     -.396;    26.887;    88.446; 
 618;     -.401;    26.885;    88.446; 
 619;     -.410;    26.880;    88.446; 
 620;     -.418;    26.875;    88.446; 
 621;     -.419;    26.874;    88.446; 
 622;     -.422;    26.872;    88.446; 
 623;     -.425;    26.870;    88.446; 
 624;     -.426;    26.868;    88.446; 
 625;     -.428;    26.866;    88.446; 
 626;     -.432;    26.863;    88.446; 
 627;     -.434;    26.860;    88.446; 
 628;     -.435;    26.859;    88.446; 
 629;     -.441;    26.853;    88.446; 
 630;     -.442;    26.851;    88.446; 
 631;     -.448;    26.845;    88.446; 
 632;     -.453;    26.839;    88.446; 
 633;     -.457;    26.833;    88.446; 
 634;     -.459;    26.830;    88.446; 
 635;     -.464;    26.823;    88.446; 
 636;     -.464;    26.823;    88.446; 
 637;     -.467;    26.818;    88.446; 
 638;     -.469;    26.813;    88.446; 
 639;     -.469;    26.814;    88.446; 
 640;     -.472;    26.808;    88.446; 
 641;     -.473;    26.804;    88.446; 
 642;     -.475;    26.800;    88.446; 
 643;     -.478;    26.791;    88.446; 
 644;     -.488;    26.770;    88.446; 
 645;     -.492;    26.763;    88.446; 
 646;     -.497;    26.752;    88.446; 
 647;     -.500;    26.745;    88.446; 
 648;     -.502;    26.740;    88.446; 
 649;     -.509;    26.725;    88.446; 
 650;     -.510;    26.721;    88.446; 
 651;     -.516;    26.707;    88.446; 
 652;     -.518;    26.701;    88.446; 
 653;     -.520;    26.696;    88.446; 
 654;     -.523;    26.690;    88.446; 
 655;     -.524;    26.686;    88.446; 
 656;     -.528;    26.674;    88.446; 
 657;     -.536;    26.653;    88.446; 
 658;     -.542;    26.638;    88.446; 
 659;     -.550;    26.620;    88.446; 
 660;     -.554;    26.612;    88.446; 
 661;     -.556;    26.606;    88.446; 
 662;     -.559;    26.600;    88.446; 
 663;     -.561;    26.594;    88.446; 
 664;     -.565;    26.585;    88.446; 
 665;     -.568;    26.577;    88.446; 
 666;     -.573;    26.566;    88.446; 
 667;     -.576;    26.557;    88.446; 
 668;     -.581;    26.545;    88.446; 
 669;     -.583;    26.539;    88.446; 
 670;     -.587;    26.530;    88.446; 
 671;     -.591;    26.519;    88.446; 
 672;     -.597;    26.505;    88.446; 
 673;     -.602;    26.493;    88.446; 
 674;     -.604;    26.487;    88.446; 
 675;     -.608;    26.477;    88.446; 
 676;     -.610;    26.472;    88.446; 
 677;     -.613;    26.465;    88.446; 
 678;     -.618;    26.452;    88.446; 
 679;     -.621;    26.444;    88.446; 
 680;     -.626;    26.431;    88.446; 
 681;     -.628;    26.424;    88.446; 
 682;     -.633;    26.411;    88.446; 
 683;     -.637;    26.402;    88.446; 
 684;     -.640;    26.393;    88.446; 
 685;     -.644;    26.383;    88.446; 
 686;     -.648;    26.373;    88.446; 
 687;     -.650;    26.366;    88.446; 
 688;     -.655;    26.352;    88.446; 
 689;     -.660;    26.341;    88.446; 
 690;     -.663;    26.333;    88.446; 
 691;     -.666;    26.324;    88.446; 
 692;     -.670;    26.314;    88.446; 
 693;     -.674;    26.304;    88.446; 
 694;     -.676;    26.297;    88.446; 
 695;     -.680;    26.287;    88.446; 
 696;     -.682;    26.280;    88.446; 
 697;     -.686;    26.268;    88.446; 
 698;     -.694;    26.248;    88.446; 
 699;     -.699;    26.235;    88.446; 
 700;     -.704;    26.225;    88.446; 
 701;     -.706;    26.219;    88.446; 
 702;     -.708;    26.213;    88.446; 
 703;     -.711;    26.206;    88.446; 
 704;     -.713;    26.198;    88.446; 
 705;     -.716;    26.191;    88.446; 
 706;     -.719;    26.183;    88.446; 
 707;     -.722;    26.173;    88.446; 
 708;     -.724;    26.164;    88.446; 
 709;     -.728;    26.153;    88.446; 
 710;     -.732;    26.141;    88.446; 
 711;     -.735;    26.133;    88.446; 
 712;     -.739;    26.120;    88.446; 
 713;     -.742;    26.112;    88.446; 
 714;     -.747;    26.096;    88.446; 
 715;     -.752;    26.083;    88.446; 
 716;     -.756;    26.071;    88.446; 
 717;     -.762;    26.057;    88.446; 
 718;     -.764;    26.051;    88.446; 
 719;     -.766;    26.045;    88.446; 
 720;     -.770;    26.034;    88.446; 
 721;     -.774;    26.023;    88.446; 
 722;     -.776;    26.017;    88.446; 
 723;     -.779;    26.007;    88.446; 
 724;     -.783;    25.996;    88.446; 
 725;     -.787;    25.985;    88.446; 
 726;     -.791;    25.974;    88.446; 
 727;     -.795;    25.963;    88.446; 
 728;     -.797;    25.955;    88.446; 
 729;     -.801;    25.943;    88.446; 
 730;     -.805;    25.934;    88.446; 
 731;     -.808;    25.925;    88.446; 
 732;     -.811;    25.916;    88.446; 
 733;     -.813;    25.907;    88.446; 
 734;     -.817;    25.897;    88.446; 
 735;     -.819;    25.891;    88.446; 
 736;     -.822;    25.880;    88.446; 
 737;     -.825;    25.871;    88.446; 
 738;     -.829;    25.859;    88.446; 
 739;     -.833;    25.846;    88.446; 
 740;     -.836;    25.837;    88.446; 
 741;     -.840;    25.824;    88.446; 
 742;     -.843;    25.815;    88.446; 
 743;     -.846;    25.807;    88.446; 
 744;     -.849;    25.796;    88.446; 
 745;     -.853;    25.786;    88.446; 
 746;     -.856;    25.774;    88.446; 
 747;     -.858;    25.769;    88.446; 
 748;     -.862;    25.757;    88.446; 
 749;     -.864;    25.749;    88.446; 
 750;     -.868;    25.737;    88.446; 
 751;     -.869;    25.732;    88.446; 
 752;     -.873;    25.721;    88.446; 
 753;     -.876;    25.711;    88.446; 
 754;     -.878;    25.704;    88.446; 
 755;     -.882;    25.691;    88.446; 
 756;     -.886;    25.678;    88.446; 
 757;     -.888;    25.670;    88.446; 
 758;     -.890;    25.662;    88.446; 
 759;     -.893;    25.653;    88.446; 
 760;     -.895;    25.644;    88.446; 
 761;     -.898;    25.636;    88.446; 
 762;     -.901;    25.625;    88.446; 
 763;     -.902;    25.621;    88.446; 
 764;     -.904;    25.612;    88.446; 
 765;     -.907;    25.601;    88.446; 
 766;     -.911;    25.584;    88.446; 
 767;     -.917;    25.565;    88.446; 
 768;     -.921;    25.554;    88.446; 
 769;     -.924;    25.545;    88.446; 
 770;     -.924;    25.542;    88.446; 
 771;     -.926;    25.536;    88.446; 
 772;     -.930;    25.520;    88.446; 
 773;     -.934;    25.509;    88.446; 
 774;     -.936;    25.500;    88.446; 
 775;     -.939;    25.489;    88.446; 
 776;     -.942;    25.480;    88.446; 
 777;     -.943;    25.475;    88.446; 
 778;     -.947;    25.462;    88.446; 
 779;     -.949;    25.455;    88.446; 
 780;     -.951;    25.445;    88.446; 
 781;     -.955;    25.432;    88.446; 
 782;     -.956;    25.426;    88.446; 
 783;     -.958;    25.418;    88.446; 
 784;     -.960;    25.411;    88.446; 
 785;     -.961;    25.405;    88.446; 
 786;     -.964;    25.393;    88.446; 
 787;     -.968;    25.376;    88.446; 
 788;     -.972;    25.359;    88.446; 
 789;     -.976;    25.346;    88.446; 
 790;     -.978;    25.338;    88.446; 
 791;     -.980;    25.329;    88.446; 
 792;     -.982;    25.323;    88.446; 
 793;     -.984;    25.315;    88.446; 
 794;     -.986;    25.306;    88.446; 
 795;     -.988;    25.297;    88.446; 
 796;     -.990;    25.287;    88.446; 
 797;     -.993;    25.273;    88.446; 
 798;     -.996;    25.263;    88.446; 
 799;     -.997;    25.255;    88.446; 
 800;     -.999;    25.245;    88.446; 
 801;    -1.001;    25.240;    88.446; 
 802;    -1.003;    25.226;    88.446; 
 803;    -1.006;    25.216;    88.446; 
 804;    -1.011;    25.197;    88.446; 
 805;    -1.013;    25.188;    88.446; 
 806;    -1.014;    25.184;    88.446; 
 807;    -1.015;    25.176;    88.446; 
 808;    -1.018;    25.164;    88.446; 
 809;    -1.021;    25.151;    88.446; 
 810;    -1.023;    25.139;    88.446; 
 811;    -1.026;    25.129;    88.446; 
 812;    -1.027;    25.123;    88.446; 
 813;    -1.029;    25.113;    88.446; 
 814;    -1.030;    25.109;    88.446; 
 815;    -1.032;    25.101;    88.446; 
 816;    -1.034;    25.089;    88.446; 
 817;    -1.037;    25.072;    88.446; 
 818;    -1.040;    25.061;    88.446; 
 819;    -1.042;    25.053;    88.446; 
 820;    -1.044;    25.041;    88.446; 
 821;    -1.047;    25.030;    88.446; 
 822;    -1.048;    25.023;    88.446; 
 823;    -1.049;    25.016;    88.446; 
 824;    -1.051;    25.005;    88.446; 
 825;    -1.053;    24.997;    88.446; 
 826;    -1.054;    24.990;    88.446; 
 827;    -1.056;    24.981;    88.446; 
 828;    -1.057;    24.974;    88.446; 
 829;    -1.057;    24.971;    88.446; 
 830;    -1.058;    24.965;    88.446; 
 831;    -1.059;    24.952;    88.446; 
 832;    -1.065;    24.920;    88.446; 
 833;    -1.071;    24.894;    88.446; 
 834;    -1.075;    24.879;    88.446; 
 835;    -1.077;    24.874;    88.446; 
 836;    -1.079;    24.866;    88.446; 
 837;    -1.079;    24.863;    88.446; 
 838;    -1.081;    24.853;    88.446; 
 839;    -1.089;    24.827;    88.446; 
 840;    -1.101;    24.793;    88.446; 
 841;    -1.109;    24.775;    88.446; 
 842;    -1.118;    24.757;    88.446; 
 843;    -1.131;    24.735;    88.446; 
 844;    -1.214;    24.650;    88.446; 
 845;    -1.305;    24.612;    88.446; 
 846;    -1.339;    24.606;    88.446; 
 847;    -1.353;    24.604;    88.446; 
 848;    -1.363;    24.603;    88.446; 
 849;    -1.377;    24.601;    88.446; 
 850;    -1.395;    24.600;    88.446; 
 851;    -1.411;    24.599;    88.446; 
 852;    -1.422;    24.598;    88.446; 
 853;    -1.439;    24.597;    88.446; 
 854;    -1.456;    24.597;    88.446; 
 855;    -1.470;    24.597;    88.446; 
 856;    -1.477;    24.597;    88.446; 
 857;    -1.485;    24.597;    88.446; 
 858;    -1.488;    24.596;    88.446; 
 859;    -1.493;    24.596;    88.446; 
 860;    -1.507;    24.595;    88.446; 
 861;    -1.521;    24.594;    88.446; 
 862;    -1.536;    24.594;    88.446; 
 863;    -1.545;    24.594;    88.446; 
 864;    -1.552;    24.593;    88.446; 
 865;    -1.560;    24.593;    88.446; 
 866;    -1.569;    24.592;    88.446; 
 867;    -1.578;    24.591;    88.446; 
 868;    -1.589;    24.591;    88.446; 
 869;    -1.600;    24.590;    88.446; 
 870;    -1.608;    24.589;    88.446; 
 871;    -1.619;    24.589;    88.446; 
 872;    -1.630;    24.588;    88.446; 
 873;    -1.643;    24.587;    88.446; 
 874;    -1.654;    24.586;    88.446; 
 875;    -1.659;    24.586;    88.446; 
 876;    -1.670;    24.585;    88.446; 
 877;    -1.690;    24.584;    88.446; 
 878;    -1.714;    24.584;    88.446; 
 879;    -1.723;    24.584;    88.446; 
 880;    -1.745;    24.584;    88.446; 
 881;    -1.826;    24.602;    88.446; 
 882;    -1.915;    24.657;    88.446; 
 883;    -1.976;    24.740;    88.446; 
 884;    -1.991;    24.774;    88.446; 
 885;    -1.994;    24.781;    88.446; 
 886;    -1.999;    24.794;    88.446; 
 887;    -2.002;    24.802;    88.446; 
 888;    -2.007;    24.815;    88.446; 
 889;    -2.009;    24.822;    88.446; 
 890;    -2.012;    24.828;    88.446; 
 891;    -2.017;    24.842;    88.446; 
 892;    -2.021;    24.851;    88.446; 
 893;    -2.024;    24.860;    88.446; 
 894;    -2.029;    24.873;    88.446; 
 895;    -2.033;    24.885;    88.446; 
 896;    -2.037;    24.896;    88.446; 
 897;    -2.043;    24.914;    88.446; 
 898;    -2.047;    24.929;    88.446; 
 899;    -2.050;    24.937;    88.446; 
 900;    -2.052;    24.945;    88.446; 
 901;    -2.056;    24.955;    88.446; 
 902;    -2.059;    24.965;    88.446; 
 903;    -2.062;    24.978;    88.446; 
 904;    -2.064;    24.984;    88.446; 
 905;    -2.068;    24.997;    88.446; 
 906;    -2.071;    25.005;    88.446; 
 907;    -2.076;    25.021;    88.446; 
 908;    -2.077;    25.025;    88.446; 
 909;    -2.080;    25.032;    88.446; 
 910;    -2.082;    25.039;    88.446; 
 911;    -2.084;    25.046;    88.446; 
 912;    -2.087;    25.054;    88.446; 
 913;    -2.092;    25.066;    88.446; 
 914;    -2.094;    25.074;    88.446; 
 915;    -2.097;    25.082;    88.446; 
 916;    -2.103;    25.099;    88.446; 
 917;    -2.109;    25.119;    88.446; 
 918;    -2.112;    25.127;    88.446; 
 919;    -2.113;    25.131;    88.446; 
 920;    -2.115;    25.135;    88.446; 
 921;    -2.118;    25.144;    88.446; 
 922;    -2.121;    25.152;    88.446; 
 923;    -2.125;    25.162;    88.446; 
 924;    -2.129;    25.173;    88.446; 
 925;    -2.133;    25.185;    88.446; 
 926;    -2.136;    25.192;    88.446; 
 927;    -2.141;    25.207;    88.446; 
 928;    -2.143;    25.212;    88.446; 
 929;    -2.148;    25.224;    88.446; 
 930;    -2.150;    25.231;    88.446; 
 931;    -2.152;    25.235;    88.446; 
 932;    -2.154;    25.241;    88.446; 
 933;    -2.159;    25.252;    88.446; 
 934;    -2.164;    25.263;    88.446; 
 935;    -2.168;    25.275;    88.446; 
 936;    -2.173;    25.287;    88.446; 
 937;    -2.174;    25.291;    88.446; 
 938;    -2.179;    25.302;    88.446; 
 939;    -2.183;    25.311;    88.446; 
 940;    -2.187;    25.321;    88.446; 
 941;    -2.191;    25.331;    88.446; 
 942;    -2.196;    25.343;    88.446; 
 943;    -2.201;    25.355;    88.446; 
 944;    -2.205;    25.365;    88.446; 
 945;    -2.208;    25.375;    88.446; 
 946;    -2.212;    25.384;    88.446; 
 947;    -2.215;    25.392;    88.446; 
 948;    -2.218;    25.400;    88.446; 
 949;    -2.224;    25.413;    88.446; 
 950;    -2.227;    25.420;    88.446; 
 951;    -2.229;    25.426;    88.446; 
 952;    -2.234;    25.436;    88.446; 
 953;    -2.238;    25.445;    88.446; 
 954;    -2.240;    25.451;    88.446; 
 955;    -2.246;    25.465;    88.446; 
 956;    -2.251;    25.477;    88.446; 
 957;    -2.256;    25.487;    88.446; 
 958;    -2.259;    25.495;    88.446; 
 959;    -2.261;    25.499;    88.446; 
 960;    -2.266;    25.512;    88.446; 
 961;    -2.272;    25.525;    88.446; 
 962;    -2.277;    25.538;    88.446; 
 963;    -2.282;    25.550;    88.446; 
 964;    -2.285;    25.557;    88.446; 
 965;    -2.287;    25.561;    88.446; 
 966;    -2.290;    25.569;    88.446; 
 967;    -2.295;    25.581;    88.446; 
 968;    -2.300;    25.591;    88.446; 
 969;    -2.304;    25.602;    88.446; 
 970;    -2.308;    25.611;    88.446; 
 971;    -2.311;    25.618;    88.446; 
 972;    -2.315;    25.627;    88.446; 
 973;    -2.319;    25.636;    88.446; 
 974;    -2.322;    25.642;    88.446; 
 975;    -2.326;    25.650;    88.446; 
 976;    -2.330;    25.658;    88.446; 
 977;    -2.335;    25.669;    88.446; 
 978;    -2.340;    25.679;    88.446; 
 979;    -2.345;    25.690;    88.446; 
 980;    -2.349;    25.700;    88.446; 
 981;    -2.355;    25.711;    88.446; 
 982;    -2.360;    25.723;    88.446; 
 983;    -2.364;    25.733;    88.446; 
 984;    -2.366;    25.736;    88.446; 
 985;    -2.369;    25.743;    88.446; 
 986;    -2.374;    25.752;    88.446; 
 987;    -2.381;    25.767;    88.446; 
 988;    -2.386;    25.777;    88.446; 
 989;    -2.389;    25.785;    88.446; 
 990;    -2.394;    25.796;    88.446; 
 991;    -2.397;    25.802;    88.446; 
 992;    -2.401;    25.810;    88.446; 
 993;    -2.407;    25.823;    88.446; 
 994;    -2.413;    25.836;    88.446; 
 995;    -2.419;    25.848;    88.446; 
 996;    -2.421;    25.852;    88.446; 
 997;    -2.426;    25.863;    88.446; 
 998;    -2.430;    25.871;    88.446; 
 999;    -2.436;    25.883;    88.446; 
1000;    -2.440;    25.893;    88.446; 
1001;    -2.443;    25.899;    88.446; 
1002;    -2.449;    25.911;    88.446; 
1003;    -2.453;    25.920;    88.446; 
1004;    -2.457;    25.927;    88.446; 
1005;    -2.461;    25.936;    88.446; 
1006;    -2.465;    25.944;    88.446; 
1007;    -2.469;    25.951;    88.446; 
1008;    -2.475;    25.964;    88.446; 
1009;    -2.479;    25.972;    88.446; 
1010;    -2.484;    25.982;    88.446; 
1011;    -2.489;    25.992;    88.446; 
1012;    -2.494;    26.001;    88.446; 
1013;    -2.496;    26.006;    88.446; 
1014;    -2.503;    26.019;    88.446; 
1015;    -2.507;    26.028;    88.446; 
1016;    -2.511;    26.035;    88.446; 
1017;    -2.518;    26.049;    88.446; 
1018;    -2.522;    26.056;    88.446; 
1019;    -2.528;    26.067;    88.446; 
1020;    -2.529;    26.070;    88.446; 
1021;    -2.535;    26.081;    88.446; 
1022;    -2.538;    26.087;    88.446; 
1023;    -2.547;    26.105;    88.446; 
1024;    -2.552;    26.114;    88.446; 
1025;    -2.557;    26.123;    88.446; 
1026;    -2.560;    26.130;    88.446; 
1027;    -2.564;    26.137;    88.446; 
1028;    -2.566;    26.140;    88.446; 
1029;    -2.570;    26.147;    88.446; 
1030;    -2.577;    26.160;    88.446; 
1031;    -2.584;    26.172;    88.446; 
1032;    -2.589;    26.181;    88.446; 
1033;    -2.601;    26.206;    88.446; 
1034;    -2.607;    26.219;    88.446; 
1035;    -2.612;    26.231;    88.446; 
1036;    -2.613;    26.232;    88.446; 
1037;    -2.616;    26.238;    88.446; 
1038;    -2.619;    26.243;    88.446; 
1039;    -2.622;    26.249;    88.446; 
1040;    -2.628;    26.260;    88.446; 
1041;    -2.633;    26.269;    88.446; 
1042;    -2.640;    26.284;    88.446; 
1043;    -2.645;    26.293;    88.446; 
1044;    -2.648;    26.299;    88.446; 
1045;    -2.651;    26.304;    88.446; 
1046;    -2.657;    26.315;    88.446; 
1047;    -2.662;    26.323;    88.446; 
1048;    -2.669;    26.338;    88.446; 
1049;    -2.672;    26.343;    88.446; 
1050;    -2.676;    26.349;    88.446; 
1051;    -2.681;    26.359;    88.446; 
1052;    -2.685;    26.365;    88.446; 
1053;    -2.689;    26.373;    88.446; 
1054;    -2.693;    26.380;    88.446; 
1055;    -2.700;    26.392;    88.446; 
1056;    -2.709;    26.407;    88.446; 
1057;    -2.715;    26.418;    88.446; 
1058;    -2.721;    26.431;    88.446; 
1059;    -2.723;    26.433;    88.446; 
1060;    -2.728;    26.442;    88.446; 
1061;    -2.734;    26.453;    88.446; 
1062;    -2.738;    26.461;    88.446; 
1063;    -2.745;    26.474;    88.446; 
1064;    -2.750;    26.482;    88.446; 
1065;    -2.754;    26.490;    88.446; 
1066;    -2.756;    26.494;    88.446; 
1067;    -2.762;    26.504;    88.446; 
1068;    -2.765;    26.509;    88.446; 
1069;    -2.772;    26.520;    88.446; 
1070;    -2.778;    26.532;    88.446; 
1071;    -2.785;    26.544;    88.446; 
1072;    -2.791;    26.554;    88.446; 
1073;    -2.793;    26.558;    88.446; 
1074;    -2.798;    26.566;    88.446; 
1075;    -2.809;    26.586;    88.446; 
1076;    -2.813;    26.594;    88.446; 
1077;    -2.817;    26.602;    88.446; 
1078;    -2.819;    26.605;    88.446; 
1079;    -2.822;    26.610;    88.446; 
1080;    -2.824;    26.612;    88.446; 
1081;    -2.826;    26.615;    88.446; 
1082;    -2.828;    26.618;    88.446; 
1083;    -2.832;    26.622;    88.446; 
1084;    -2.836;    26.627;    88.446; 
1085;    -2.845;    26.639;    88.446; 
1086;    -2.853;    26.650;    88.446; 
1087;    -2.858;    26.657;    88.446; 
1088;    -2.865;    26.666;    88.446; 
1089;    -2.870;    26.672;    88.446; 
1090;    -2.871;    26.672;    88.446; 
1091;    -2.873;    26.675;    88.446; 
1092;    -2.876;    26.677;    88.446; 
1093;    -2.877;    26.678;    88.446; 
1094;    -2.878;    26.679;    88.446; 
1095;    -2.882;    26.682;    88.446; 
1096;    -2.881;    26.681;    88.446; 
1097;    -2.883;    26.682;    88.446; 
1098;    -2.887;    26.684;    88.446; 
1099;    -2.899;    26.693;    88.446; 
1100;    -2.903;    26.695;    88.446; 
1101;    -2.906;    26.697;    88.446; 
1102;    -2.920;    26.706;    88.446; 
1103;    -2.930;    26.713;    88.446; 
1104;    -2.938;    26.718;    88.446; 
1105;    -2.941;    26.719;    88.446; 
1106;    -2.945;    26.721;    88.446; 
1107;    -2.949;    26.723;    88.446; 
1108;    -2.952;    26.725;    88.446; 
1109;    -2.956;    26.726;    88.446; 
1110;    -2.958;    26.727;    88.446; 
1111;    -2.962;    26.728;    88.446; 
1112;    -2.965;    26.729;    88.446; 
1113;    -2.966;    26.729;    88.446; 
1114;    -2.972;    26.731;    88.446; 
1115;    -2.976;    26.732;    88.446; 
1116;    -2.979;    26.732;    88.446; 
1117;    -2.984;    26.733;    88.446; 
1118;    -2.987;    26.733;    88.446; 
1119;    -2.991;    26.734;    88.446; 
1120;    -2.997;    26.734;    88.446; 
1121;    -3.000;    26.734;    88.446; 
1122;    -3.006;    26.734;    88.446; 
1123;    -3.013;    26.735;    88.446; 
1124;    -3.018;    26.735;    88.446; 
1125;    -3.022;    26.734;    88.446; 
1126;    -3.026;    26.734;    88.446; 
1127;    -3.029;    26.734;    88.446; 
1128;    -3.031;    26.733;    88.446; 
1129;    -3.038;    26.732;    88.446; 
1130;    -3.054;    26.731;    88.446; 
1131;    -3.068;    26.729;    88.446; 
1132;    -3.080;    26.728;    88.446; 
1133;    -3.085;    26.728;    88.446; 
1134;    -3.091;    26.727;    88.446; 
1135;    -3.097;    26.726;    88.446; 
1136;    -3.109;    26.725;    88.446; 
1137;    -3.120;    26.723;    88.446; 
1138;    -3.133;    26.721;    88.446; 
1139;    -3.141;    26.720;    88.446; 
1140;    -3.148;    26.719;    88.446; 
1141;    -3.159;    26.718;    88.446; 
1142;    -3.169;    26.716;    88.446; 
1143;    -3.179;    26.715;    88.446; 
1144;    -3.193;    26.713;    88.446; 
1145;    -3.212;    26.710;    88.446; 
1146;    -3.223;    26.709;    88.446; 
1147;    -3.228;    26.709;    88.446; 
1148;    -3.233;    26.708;    88.446; 
1149;    -3.253;    26.705;    88.446; 
