[A]
   1;     3.212;    26.865;    88.447; 
   2;     3.202;    26.866;    88.447; 
   3;     3.189;    26.868;    88.447; 
   4;     3.181;    26.869;    88.447; 
   5;     3.173;    26.870;    88.447; 
   6;     3.162;    26.872;    88.447; 
   7;     3.152;    26.873;    88.447; 
   8;     3.144;    26.874;    88.447; 
   9;     3.133;    26.876;    88.447; 
  10;     3.124;    26.877;    88.447; 
  11;     3.110;    26.879;    88.447; 
  12;     3.103;    26.879;    88.447; 
  13;     3.093;    26.881;    88.447; 
  14;     3.083;    26.882;    88.447; 
  15;     3.073;    26.883;    88.447; 
  16;     3.057;    26.885;    88.447; 
  17;     3.047;    26.887;    88.447; 
  18;     3.037;    26.888;    88.447; 
  19;     3.028;    26.889;    88.447; 
  20;     3.020;    26.890;    88.447; 
  21;     3.009;    26.892;    88.447; 
  22;     3.001;    26.892;    88.447; 
  23;     2.995;    26.893;    88.447; 
  24;     2.989;    26.893;    88.447; 
  25;     2.985;    26.894;    88.447; 
  26;     2.978;    26.894;    88.447; 
  27;     2.972;    26.894;    88.447; 
  28;     2.969;    26.894;    88.447; 
  29;     2.966;    26.893;    88.447; 
  30;     2.963;    26.893;    88.447; 
  31;     2.960;    26.893;    88.447; 
  32;     2.960;    26.892;    88.447; 
  33;     2.956;    26.892;    88.447; 
  34;     2.954;    26.891;    88.447; 
  35;     2.952;    26.890;    88.447; 
  36;     2.948;    26.889;    88.447; 
  37;     2.942;    26.887;    88.447; 
  38;     2.924;    26.882;    88.447; 
  39;     2.915;    26.880;    88.447; 
  40;     2.904;    26.877;    88.447; 
  41;     2.895;    26.874;    88.447; 
  42;     2.887;    26.872;    88.447; 
  43;     2.886;    26.872;    88.447; 
  44;     2.885;    26.871;    88.447; 
  45;     2.882;    26.870;    88.447; 
  46;     2.878;    26.868;    88.447; 
  47;     2.876;    26.867;    88.447; 
  48;     2.876;    26.866;    88.447; 
  49;     2.871;    26.864;    88.447; 
  50;     2.868;    26.862;    88.447; 
  51;     2.864;    26.859;    88.447; 
  52;     2.862;    26.858;    88.447; 
  53;     2.857;    26.854;    88.447; 
  54;     2.854;    26.852;    88.447; 
  55;     2.850;    26.848;    88.447; 
  56;     2.846;    26.845;    88.447; 
  57;     2.844;    26.843;    88.447; 
  58;     2.837;    26.837;    88.447; 
  59;     2.833;    26.833;    88.447; 
  60;     2.829;    26.829;    88.447; 
  61;     2.826;    26.826;    88.447; 
  62;     2.822;    26.822;    88.447; 
  63;     2.819;    26.819;    88.447; 
  64;     2.815;    26.814;    88.447; 
  65;     2.812;    26.809;    88.447; 
  66;     2.810;    26.806;    88.447; 
  67;     2.806;    26.801;    88.447; 
  68;     2.804;    26.797;    88.447; 
  69;     2.801;    26.792;    88.447; 
  70;     2.795;    26.783;    88.447; 
  71;     2.790;    26.776;    88.447; 
  72;     2.787;    26.770;    88.447; 
  73;     2.782;    26.761;    88.447; 
  74;     2.777;    26.752;    88.447; 
  75;     2.771;    26.742;    88.447; 
  76;     2.766;    26.733;    88.447; 
  77;     2.759;    26.721;    88.447; 
  78;     2.757;    26.717;    88.447; 
  79;     2.754;    26.712;    88.447; 
  80;     2.750;    26.704;    88.447; 
  81;     2.741;    26.688;    88.447; 
  82;     2.735;    26.678;    88.447; 
  83;     2.728;    26.666;    88.447; 
  84;     2.726;    26.662;    88.447; 
  85;     2.718;    26.650;    88.447; 
  86;     2.716;    26.646;    88.447; 
  87;     2.712;    26.638;    88.447; 
  88;     2.706;    26.628;    88.447; 
  89;     2.701;    26.619;    88.447; 
  90;     2.696;    26.610;    88.447; 
  91;     2.690;    26.600;    88.447; 
  92;     2.684;    26.588;    88.447; 
  93;     2.678;    26.579;    88.447; 
  94;     2.674;    26.571;    88.447; 
  95;     2.669;    26.562;    88.447; 
  96;     2.664;    26.554;    88.447; 
  97;     2.660;    26.546;    88.447; 
  98;     2.653;    26.533;    88.447; 
  99;     2.645;    26.520;    88.447; 
 100;     2.642;    26.514;    88.447; 
 101;     2.637;    26.505;    88.447; 
 102;     2.631;    26.495;    88.447; 
 103;     2.627;    26.487;    88.447; 
 104;     2.622;    26.478;    88.447; 
 105;     2.618;    26.471;    88.447; 
 106;     2.612;    26.460;    88.447; 
 107;     2.607;    26.451;    88.447; 
 108;     2.601;    26.441;    88.447; 
 109;     2.598;    26.434;    88.447; 
 110;     2.593;    26.425;    88.447; 
 111;     2.592;    26.422;    88.447; 
 112;     2.580;    26.401;    88.447; 
 113;     2.575;    26.391;    88.447; 
 114;     2.569;    26.380;    88.447; 
 115;     2.565;    26.373;    88.447; 
 116;     2.561;    26.366;    88.447; 
 117;     2.555;    26.355;    88.447; 
 118;     2.551;    26.347;    88.447; 
 119;     2.547;    26.340;    88.447; 
 120;     2.542;    26.331;    88.447; 
 121;     2.538;    26.323;    88.447; 
 122;     2.534;    26.315;    88.447; 
 123;     2.527;    26.302;    88.447; 
 124;     2.522;    26.292;    88.447; 
 125;     2.517;    26.283;    88.447; 
 126;     2.513;    26.274;    88.447; 
 127;     2.508;    26.265;    88.447; 
 128;     2.503;    26.256;    88.447; 
 129;     2.498;    26.246;    88.447; 
 130;     2.493;    26.237;    88.447; 
 131;     2.489;    26.229;    88.447; 
 132;     2.483;    26.218;    88.447; 
 133;     2.479;    26.210;    88.447; 
 134;     2.473;    26.198;    88.447; 
 135;     2.467;    26.188;    88.447; 
 136;     2.464;    26.182;    88.447; 
 137;     2.459;    26.171;    88.447; 
 138;     2.455;    26.164;    88.447; 
 139;     2.450;    26.154;    88.447; 
 140;     2.445;    26.146;    88.447; 
 141;     2.440;    26.135;    88.447; 
 142;     2.435;    26.126;    88.447; 
 143;     2.431;    26.118;    88.447; 
 144;     2.425;    26.107;    88.447; 
 145;     2.421;    26.097;    88.447; 
 146;     2.417;    26.090;    88.447; 
 147;     2.413;    26.081;    88.447; 
 148;     2.407;    26.071;    88.447; 
 149;     2.404;    26.063;    88.447; 
 150;     2.400;    26.056;    88.447; 
 151;     2.395;    26.045;    88.447; 
 152;     2.390;    26.034;    88.447; 
 153;     2.387;    26.029;    88.447; 
 154;     2.383;    26.019;    88.447; 
 155;     2.379;    26.011;    88.447; 
 156;     2.375;    26.003;    88.447; 
 157;     2.370;    25.992;    88.447; 
 158;     2.366;    25.983;    88.447; 
 159;     2.357;    25.966;    88.447; 
 160;     2.354;    25.959;    88.447; 
 161;     2.348;    25.948;    88.447; 
 162;     2.346;    25.943;    88.447; 
 163;     2.341;    25.933;    88.447; 
 164;     2.339;    25.927;    88.447; 
 165;     2.336;    25.921;    88.447; 
 166;     2.330;    25.909;    88.447; 
 167;     2.325;    25.898;    88.447; 
 168;     2.319;    25.886;    88.447; 
 169;     2.314;    25.875;    88.447; 
 170;     2.310;    25.867;    88.447; 
 171;     2.307;    25.860;    88.447; 
 172;     2.302;    25.849;    88.447; 
 173;     2.298;    25.840;    88.447; 
 174;     2.294;    25.832;    88.447; 
 175;     2.289;    25.822;    88.447; 
 176;     2.285;    25.813;    88.447; 
 177;     2.280;    25.802;    88.447; 
 178;     2.279;    25.799;    88.447; 
 179;     2.274;    25.788;    88.447; 
 180;     2.272;    25.782;    88.447; 
 181;     2.264;    25.764;    88.447; 
 182;     2.258;    25.752;    88.447; 
 183;     2.252;    25.739;    88.447; 
 184;     2.248;    25.731;    88.447; 
 185;     2.244;    25.723;    88.447; 
 186;     2.241;    25.715;    88.447; 
 187;     2.238;    25.710;    88.447; 
 188;     2.233;    25.697;    88.447; 
 189;     2.230;    25.690;    88.447; 
 190;     2.226;    25.681;    88.447; 
 191;     2.222;    25.672;    88.447; 
 192;     2.218;    25.663;    88.447; 
 193;     2.213;    25.651;    88.447; 
 194;     2.208;    25.640;    88.447; 
 195;     2.205;    25.632;    88.447; 
 196;     2.199;    25.620;    88.447; 
 197;     2.196;    25.612;    88.447; 
 198;     2.192;    25.601;    88.447; 
 199;     2.187;    25.592;    88.447; 
 200;     2.183;    25.582;    88.447; 
 201;     2.180;    25.574;    88.447; 
 202;     2.176;    25.566;    88.447; 
 203;     2.172;    25.556;    88.447; 
 204;     2.170;    25.550;    88.447; 
 205;     2.165;    25.538;    88.447; 
 206;     2.162;    25.530;    88.447; 
 207;     2.157;    25.519;    88.447; 
 208;     2.151;    25.505;    88.447; 
 209;     2.148;    25.497;    88.447; 
 210;     2.145;    25.491;    88.447; 
 211;     2.143;    25.485;    88.447; 
 212;     2.139;    25.474;    88.447; 
 213;     2.136;    25.466;    88.447; 
 214;     2.128;    25.446;    88.447; 
 215;     2.122;    25.434;    88.447; 
 216;     2.119;    25.427;    88.447; 
 217;     2.116;    25.418;    88.447; 
 218;     2.114;    25.413;    88.447; 
 219;     2.108;    25.400;    88.447; 
 220;     2.106;    25.394;    88.447; 
 221;     2.103;    25.386;    88.447; 
 222;     2.100;    25.378;    88.447; 
 223;     2.097;    25.369;    88.447; 
 224;     2.094;    25.361;    88.447; 
 225;     2.091;    25.352;    88.447; 
 226;     2.086;    25.339;    88.447; 
 227;     2.083;    25.330;    88.447; 
 228;     2.079;    25.319;    88.447; 
 229;     2.079;    25.320;    88.447; 
 230;     2.075;    25.308;    88.447; 
 231;     2.072;    25.298;    88.447; 
 232;     2.066;    25.282;    88.447; 
 233;     2.059;    25.263;    88.447; 
 234;     2.057;    25.258;    88.447; 
 235;     2.053;    25.249;    88.447; 
 236;     2.051;    25.243;    88.447; 
 237;     2.051;    25.240;    88.447; 
 238;     2.048;    25.233;    88.447; 
 239;     2.046;    25.226;    88.447; 
 240;     2.043;    25.216;    88.447; 
 241;     2.039;    25.201;    88.447; 
 242;     2.032;    25.181;    88.447; 
 243;     2.026;    25.166;    88.447; 
 244;     2.023;    25.159;    88.447; 
 245;     2.021;    25.153;    88.447; 
 246;     2.017;    25.142;    88.447; 
 247;     2.013;    25.132;    88.447; 
 248;     2.009;    25.122;    88.447; 
 249;     2.006;    25.113;    88.447; 
 250;     2.002;    25.102;    88.447; 
 251;     2.000;    25.097;    88.447; 
 252;     1.999;    25.092;    88.447; 
 253;     1.997;    25.085;    88.447; 
 254;     1.995;    25.077;    88.447; 
 255;     1.993;    25.071;    88.447; 
 256;     1.991;    25.063;    88.447; 
 257;     1.989;    25.056;    88.447; 
 258;     1.987;    25.049;    88.447; 
 259;     1.983;    25.032;    88.447; 
 260;     1.969;    24.994;    88.447; 
 261;     1.958;    24.969;    88.447; 
 262;     1.955;    24.963;    88.447; 
 263;     1.956;    24.964;    88.447; 
 264;     1.954;    24.958;    88.447; 
 265;     1.951;    24.952;    88.447; 
 266;     1.950;    24.949;    88.447; 
 267;     1.944;    24.932;    88.447; 
 268;     1.933;    24.907;    88.447; 
 269;     1.914;    24.872;    88.447; 
 270;     1.904;    24.856;    88.447; 
 271;     1.873;    24.817;    88.447; 
 272;     1.791;    24.758;    88.447; 
 273;     1.700;    24.732;    88.447; 
 274;     1.676;    24.730;    88.447; 
 275;     1.628;    24.731;    88.447; 
 276;     1.607;    24.734;    88.447; 
 277;     1.598;    24.735;    88.447; 
 278;     1.590;    24.736;    88.447; 
 279;     1.583;    24.736;    88.447; 
 280;     1.575;    24.737;    88.447; 
 281;     1.570;    24.737;    88.447; 
 282;     1.557;    24.738;    88.447; 
 283;     1.542;    24.739;    88.447; 
 284;     1.530;    24.740;    88.447; 
 285;     1.521;    24.741;    88.447; 
 286;     1.513;    24.742;    88.447; 
 287;     1.503;    24.742;    88.447; 
 288;     1.498;    24.742;    88.447; 
 289;     1.491;    24.742;    88.447; 
 290;     1.472;    24.743;    88.447; 
 291;     1.447;    24.746;    88.447; 
 292;     1.435;    24.747;    88.447; 
 293;     1.430;    24.748;    88.447; 
 294;     1.424;    24.748;    88.447; 
 295;     1.420;    24.748;    88.447; 
 296;     1.414;    24.748;    88.447; 
 297;     1.411;    24.748;    88.447; 
 298;     1.405;    24.748;    88.447; 
 299;     1.402;    24.748;    88.447; 
 300;     1.391;    24.747;    88.447; 
 301;     1.356;    24.748;    88.447; 
 302;     1.341;    24.749;    88.447; 
 303;     1.335;    24.749;    88.447; 
 304;     1.302;    24.753;    88.447; 
 305;     1.281;    24.756;    88.447; 
 306;     1.267;    24.759;    88.447; 
 307;     1.252;    24.762;    88.447; 
 308;     1.202;    24.779;    88.447; 
 309;     1.138;    24.817;    88.447; 
 310;     1.062;    24.912;    88.447; 
 311;     1.043;    24.962;    88.447; 
 312;     1.038;    24.981;    88.447; 
 313;     1.037;    24.983;    88.447; 
 314;     1.036;    24.986;    88.447; 
 315;     1.034;    24.992;    88.447; 
 316;     1.028;    25.012;    88.447; 
 317;     1.018;    25.059;    88.447; 
 318;     1.016;    25.078;    88.447; 
 319;     1.015;    25.088;    88.447; 
 320;     1.014;    25.096;    88.447; 
 321;     1.013;    25.102;    88.447; 
 322;     1.012;    25.114;    88.447; 
 323;     1.010;    25.125;    88.447; 
 324;     1.009;    25.135;    88.447; 
 325;     1.008;    25.136;    88.447; 
 326;     1.007;    25.142;    88.447; 
 327;     1.007;    25.145;    88.447; 
 328;     1.005;    25.149;    88.447; 
 329;     1.004;    25.157;    88.447; 
 330;     1.001;    25.168;    88.447; 
 331;      .998;    25.181;    88.447; 
 332;      .993;    25.206;    88.447; 
 333;      .991;    25.219;    88.447; 
 334;      .990;    25.227;    88.447; 
 335;      .989;    25.230;    88.447; 
 336;      .989;    25.229;    88.447; 
 337;      .987;    25.235;    88.447; 
 338;      .986;    25.240;    88.447; 
 339;      .982;    25.255;    88.447; 
 340;      .974;    25.291;    88.447; 
 341;      .971;    25.318;    88.447; 
 342;      .971;    25.325;    88.447; 
 343;      .970;    25.325;    88.447; 
 344;      .969;    25.331;    88.447; 
 345;      .968;    25.336;    88.447; 
 346;      .967;    25.342;    88.447; 
 347;      .966;    25.347;    88.447; 
 348;      .963;    25.360;    88.447; 
 349;      .962;    25.365;    88.447; 
 350;      .959;    25.376;    88.447; 
 351;      .959;    25.377;    88.447; 
 352;      .958;    25.381;    88.447; 
 353;      .954;    25.393;    88.447; 
 354;      .948;    25.420;    88.447; 
 355;      .943;    25.446;    88.447; 
 356;      .943;    25.447;    88.447; 
 357;      .941;    25.454;    88.447; 
 358;      .940;    25.457;    88.447; 
 359;      .938;    25.466;    88.447; 
 360;      .937;    25.472;    88.447; 
 361;      .935;    25.475;    88.447; 
 362;      .931;    25.492;    88.447; 
 363;      .928;    25.506;    88.447; 
 364;      .924;    25.520;    88.447; 
 365;      .923;    25.526;    88.447; 
 366;      .919;    25.542;    88.447; 
 367;      .917;    25.550;    88.447; 
 368;      .914;    25.565;    88.447; 
 369;      .911;    25.577;    88.447; 
 370;      .910;    25.582;    88.447; 
 371;      .908;    25.593;    88.447; 
 372;      .906;    25.599;    88.447; 
 373;      .904;    25.608;    88.447; 
 374;      .902;    25.613;    88.447; 
 375;      .901;    25.619;    88.447; 
 376;      .898;    25.628;    88.447; 
 377;      .895;    25.636;    88.447; 
 378;      .889;    25.660;    88.447; 
 379;      .885;    25.674;    88.447; 
 380;      .884;    25.679;    88.447; 
 381;      .883;    25.682;    88.447; 
 382;      .882;    25.684;    88.447; 
 383;      .882;    25.683;    88.447; 
 384;      .879;    25.691;    88.447; 
 385;      .869;    25.721;    88.447; 
 386;      .861;    25.758;    88.447; 
 387;      .860;    25.762;    88.447; 
 388;      .858;    25.770;    88.447; 
 389;      .856;    25.778;    88.447; 
 390;      .855;    25.786;    88.447; 
 391;      .852;    25.796;    88.447; 
 392;      .851;    25.799;    88.447; 
 393;      .850;    25.804;    88.447; 
 394;      .847;    25.814;    88.447; 
 395;      .844;    25.821;    88.447; 
 396;      .842;    25.829;    88.447; 
 397;      .839;    25.838;    88.447; 
 398;      .836;    25.848;    88.447; 
 399;      .831;    25.863;    88.447; 
 400;      .828;    25.873;    88.447; 
 401;      .826;    25.881;    88.447; 
 402;      .823;    25.890;    88.447; 
 403;      .819;    25.901;    88.447; 
 404;      .819;    25.903;    88.447; 
 405;      .812;    25.924;    88.447; 
 406;      .806;    25.947;    88.447; 
 407;      .804;    25.955;    88.447; 
 408;      .803;    25.959;    88.447; 
 409;      .801;    25.965;    88.447; 
 410;      .798;    25.973;    88.447; 
 411;      .796;    25.980;    88.447; 
 412;      .793;    25.988;    88.447; 
 413;      .791;    25.995;    88.447; 
 414;      .787;    26.006;    88.447; 
 415;      .781;    26.026;    88.447; 
 416;      .778;    26.037;    88.447; 
 417;      .774;    26.049;    88.447; 
 418;      .772;    26.057;    88.447; 
 419;      .769;    26.065;    88.447; 
 420;      .767;    26.072;    88.447; 
 421;      .763;    26.082;    88.447; 
 422;      .760;    26.092;    88.447; 
 423;      .756;    26.105;    88.447; 
 424;      .753;    26.116;    88.447; 
 425;      .750;    26.126;    88.447; 
 426;      .747;    26.135;    88.447; 
 427;      .744;    26.145;    88.447; 
 428;      .741;    26.153;    88.447; 
 429;      .738;    26.163;    88.447; 
 430;      .735;    26.170;    88.447; 
 431;      .730;    26.184;    88.447; 
 432;      .728;    26.190;    88.447; 
 433;      .726;    26.197;    88.447; 
 434;      .723;    26.203;    88.447; 
 435;      .721;    26.211;    88.447; 
 436;      .718;    26.218;    88.447; 
 437;      .711;    26.234;    88.447; 
 438;      .705;    26.254;    88.447; 
 439;      .700;    26.271;    88.447; 
 440;      .698;    26.275;    88.447; 
 441;      .696;    26.284;    88.447; 
 442;      .693;    26.292;    88.447; 
 443;      .690;    26.299;    88.447; 
 444;      .686;    26.312;    88.447; 
 445;      .684;    26.319;    88.447; 
 446;      .681;    26.326;    88.447; 
 447;      .680;    26.329;    88.447; 
 448;      .677;    26.335;    88.447; 
 449;      .672;    26.349;    88.447; 
 450;      .667;    26.361;    88.447; 
 451;      .663;    26.375;    88.447; 
 452;      .659;    26.386;    88.447; 
 453;      .655;    26.395;    88.447; 
 454;      .651;    26.408;    88.447; 
 455;      .647;    26.419;    88.447; 
 456;      .645;    26.423;    88.447; 
 457;      .642;    26.433;    88.447; 
 458;      .639;    26.442;    88.447; 
 459;      .634;    26.453;    88.447; 
 460;      .630;    26.467;    88.447; 
 461;      .625;    26.479;    88.447; 
 462;      .624;    26.483;    88.447; 
 463;      .621;    26.489;    88.447; 
 464;      .619;    26.494;    88.447; 
 465;      .613;    26.510;    88.447; 
 466;      .608;    26.523;    88.447; 
 467;      .605;    26.532;    88.447; 
 468;      .601;    26.541;    88.447; 
 469;      .600;    26.545;    88.447; 
 470;      .596;    26.553;    88.447; 
 471;      .593;    26.561;    88.447; 
 472;      .587;    26.576;    88.447; 
 473;      .580;    26.596;    88.447; 
 474;      .577;    26.603;    88.447; 
 475;      .573;    26.615;    88.447; 
 476;      .569;    26.626;    88.447; 
 477;      .566;    26.634;    88.447; 
 478;      .563;    26.642;    88.447; 
 479;      .561;    26.646;    88.447; 
 480;      .560;    26.647;    88.447; 
 481;      .556;    26.657;    88.447; 
 482;      .549;    26.675;    88.447; 
 483;      .543;    26.687;    88.447; 
 484;      .538;    26.702;    88.447; 
 485;      .537;    26.704;    88.447; 
 486;      .532;    26.718;    88.447; 
 487;      .527;    26.730;    88.447; 
 488;      .523;    26.739;    88.447; 
 489;      .521;    26.744;    88.447; 
 490;      .520;    26.745;    88.447; 
 491;      .514;    26.760;    88.447; 
 492;      .509;    26.772;    88.447; 
 493;      .506;    26.779;    88.447; 
 494;      .499;    26.796;    88.447; 
 495;      .493;    26.811;    88.447; 
 496;      .490;    26.820;    88.447; 
 497;      .485;    26.832;    88.447; 
 498;      .482;    26.841;    88.447; 
 499;      .481;    26.844;    88.447; 
 500;      .477;    26.853;    88.447; 
 501;      .473;    26.861;    88.447; 
 502;      .471;    26.867;    88.447; 
 503;      .465;    26.881;    88.447; 
 504;      .460;    26.892;    88.447; 
 505;      .456;    26.902;    88.447; 
 506;      .452;    26.912;    88.447; 
 507;      .449;    26.918;    88.447; 
 508;      .444;    26.931;    88.447; 
 509;      .440;    26.940;    88.447; 
 510;      .438;    26.943;    88.447; 
 511;      .434;    26.953;    88.447; 
 512;      .432;    26.957;    88.447; 
 513;      .429;    26.962;    88.447; 
 514;      .428;    26.964;    88.447; 
 515;      .425;    26.968;    88.447; 
 516;      .422;    26.972;    88.447; 
 517;      .420;    26.976;    88.447; 
 518;      .417;    26.980;    88.447; 
 519;      .416;    26.981;    88.447; 
 520;      .415;    26.983;    88.447; 
 521;      .412;    26.986;    88.447; 
 522;      .413;    26.985;    88.447; 
 523;      .408;    26.990;    88.447; 
 524;      .400;    26.997;    88.447; 
 525;      .392;    27.006;    88.447; 
 526;      .385;    27.013;    88.447; 
 527;      .381;    27.017;    88.447; 
 528;      .376;    27.021;    88.447; 
 529;      .372;    27.025;    88.447; 
 530;      .371;    27.025;    88.447; 
 531;      .369;    27.027;    88.447; 
 532;      .363;    27.031;    88.447; 
 533;      .362;    27.032;    88.447; 
 534;      .357;    27.035;    88.447; 
 535;      .357;    27.035;    88.447; 
 536;      .355;    27.036;    88.447; 
 537;      .351;    27.038;    88.447; 
 538;      .347;    27.039;    88.447; 
 539;      .337;    27.044;    88.447; 
 540;      .330;    27.047;    88.447; 
 541;      .323;    27.050;    88.447; 
 542;      .315;    27.053;    88.447; 
 543;      .313;    27.054;    88.447; 
 544;      .308;    27.056;    88.447; 
 545;      .307;    27.056;    88.447; 
 546;      .303;    27.057;    88.447; 
 547;      .299;    27.058;    88.447; 
 548;      .294;    27.059;    88.447; 
 549;      .291;    27.060;    88.447; 
 550;      .285;    27.061;    88.447; 
 551;      .280;    27.061;    88.447; 
 552;      .276;    27.062;    88.447; 
 553;      .269;    27.063;    88.447; 
 554;      .266;    27.063;    88.447; 
 555;      .260;    27.063;    88.447; 
 556;      .255;    27.063;    88.447; 
 557;      .250;    27.063;    88.447; 
 558;      .247;    27.063;    88.447; 
 559;      .245;    27.063;    88.447; 
 560;      .241;    27.063;    88.447; 
 561;      .237;    27.062;    88.447; 
 562;      .209;    27.061;    88.447; 
 563;      .172;    27.063;    88.447; 
 564;      .162;    27.064;    88.447; 
 565;      .157;    27.064;    88.447; 
 566;      .153;    27.064;    88.447; 
 567;      .145;    27.064;    88.447; 
 568;      .140;    27.064;    88.447; 
 569;      .135;    27.064;    88.447; 
 570;      .129;    27.064;    88.447; 
 571;      .125;    27.064;    88.447; 
 572;      .122;    27.063;    88.447; 
 573;      .105;    27.062;    88.447; 
 574;      .085;    27.061;    88.447; 
 575;      .062;    27.062;    88.447; 
 576;      .045;    27.062;    88.447; 
 577;      .037;    27.063;    88.447; 
 578;      .029;    27.063;    88.447; 
 579;      .020;    27.063;    88.447; 
 580;      .012;    27.063;    88.447; 
 581;      .006;    27.063;    88.447; 
 582;     -.004;    27.063;    88.447; 
 583;     -.022;    27.063;    88.447; 
 584;     -.033;    27.063;    88.447; 
 585;     -.038;    27.063;    88.447; 
 586;     -.046;    27.063;    88.447; 
 587;     -.058;    27.063;    88.447; 
 588;     -.074;    27.063;    88.447; 
 589;     -.084;    27.064;    88.447; 
 590;     -.091;    27.064;    88.447; 
 591;     -.094;    27.063;    88.447; 
 592;     -.100;    27.063;    88.447; 
 593;     -.112;    27.063;    88.447; 
 594;     -.123;    27.062;    88.447; 
 595;     -.142;    27.062;    88.447; 
 596;     -.165;    27.063;    88.447; 
 597;     -.184;    27.064;    88.447; 
 598;     -.193;    27.065;    88.447; 
 599;     -.200;    27.066;    88.447; 
 600;     -.205;    27.066;    88.447; 
 601;     -.209;    27.066;    88.447; 
 602;     -.213;    27.066;    88.447; 
 603;     -.217;    27.065;    88.447; 
 604;     -.223;    27.065;    88.447; 
 605;     -.232;    27.065;    88.447; 
 606;     -.239;    27.064;    88.447; 
 607;     -.242;    27.064;    88.447; 
 608;     -.254;    27.063;    88.447; 
 609;     -.271;    27.061;    88.447; 
 610;     -.281;    27.061;    88.447; 
 611;     -.282;    27.061;    88.447; 
 612;     -.287;    27.060;    88.447; 
 613;     -.275;    27.061;    88.447; 
 614;     -.281;    27.060;    88.447; 
 615;     -.304;    27.055;    88.447; 
 616;     -.312;    27.054;    88.447; 
 617;     -.316;    27.052;    88.447; 
 618;     -.314;    27.053;    88.447; 
 619;     -.315;    27.052;    88.447; 
 620;     -.316;    27.052;    88.447; 
 621;     -.317;    27.051;    88.447; 
 622;     -.320;    27.049;    88.447; 
 623;     -.329;    27.045;    88.447; 
 624;     -.336;    27.042;    88.447; 
 625;     -.342;    27.039;    88.447; 
 626;     -.347;    27.036;    88.447; 
 627;     -.351;    27.034;    88.447; 
 628;     -.359;    27.029;    88.447; 
 629;     -.365;    27.026;    88.447; 
 630;     -.386;    27.015;    88.447; 
 631;     -.406;    27.005;    88.447; 
 632;     -.414;    27.002;    88.447; 
 633;     -.414;    27.001;    88.447; 
 634;     -.415;    27.001;    88.447; 
 635;     -.416;    27.000;    88.447; 
 636;     -.415;    27.000;    88.447; 
 637;     -.417;    26.999;    88.447; 
 638;     -.417;    26.998;    88.447; 
 639;     -.417;    26.998;    88.447; 
 640;     -.418;    26.997;    88.447; 
 641;     -.417;    26.997;    88.447; 
 642;     -.425;    26.989;    88.447; 
 643;     -.426;    26.987;    88.447; 
 644;     -.432;    26.980;    88.447; 
 645;     -.435;    26.977;    88.447; 
 646;     -.437;    26.975;    88.447; 
 647;     -.439;    26.971;    88.447; 
 648;     -.441;    26.968;    88.447; 
 649;     -.439;    26.970;    88.447; 
 650;     -.441;    26.966;    88.447; 
 651;     -.440;    26.968;    88.447; 
 652;     -.443;    26.962;    88.447; 
 653;     -.446;    26.955;    88.447; 
 654;     -.453;    26.941;    88.447; 
 655;     -.458;    26.929;    88.447; 
 656;     -.471;    26.906;    88.447; 
 657;     -.477;    26.896;    88.447; 
 658;     -.482;    26.887;    88.447; 
 659;     -.484;    26.883;    88.447; 
 660;     -.483;    26.885;    88.447; 
 661;     -.485;    26.880;    88.447; 
 662;     -.487;    26.875;    88.447; 
 663;     -.487;    26.874;    88.447; 
 664;     -.488;    26.869;    88.447; 
 665;     -.497;    26.845;    88.447; 
 666;     -.506;    26.826;    88.447; 
 667;     -.511;    26.814;    88.447; 
 668;     -.513;    26.810;    88.447; 
 669;     -.519;    26.797;    88.447; 
 670;     -.523;    26.788;    88.447; 
 671;     -.526;    26.781;    88.447; 
 672;     -.528;    26.775;    88.447; 
 673;     -.530;    26.770;    88.447; 
 674;     -.535;    26.757;    88.447; 
 675;     -.537;    26.751;    88.447; 
 676;     -.543;    26.738;    88.447; 
 677;     -.547;    26.728;    88.447; 
 678;     -.551;    26.718;    88.447; 
 679;     -.553;    26.712;    88.447; 
 680;     -.553;    26.712;    88.447; 
 681;     -.558;    26.697;    88.447; 
 682;     -.562;    26.685;    88.447; 
 683;     -.569;    26.669;    88.447; 
 684;     -.574;    26.656;    88.447; 
 685;     -.575;    26.652;    88.447; 
 686;     -.577;    26.647;    88.447; 
 687;     -.583;    26.631;    88.447; 
 688;     -.588;    26.619;    88.447; 
 689;     -.596;    26.601;    88.447; 
 690;     -.600;    26.592;    88.447; 
 691;     -.603;    26.583;    88.447; 
 692;     -.607;    26.575;    88.447; 
 693;     -.609;    26.569;    88.447; 
 694;     -.614;    26.557;    88.447; 
 695;     -.617;    26.551;    88.447; 
 696;     -.619;    26.545;    88.447; 
 697;     -.624;    26.533;    88.447; 
 698;     -.627;    26.523;    88.447; 
 699;     -.632;    26.512;    88.447; 
 700;     -.635;    26.502;    88.447; 
 701;     -.639;    26.493;    88.447; 
 702;     -.642;    26.485;    88.447; 
 703;     -.646;    26.474;    88.447; 
 704;     -.649;    26.467;    88.447; 
 705;     -.653;    26.455;    88.447; 
 706;     -.656;    26.447;    88.447; 
 707;     -.661;    26.433;    88.447; 
 708;     -.663;    26.428;    88.447; 
 709;     -.664;    26.425;    88.447; 
 710;     -.664;    26.423;    88.447; 
 711;     -.666;    26.418;    88.447; 
 712;     -.668;    26.409;    88.447; 
 713;     -.679;    26.376;    88.447; 
 714;     -.693;    26.345;    88.447; 
 715;     -.696;    26.338;    88.447; 
 716;     -.696;    26.336;    88.447; 
 717;     -.698;    26.332;    88.447; 
 718;     -.701;    26.323;    88.447; 
 719;     -.703;    26.317;    88.447; 
 720;     -.707;    26.306;    88.447; 
 721;     -.712;    26.294;    88.447; 
 722;     -.716;    26.283;    88.447; 
 723;     -.717;    26.278;    88.447; 
 724;     -.720;    26.272;    88.447; 
 725;     -.723;    26.261;    88.447; 
 726;     -.728;    26.248;    88.447; 
 727;     -.730;    26.243;    88.447; 
 728;     -.733;    26.232;    88.447; 
 729;     -.736;    26.223;    88.447; 
 730;     -.739;    26.213;    88.447; 
 731;     -.748;    26.190;    88.447; 
 732;     -.753;    26.176;    88.447; 
 733;     -.757;    26.167;    88.447; 
 734;     -.760;    26.159;    88.447; 
 735;     -.760;    26.159;    88.447; 
 736;     -.762;    26.151;    88.447; 
 737;     -.764;    26.147;    88.447; 
 738;     -.769;    26.131;    88.447; 
 739;     -.776;    26.112;    88.447; 
 740;     -.778;    26.105;    88.447; 
 741;     -.782;    26.094;    88.447; 
 742;     -.784;    26.089;    88.447; 
 743;     -.786;    26.081;    88.447; 
 744;     -.790;    26.070;    88.447; 
 745;     -.794;    26.058;    88.447; 
 746;     -.796;    26.053;    88.447; 
 747;     -.800;    26.040;    88.447; 
 748;     -.803;    26.031;    88.447; 
 749;     -.808;    26.018;    88.447; 
 750;     -.810;    26.010;    88.447; 
 751;     -.813;    26.002;    88.447; 
 752;     -.816;    25.992;    88.447; 
 753;     -.819;    25.983;    88.447; 
 754;     -.822;    25.974;    88.447; 
 755;     -.824;    25.968;    88.447; 
 756;     -.825;    25.962;    88.447; 
 757;     -.829;    25.949;    88.447; 
 758;     -.831;    25.943;    88.447; 
 759;     -.836;    25.925;    88.447; 
 760;     -.842;    25.908;    88.447; 
 761;     -.847;    25.893;    88.447; 
 762;     -.848;    25.889;    88.447; 
 763;     -.850;    25.882;    88.447; 
 764;     -.851;    25.880;    88.447; 
 765;     -.854;    25.869;    88.447; 
 766;     -.858;    25.857;    88.447; 
 767;     -.864;    25.837;    88.447; 
 768;     -.870;    25.821;    88.447; 
 769;     -.871;    25.818;    88.447; 
 770;     -.874;    25.808;    88.447; 
 771;     -.874;    25.808;    88.447; 
 772;     -.877;    25.799;    88.447; 
 773;     -.879;    25.791;    88.447; 
 774;     -.883;    25.777;    88.447; 
 775;     -.885;    25.769;    88.447; 
 776;     -.889;    25.756;    88.447; 
 777;     -.893;    25.742;    88.447; 
 778;     -.896;    25.733;    88.447; 
 779;     -.898;    25.725;    88.447; 
 780;     -.901;    25.716;    88.447; 
 781;     -.902;    25.710;    88.447; 
 782;     -.905;    25.700;    88.447; 
 783;     -.907;    25.691;    88.447; 
 784;     -.908;    25.686;    88.447; 
 785;     -.910;    25.679;    88.447; 
 786;     -.912;    25.671;    88.447; 
 787;     -.914;    25.660;    88.447; 
 788;     -.922;    25.631;    88.447; 
 789;     -.926;    25.618;    88.447; 
 790;     -.928;    25.611;    88.447; 
 791;     -.932;    25.599;    88.447; 
 792;     -.934;    25.592;    88.447; 
 793;     -.938;    25.578;    88.447; 
 794;     -.940;    25.572;    88.447; 
 795;     -.942;    25.564;    88.447; 
 796;     -.944;    25.556;    88.447; 
 797;     -.948;    25.543;    88.447; 
 798;     -.950;    25.535;    88.447; 
 799;     -.954;    25.522;    88.447; 
 800;     -.956;    25.514;    88.447; 
 801;     -.959;    25.504;    88.447; 
 802;     -.961;    25.496;    88.447; 
 803;     -.964;    25.486;    88.447; 
 804;     -.965;    25.482;    88.447; 
 805;     -.967;    25.471;    88.447; 
 806;     -.969;    25.463;    88.447; 
 807;     -.972;    25.449;    88.447; 
 808;     -.975;    25.439;    88.447; 
 809;     -.978;    25.427;    88.447; 
 810;     -.980;    25.418;    88.447; 
 811;     -.982;    25.411;    88.447; 
 812;     -.984;    25.400;    88.447; 
 813;     -.987;    25.389;    88.447; 
 814;     -.990;    25.376;    88.447; 
 815;     -.993;    25.364;    88.447; 
 816;     -.996;    25.352;    88.447; 
 817;     -.998;    25.346;    88.447; 
 818;     -.999;    25.340;    88.447; 
 819;    -1.000;    25.334;    88.447; 
 820;    -1.002;    25.325;    88.447; 
 821;    -1.004;    25.314;    88.447; 
 822;    -1.009;    25.293;    88.447; 
 823;    -1.011;    25.283;    88.447; 
 824;    -1.012;    25.278;    88.447; 
 825;    -1.013;    25.274;    88.447; 
 826;    -1.013;    25.270;    88.447; 
 827;    -1.016;    25.254;    88.447; 
 828;    -1.019;    25.239;    88.447; 
 829;    -1.024;    25.221;    88.447; 
 830;    -1.025;    25.214;    88.447; 
 831;    -1.025;    25.214;    88.447; 
 832;    -1.026;    25.207;    88.447; 
 833;    -1.028;    25.198;    88.447; 
 834;    -1.033;    25.174;    88.447; 
 835;    -1.036;    25.158;    88.447; 
 836;    -1.038;    25.150;    88.447; 
 837;    -1.040;    25.144;    88.447; 
 838;    -1.041;    25.138;    88.447; 
 839;    -1.042;    25.134;    88.447; 
 840;    -1.042;    25.130;    88.447; 
 841;    -1.043;    25.123;    88.447; 
 842;    -1.047;    25.100;    88.447; 
 843;    -1.053;    25.073;    88.447; 
 844;    -1.055;    25.064;    88.447; 
 845;    -1.056;    25.062;    88.447; 
 846;    -1.056;    25.059;    88.447; 
 847;    -1.056;    25.057;    88.447; 
 848;    -1.061;    25.032;    88.447; 
 849;    -1.073;    24.991;    88.447; 
 850;    -1.078;    24.977;    88.447; 
 851;    -1.079;    24.972;    88.447; 
 852;    -1.083;    24.961;    88.447; 
 853;    -1.086;    24.951;    88.447; 
 854;    -1.093;    24.933;    88.447; 
 855;    -1.107;    24.903;    88.447; 
 856;    -1.180;    24.815;    88.447; 
 857;    -1.312;    24.759;    88.447; 
 858;    -1.331;    24.757;    88.447; 
 859;    -1.338;    24.756;    88.447; 
 860;    -1.351;    24.754;    88.447; 
 861;    -1.361;    24.753;    88.447; 
 862;    -1.380;    24.751;    88.447; 
 863;    -1.408;    24.750;    88.447; 
 864;    -1.423;    24.750;    88.447; 
 865;    -1.429;    24.750;    88.447; 
 866;    -1.434;    24.750;    88.447; 
 867;    -1.437;    24.750;    88.447; 
 868;    -1.451;    24.749;    88.447; 
 869;    -1.467;    24.748;    88.447; 
 870;    -1.483;    24.748;    88.447; 
 871;    -1.489;    24.748;    88.447; 
 872;    -1.493;    24.747;    88.447; 
 873;    -1.498;    24.747;    88.447; 
 874;    -1.502;    24.746;    88.447; 
 875;    -1.519;    24.745;    88.447; 
 876;    -1.540;    24.744;    88.447; 
 877;    -1.557;    24.744;    88.447; 
 878;    -1.565;    24.743;    88.447; 
 879;    -1.571;    24.743;    88.447; 
 880;    -1.577;    24.743;    88.447; 
 881;    -1.590;    24.742;    88.447; 
 882;    -1.605;    24.742;    88.447; 
 883;    -1.617;    24.741;    88.447; 
 884;    -1.625;    24.741;    88.447; 
 885;    -1.630;    24.740;    88.447; 
 886;    -1.634;    24.740;    88.447; 
 887;    -1.637;    24.740;    88.447; 
 888;    -1.644;    24.739;    88.447; 
 889;    -1.656;    24.737;    88.447; 
 890;    -1.696;    24.735;    88.447; 
 891;    -1.745;    24.739;    88.447; 
 892;    -1.754;    24.740;    88.447; 
 893;    -1.786;    24.747;    88.447; 
 894;    -1.920;    24.829;    88.447; 
 895;    -1.968;    24.906;    88.447; 
 896;    -1.971;    24.915;    88.447; 
 897;    -1.977;    24.928;    88.447; 
 898;    -1.980;    24.935;    88.447; 
 899;    -1.985;    24.947;    88.447; 
 900;    -1.991;    24.962;    88.447; 
 901;    -1.997;    24.978;    88.447; 
 902;    -2.004;    24.997;    88.447; 
 903;    -2.008;    25.009;    88.447; 
 904;    -2.009;    25.013;    88.447; 
 905;    -2.013;    25.026;    88.447; 
 906;    -2.016;    25.035;    88.447; 
 907;    -2.020;    25.045;    88.447; 
 908;    -2.022;    25.053;    88.447; 
 909;    -2.025;    25.061;    88.447; 
 910;    -2.029;    25.071;    88.447; 
 911;    -2.030;    25.074;    88.447; 
 912;    -2.037;    25.094;    88.447; 
 913;    -2.044;    25.119;    88.447; 
 914;    -2.049;    25.137;    88.447; 
 915;    -2.051;    25.147;    88.447; 
 916;    -2.053;    25.154;    88.447; 
 917;    -2.053;    25.156;    88.447; 
 918;    -2.055;    25.161;    88.447; 
 919;    -2.058;    25.168;    88.447; 
 920;    -2.061;    25.178;    88.447; 
 921;    -2.065;    25.190;    88.447; 
 922;    -2.067;    25.198;    88.447; 
 923;    -2.071;    25.208;    88.447; 
 924;    -2.074;    25.218;    88.447; 
 925;    -2.077;    25.226;    88.447; 
 926;    -2.079;    25.233;    88.447; 
 927;    -2.082;    25.240;    88.447; 
 928;    -2.087;    25.255;    88.447; 
 929;    -2.089;    25.261;    88.447; 
 930;    -2.092;    25.268;    88.447; 
 931;    -2.094;    25.274;    88.447; 
 932;    -2.101;    25.292;    88.447; 
 933;    -2.106;    25.307;    88.447; 
 934;    -2.111;    25.320;    88.447; 
 935;    -2.114;    25.330;    88.447; 
 936;    -2.116;    25.335;    88.447; 
 937;    -2.117;    25.339;    88.447; 
 938;    -2.121;    25.348;    88.447; 
 939;    -2.128;    25.369;    88.447; 
 940;    -2.130;    25.375;    88.447; 
 941;    -2.133;    25.384;    88.447; 
 942;    -2.136;    25.390;    88.447; 
 943;    -2.139;    25.398;    88.447; 
 944;    -2.142;    25.408;    88.447; 
 945;    -2.146;    25.418;    88.447; 
 946;    -2.149;    25.426;    88.447; 
 947;    -2.154;    25.439;    88.447; 
 948;    -2.157;    25.448;    88.447; 
 949;    -2.160;    25.455;    88.447; 
 950;    -2.163;    25.461;    88.447; 
 951;    -2.165;    25.467;    88.447; 
 952;    -2.168;    25.474;    88.447; 
 953;    -2.175;    25.491;    88.447; 
 954;    -2.182;    25.509;    88.447; 
 955;    -2.184;    25.515;    88.447; 
 956;    -2.188;    25.525;    88.447; 
 957;    -2.191;    25.533;    88.447; 
 958;    -2.194;    25.540;    88.447; 
 959;    -2.197;    25.547;    88.447; 
 960;    -2.201;    25.557;    88.447; 
 961;    -2.206;    25.570;    88.447; 
 962;    -2.211;    25.582;    88.447; 
 963;    -2.214;    25.590;    88.447; 
 964;    -2.218;    25.600;    88.447; 
 965;    -2.221;    25.608;    88.447; 
 966;    -2.224;    25.614;    88.447; 
 967;    -2.227;    25.623;    88.447; 
 968;    -2.231;    25.631;    88.447; 
 969;    -2.236;    25.642;    88.447; 
 970;    -2.241;    25.657;    88.447; 
 971;    -2.246;    25.667;    88.447; 
 972;    -2.250;    25.679;    88.447; 
 973;    -2.254;    25.689;    88.447; 
 974;    -2.258;    25.699;    88.447; 
 975;    -2.260;    25.704;    88.447; 
 976;    -2.265;    25.715;    88.447; 
 977;    -2.268;    25.723;    88.447; 
 978;    -2.270;    25.727;    88.447; 
 979;    -2.274;    25.736;    88.447; 
 980;    -2.280;    25.752;    88.447; 
 981;    -2.285;    25.761;    88.447; 
 982;    -2.289;    25.771;    88.447; 
 983;    -2.292;    25.779;    88.447; 
 984;    -2.296;    25.787;    88.447; 
 985;    -2.299;    25.795;    88.447; 
 986;    -2.302;    25.801;    88.447; 
 987;    -2.308;    25.815;    88.447; 
 988;    -2.311;    25.822;    88.447; 
 989;    -2.315;    25.831;    88.447; 
 990;    -2.319;    25.837;    88.447; 
 991;    -2.323;    25.847;    88.447; 
 992;    -2.329;    25.860;    88.447; 
 993;    -2.334;    25.872;    88.447; 
 994;    -2.337;    25.878;    88.447; 
 995;    -2.341;    25.886;    88.447; 
 996;    -2.347;    25.900;    88.447; 
 997;    -2.352;    25.910;    88.447; 
 998;    -2.358;    25.924;    88.447; 
 999;    -2.361;    25.932;    88.447; 
1000;    -2.366;    25.944;    88.447; 
1001;    -2.369;    25.950;    88.447; 
1002;    -2.371;    25.954;    88.447; 
1003;    -2.376;    25.964;    88.447; 
1004;    -2.380;    25.973;    88.447; 
1005;    -2.385;    25.984;    88.447; 
1006;    -2.389;    25.993;    88.447; 
1007;    -2.392;    25.999;    88.447; 
1008;    -2.395;    26.006;    88.447; 
1009;    -2.402;    26.019;    88.447; 
1010;    -2.408;    26.033;    88.447; 
1011;    -2.415;    26.048;    88.447; 
1012;    -2.417;    26.054;    88.447; 
1013;    -2.421;    26.063;    88.447; 
1014;    -2.425;    26.071;    88.447; 
1015;    -2.428;    26.077;    88.447; 
1016;    -2.433;    26.087;    88.447; 
1017;    -2.437;    26.095;    88.447; 
1018;    -2.442;    26.105;    88.447; 
1019;    -2.446;    26.114;    88.447; 
1020;    -2.450;    26.123;    88.447; 
1021;    -2.456;    26.135;    88.447; 
1022;    -2.462;    26.147;    88.447; 
1023;    -2.465;    26.154;    88.447; 
1024;    -2.469;    26.162;    88.447; 
1025;    -2.473;    26.170;    88.447; 
1026;    -2.475;    26.175;    88.447; 
1027;    -2.480;    26.184;    88.447; 
1028;    -2.483;    26.189;    88.447; 
1029;    -2.485;    26.193;    88.447; 
1030;    -2.490;    26.201;    88.447; 
1031;    -2.500;    26.220;    88.447; 
1032;    -2.502;    26.224;    88.447; 
1033;    -2.510;    26.239;    88.447; 
1034;    -2.519;    26.260;    88.447; 
1035;    -2.525;    26.273;    88.447; 
1036;    -2.528;    26.279;    88.447; 
1037;    -2.531;    26.286;    88.447; 
1038;    -2.533;    26.289;    88.447; 
1039;    -2.537;    26.298;    88.447; 
1040;    -2.541;    26.306;    88.447; 
1041;    -2.545;    26.313;    88.447; 
1042;    -2.551;    26.325;    88.447; 
1043;    -2.554;    26.330;    88.447; 
1044;    -2.560;    26.341;    88.447; 
1045;    -2.565;    26.351;    88.447; 
1046;    -2.568;    26.357;    88.447; 
1047;    -2.574;    26.368;    88.447; 
1048;    -2.576;    26.372;    88.447; 
1049;    -2.582;    26.384;    88.447; 
1050;    -2.590;    26.398;    88.447; 
1051;    -2.596;    26.410;    88.447; 
1052;    -2.602;    26.423;    88.447; 
1053;    -2.607;    26.431;    88.447; 
1054;    -2.609;    26.435;    88.447; 
1055;    -2.614;    26.444;    88.447; 
1056;    -2.618;    26.453;    88.447; 
1057;    -2.623;    26.462;    88.447; 
1058;    -2.628;    26.471;    88.447; 
1059;    -2.632;    26.477;    88.447; 
1060;    -2.635;    26.484;    88.447; 
1061;    -2.639;    26.489;    88.447; 
1062;    -2.649;    26.508;    88.447; 
1063;    -2.657;    26.523;    88.447; 
1064;    -2.664;    26.539;    88.447; 
1065;    -2.668;    26.547;    88.447; 
1066;    -2.671;    26.552;    88.447; 
1067;    -2.673;    26.557;    88.447; 
1068;    -2.677;    26.563;    88.447; 
1069;    -2.683;    26.575;    88.447; 
1070;    -2.684;    26.577;    88.447; 
1071;    -2.689;    26.585;    88.447; 
1072;    -2.694;    26.592;    88.447; 
1073;    -2.699;    26.602;    88.447; 
1074;    -2.704;    26.610;    88.447; 
1075;    -2.708;    26.616;    88.447; 
1076;    -2.713;    26.624;    88.447; 
1077;    -2.718;    26.632;    88.447; 
1078;    -2.722;    26.638;    88.447; 
1079;    -2.732;    26.655;    88.447; 
1080;    -2.741;    26.671;    88.447; 
1081;    -2.750;    26.688;    88.447; 
1082;    -2.752;    26.693;    88.447; 
1083;    -2.759;    26.705;    88.447; 
1084;    -2.763;    26.713;    88.447; 
1085;    -2.765;    26.716;    88.447; 
1086;    -2.769;    26.723;    88.447; 
1087;    -2.776;    26.737;    88.447; 
1088;    -2.783;    26.749;    88.447; 
1089;    -2.786;    26.754;    88.447; 
1090;    -2.792;    26.765;    88.447; 
1091;    -2.795;    26.771;    88.447; 
1092;    -2.796;    26.772;    88.447; 
1093;    -2.798;    26.774;    88.447; 
1094;    -2.801;    26.778;    88.447; 
1095;    -2.803;    26.781;    88.447; 
1096;    -2.809;    26.789;    88.447; 
1097;    -2.813;    26.795;    88.447; 
1098;    -2.816;    26.798;    88.447; 
1099;    -2.821;    26.804;    88.447; 
1100;    -2.824;    26.808;    88.447; 
1101;    -2.826;    26.810;    88.447; 
1102;    -2.830;    26.813;    88.447; 
1103;    -2.835;    26.818;    88.447; 
1104;    -2.839;    26.822;    88.447; 
1105;    -2.847;    26.830;    88.447; 
1106;    -2.854;    26.836;    88.447; 
1107;    -2.860;    26.842;    88.447; 
1108;    -2.867;    26.848;    88.447; 
1109;    -2.870;    26.851;    88.447; 
1110;    -2.874;    26.854;    88.447; 
1111;    -2.877;    26.856;    88.447; 
1112;    -2.883;    26.861;    88.447; 
1113;    -2.888;    26.864;    88.447; 
1114;    -2.893;    26.868;    88.447; 
1115;    -2.900;    26.872;    88.447; 
1116;    -2.905;    26.876;    88.447; 
1117;    -2.908;    26.878;    88.447; 
1118;    -2.910;    26.879;    88.447; 
1119;    -2.913;    26.880;    88.447; 
1120;    -2.918;    26.882;    88.447; 
1121;    -2.918;    26.882;    88.447; 
1122;    -2.921;    26.883;    88.447; 
1123;    -2.925;    26.884;    88.447; 
1124;    -2.930;    26.886;    88.447; 
1125;    -2.930;    26.886;    88.447; 
1126;    -2.943;    26.890;    88.447; 
1127;    -2.953;    26.893;    88.447; 
1128;    -2.962;    26.895;    88.447; 
1129;    -2.968;    26.897;    88.447; 
1130;    -2.975;    26.898;    88.447; 
1131;    -2.980;    26.899;    88.447; 
1132;    -2.983;    26.900;    88.447; 
1133;    -2.986;    26.900;    88.447; 
1134;    -2.988;    26.901;    88.447; 
1135;    -2.993;    26.901;    88.447; 
1136;    -2.996;    26.901;    88.447; 
1137;    -2.999;    26.901;    88.447; 
1138;    -3.003;    26.901;    88.447; 
1139;    -3.004;    26.901;    88.447; 
1140;    -3.009;    26.900;    88.447; 
1141;    -3.014;    26.900;    88.447; 
1142;    -3.025;    26.899;    88.447; 
1143;    -3.032;    26.898;    88.447; 
1144;    -3.042;    26.897;    88.447; 
1145;    -3.051;    26.896;    88.447; 
1146;    -3.061;    26.895;    88.447; 
1147;    -3.069;    26.894;    88.447; 
1148;    -3.077;    26.893;    88.447; 
1149;    -3.088;    26.892;    88.447; 
1150;    -3.098;    26.891;    88.447; 
1151;    -3.109;    26.889;    88.447; 
