[A]
   1;     3.326;    26.935;    88.447; 
   2;     3.315;    26.937;    88.447; 
   3;     3.309;    26.938;    88.447; 
   4;     3.306;    26.938;    88.447; 
   5;     3.303;    26.938;    88.447; 
   6;     3.300;    26.938;    88.447; 
   7;     3.286;    26.939;    88.447; 
   8;     3.272;    26.941;    88.447; 
   9;     3.250;    26.943;    88.447; 
  10;     3.225;    26.948;    88.447; 
  11;     3.220;    26.949;    88.447; 
  12;     3.212;    26.950;    88.447; 
  13;     3.207;    26.951;    88.447; 
  14;     3.205;    26.951;    88.447; 
  15;     3.196;    26.952;    88.447; 
  16;     3.187;    26.953;    88.447; 
  17;     3.173;    26.954;    88.447; 
  18;     3.167;    26.955;    88.447; 
  19;     3.151;    26.957;    88.447; 
  20;     3.134;    26.959;    88.447; 
  21;     3.120;    26.961;    88.447; 
  22;     3.113;    26.962;    88.447; 
  23;     3.109;    26.962;    88.447; 
  24;     3.106;    26.963;    88.447; 
  25;     3.095;    26.963;    88.447; 
  26;     3.076;    26.965;    88.447; 
  27;     3.061;    26.967;    88.447; 
  28;     3.048;    26.969;    88.447; 
  29;     3.040;    26.970;    88.447; 
  30;     3.032;    26.971;    88.447; 
  31;     3.020;    26.973;    88.447; 
  32;     3.011;    26.974;    88.447; 
  33;     3.003;    26.975;    88.447; 
  34;     2.993;    26.976;    88.447; 
  35;     2.986;    26.977;    88.447; 
  36;     2.981;    26.977;    88.447; 
  37;     2.972;    26.978;    88.447; 
  38;     2.955;    26.979;    88.447; 
  39;     2.936;    26.982;    88.447; 
  40;     2.923;    26.984;    88.447; 
  41;     2.908;    26.986;    88.447; 
  42;     2.896;    26.988;    88.447; 
  43;     2.889;    26.989;    88.447; 
  44;     2.885;    26.989;    88.447; 
  45;     2.880;    26.990;    88.447; 
  46;     2.866;    26.992;    88.447; 
  47;     2.850;    26.994;    88.447; 
  48;     2.841;    26.995;    88.447; 
  49;     2.838;    26.995;    88.447; 
  50;     2.833;    26.995;    88.447; 
  51;     2.828;    26.996;    88.447; 
  52;     2.823;    26.996;    88.447; 
  53;     2.811;    26.996;    88.447; 
  54;     2.803;    26.996;    88.447; 
  55;     2.797;    26.996;    88.447; 
  56;     2.794;    26.996;    88.447; 
  57;     2.790;    26.996;    88.447; 
  58;     2.789;    26.996;    88.447; 
  59;     2.786;    26.995;    88.447; 
  60;     2.784;    26.995;    88.447; 
  61;     2.781;    26.994;    88.447; 
  62;     2.778;    26.993;    88.447; 
  63;     2.776;    26.993;    88.447; 
  64;     2.771;    26.991;    88.447; 
  65;     2.766;    26.990;    88.447; 
  66;     2.761;    26.988;    88.447; 
  67;     2.754;    26.985;    88.447; 
  68;     2.746;    26.983;    88.447; 
  69;     2.731;    26.978;    88.447; 
  70;     2.717;    26.973;    88.447; 
  71;     2.711;    26.971;    88.447; 
  72;     2.711;    26.971;    88.447; 
  73;     2.710;    26.970;    88.447; 
  74;     2.707;    26.968;    88.447; 
  75;     2.706;    26.968;    88.447; 
  76;     2.703;    26.966;    88.447; 
  77;     2.702;    26.965;    88.447; 
  78;     2.699;    26.963;    88.447; 
  79;     2.696;    26.961;    88.447; 
  80;     2.690;    26.957;    88.447; 
  81;     2.687;    26.955;    88.447; 
  82;     2.679;    26.948;    88.447; 
  83;     2.679;    26.948;    88.447; 
  84;     2.672;    26.942;    88.447; 
  85;     2.670;    26.940;    88.447; 
  86;     2.665;    26.936;    88.447; 
  87;     2.662;    26.932;    88.447; 
  88;     2.660;    26.930;    88.447; 
  89;     2.656;    26.925;    88.447; 
  90;     2.653;    26.922;    88.447; 
  91;     2.649;    26.916;    88.447; 
  92;     2.645;    26.911;    88.447; 
  93;     2.647;    26.912;    88.447; 
  94;     2.643;    26.907;    88.447; 
  95;     2.641;    26.903;    88.447; 
  96;     2.632;    26.890;    88.447; 
  97;     2.629;    26.885;    88.447; 
  98;     2.623;    26.876;    88.447; 
  99;     2.618;    26.867;    88.447; 
 100;     2.620;    26.870;    88.447; 
 101;     2.616;    26.863;    88.447; 
 102;     2.614;    26.857;    88.447; 
 103;     2.607;    26.845;    88.447; 
 104;     2.587;    26.813;    88.447; 
 105;     2.584;    26.808;    88.447; 
 106;     2.580;    26.801;    88.447; 
 107;     2.577;    26.796;    88.447; 
 108;     2.572;    26.788;    88.447; 
 109;     2.568;    26.780;    88.447; 
 110;     2.564;    26.774;    88.447; 
 111;     2.562;    26.770;    88.447; 
 112;     2.553;    26.755;    88.447; 
 113;     2.552;    26.751;    88.447; 
 114;     2.545;    26.739;    88.447; 
 115;     2.541;    26.732;    88.447; 
 116;     2.533;    26.719;    88.447; 
 117;     2.528;    26.710;    88.447; 
 118;     2.523;    26.701;    88.447; 
 119;     2.520;    26.694;    88.447; 
 120;     2.514;    26.684;    88.447; 
 121;     2.509;    26.675;    88.447; 
 122;     2.504;    26.666;    88.447; 
 123;     2.499;    26.657;    88.447; 
 124;     2.496;    26.651;    88.447; 
 125;     2.490;    26.640;    88.447; 
 126;     2.485;    26.630;    88.447; 
 127;     2.480;    26.621;    88.447; 
 128;     2.477;    26.615;    88.447; 
 129;     2.474;    26.609;    88.447; 
 130;     2.472;    26.605;    88.447; 
 131;     2.471;    26.602;    88.447; 
 132;     2.467;    26.592;    88.447; 
 133;     2.459;    26.575;    88.447; 
 134;     2.452;    26.561;    88.447; 
 135;     2.439;    26.539;    88.447; 
 136;     2.430;    26.524;    88.447; 
 137;     2.428;    26.520;    88.447; 
 138;     2.424;    26.513;    88.447; 
 139;     2.422;    26.509;    88.447; 
 140;     2.421;    26.507;    88.447; 
 141;     2.418;    26.501;    88.447; 
 142;     2.410;    26.484;    88.447; 
 143;     2.404;    26.474;    88.447; 
 144;     2.399;    26.464;    88.447; 
 145;     2.390;    26.449;    88.447; 
 146;     2.386;    26.441;    88.447; 
 147;     2.377;    26.425;    88.447; 
 148;     2.376;    26.423;    88.447; 
 149;     2.372;    26.416;    88.447; 
 150;     2.369;    26.410;    88.447; 
 151;     2.365;    26.403;    88.447; 
 152;     2.364;    26.399;    88.447; 
 153;     2.360;    26.390;    88.447; 
 154;     2.351;    26.374;    88.447; 
 155;     2.346;    26.363;    88.447; 
 156;     2.340;    26.352;    88.447; 
 157;     2.335;    26.343;    88.447; 
 158;     2.331;    26.334;    88.447; 
 159;     2.324;    26.322;    88.447; 
 160;     2.320;    26.314;    88.447; 
 161;     2.317;    26.308;    88.447; 
 162;     2.312;    26.298;    88.447; 
 163;     2.310;    26.294;    88.447; 
 164;     2.304;    26.281;    88.447; 
 165;     2.299;    26.273;    88.447; 
 166;     2.296;    26.266;    88.447; 
 167;     2.289;    26.252;    88.447; 
 168;     2.286;    26.246;    88.447; 
 169;     2.279;    26.232;    88.447; 
 170;     2.275;    26.224;    88.447; 
 171;     2.272;    26.217;    88.447; 
 172;     2.267;    26.208;    88.447; 
 173;     2.264;    26.201;    88.447; 
 174;     2.259;    26.191;    88.447; 
 175;     2.255;    26.182;    88.447; 
 176;     2.251;    26.173;    88.447; 
 177;     2.251;    26.171;    88.447; 
 178;     2.249;    26.168;    88.447; 
 179;     2.242;    26.151;    88.447; 
 180;     2.227;    26.120;    88.447; 
 181;     2.218;    26.105;    88.447; 
 182;     2.215;    26.099;    88.447; 
 183;     2.214;    26.096;    88.447; 
 184;     2.211;    26.091;    88.447; 
 185;     2.208;    26.084;    88.447; 
 186;     2.204;    26.075;    88.447; 
 187;     2.199;    26.065;    88.447; 
 188;     2.193;    26.054;    88.447; 
 189;     2.188;    26.043;    88.447; 
 190;     2.185;    26.036;    88.447; 
 191;     2.180;    26.026;    88.447; 
 192;     2.177;    26.019;    88.447; 
 193;     2.173;    26.010;    88.447; 
 194;     2.170;    26.003;    88.447; 
 195;     2.168;    25.998;    88.447; 
 196;     2.164;    25.989;    88.447; 
 197;     2.158;    25.976;    88.447; 
 198;     2.151;    25.959;    88.447; 
 199;     2.144;    25.947;    88.447; 
 200;     2.140;    25.937;    88.447; 
 201;     2.139;    25.935;    88.447; 
 202;     2.136;    25.927;    88.447; 
 203;     2.132;    25.918;    88.447; 
 204;     2.127;    25.907;    88.447; 
 205;     2.122;    25.896;    88.447; 
 206;     2.119;    25.888;    88.447; 
 207;     2.114;    25.877;    88.447; 
 208;     2.112;    25.872;    88.447; 
 209;     2.105;    25.858;    88.447; 
 210;     2.100;    25.845;    88.447; 
 211;     2.094;    25.834;    88.447; 
 212;     2.090;    25.824;    88.447; 
 213;     2.087;    25.818;    88.447; 
 214;     2.083;    25.809;    88.447; 
 215;     2.082;    25.805;    88.447; 
 216;     2.077;    25.794;    88.447; 
 217;     2.074;    25.787;    88.447; 
 218;     2.068;    25.773;    88.447; 
 219;     2.063;    25.761;    88.447; 
 220;     2.061;    25.756;    88.447; 
 221;     2.056;    25.744;    88.447; 
 222;     2.053;    25.736;    88.447; 
 223;     2.049;    25.727;    88.447; 
 224;     2.045;    25.717;    88.447; 
 225;     2.039;    25.704;    88.447; 
 226;     2.036;    25.696;    88.447; 
 227;     2.032;    25.686;    88.447; 
 228;     2.029;    25.679;    88.447; 
 229;     2.027;    25.672;    88.447; 
 230;     2.025;    25.668;    88.447; 
 231;     2.023;    25.661;    88.447; 
 232;     2.016;    25.643;    88.447; 
 233;     2.008;    25.624;    88.447; 
 234;     2.005;    25.617;    88.447; 
 235;     2.003;    25.612;    88.447; 
 236;     1.997;    25.596;    88.447; 
 237;     1.993;    25.587;    88.447; 
 238;     1.987;    25.574;    88.447; 
 239;     1.984;    25.566;    88.447; 
 240;     1.981;    25.559;    88.447; 
 241;     1.980;    25.555;    88.447; 
 242;     1.976;    25.544;    88.447; 
 243;     1.973;    25.538;    88.447; 
 244;     1.972;    25.533;    88.447; 
 245;     1.965;    25.516;    88.447; 
 246;     1.961;    25.505;    88.447; 
 247;     1.957;    25.494;    88.447; 
 248;     1.952;    25.482;    88.447; 
 249;     1.949;    25.473;    88.447; 
 250;     1.946;    25.466;    88.447; 
 251;     1.943;    25.458;    88.447; 
 252;     1.940;    25.450;    88.447; 
 253;     1.938;    25.442;    88.447; 
 254;     1.935;    25.434;    88.447; 
 255;     1.931;    25.422;    88.447; 
 256;     1.929;    25.416;    88.447; 
 257;     1.924;    25.403;    88.447; 
 258;     1.918;    25.386;    88.447; 
 259;     1.915;    25.377;    88.447; 
 260;     1.910;    25.366;    88.447; 
 261;     1.907;    25.358;    88.447; 
 262;     1.904;    25.350;    88.447; 
 263;     1.902;    25.343;    88.447; 
 264;     1.899;    25.334;    88.447; 
 265;     1.895;    25.322;    88.447; 
 266;     1.891;    25.312;    88.447; 
 267;     1.889;    25.304;    88.447; 
 268;     1.887;    25.298;    88.447; 
 269;     1.885;    25.291;    88.447; 
 270;     1.883;    25.286;    88.447; 
 271;     1.881;    25.276;    88.447; 
 272;     1.880;    25.274;    88.447; 
 273;     1.881;    25.274;    88.447; 
 274;     1.874;    25.247;    88.447; 
 275;     1.867;    25.226;    88.447; 
 276;     1.864;    25.215;    88.447; 
 277;     1.862;    25.209;    88.447; 
 278;     1.859;    25.201;    88.447; 
 279;     1.856;    25.191;    88.447; 
 280;     1.853;    25.181;    88.447; 
 281;     1.851;    25.174;    88.447; 
 282;     1.849;    25.167;    88.447; 
 283;     1.848;    25.163;    88.447; 
 284;     1.844;    25.148;    88.447; 
 285;     1.835;    25.122;    88.447; 
 286;     1.823;    25.092;    88.447; 
 287;     1.820;    25.086;    88.447; 
 288;     1.818;    25.081;    88.447; 
 289;     1.818;    25.081;    88.447; 
 290;     1.815;    25.072;    88.447; 
 291;     1.811;    25.063;    88.447; 
 292;     1.805;    25.046;    88.447; 
 293;     1.800;    25.034;    88.447; 
 294;     1.799;    25.030;    88.447; 
 295;     1.793;    25.016;    88.447; 
 296;     1.793;    25.015;    88.447; 
 297;     1.782;    24.987;    88.447; 
 298;     1.712;    24.896;    88.447; 
 299;     1.661;    24.861;    88.447; 
 300;     1.582;    24.832;    88.447; 
 301;     1.538;    24.826;    88.447; 
 302;     1.515;    24.825;    88.447; 
 303;     1.482;    24.826;    88.447; 
 304;     1.472;    24.827;    88.447; 
 305;     1.469;    24.827;    88.447; 
 306;     1.464;    24.827;    88.447; 
 307;     1.449;    24.827;    88.447; 
 308;     1.427;    24.829;    88.447; 
 309;     1.406;    24.831;    88.447; 
 310;     1.392;    24.833;    88.447; 
 311;     1.386;    24.833;    88.447; 
 312;     1.380;    24.834;    88.447; 
 313;     1.374;    24.834;    88.447; 
 314;     1.365;    24.835;    88.447; 
 315;     1.353;    24.836;    88.447; 
 316;     1.341;    24.837;    88.447; 
 317;     1.334;    24.837;    88.447; 
 318;     1.329;    24.837;    88.447; 
 319;     1.322;    24.838;    88.447; 
 320;     1.309;    24.838;    88.447; 
 321;     1.291;    24.839;    88.447; 
 322;     1.278;    24.840;    88.447; 
 323;     1.271;    24.841;    88.447; 
 324;     1.263;    24.841;    88.447; 
 325;     1.257;    24.841;    88.447; 
 326;     1.253;    24.841;    88.447; 
 327;     1.249;    24.841;    88.447; 
 328;     1.245;    24.841;    88.447; 
 329;     1.224;    24.841;    88.447; 
 330;     1.201;    24.842;    88.447; 
 331;     1.171;    24.845;    88.447; 
 332;     1.155;    24.847;    88.447; 
 333;     1.144;    24.849;    88.447; 
 334;     1.136;    24.850;    88.447; 
 335;     1.119;    24.853;    88.447; 
 336;     1.041;    24.880;    88.447; 
 337;      .975;    24.928;    88.447; 
 338;      .923;    24.997;    88.447; 
 339;      .904;    25.042;    88.447; 
 340;      .895;    25.070;    88.447; 
 341;      .891;    25.084;    88.447; 
 342;      .888;    25.096;    88.447; 
 343;      .884;    25.112;    88.447; 
 344;      .880;    25.134;    88.447; 
 345;      .878;    25.146;    88.447; 
 346;      .875;    25.160;    88.447; 
 347;      .874;    25.172;    88.447; 
 348;      .872;    25.178;    88.447; 
 349;      .871;    25.187;    88.447; 
 350;      .869;    25.194;    88.447; 
 351;      .868;    25.199;    88.447; 
 352;      .867;    25.206;    88.447; 
 353;      .865;    25.213;    88.447; 
 354;      .863;    25.218;    88.447; 
 355;      .863;    25.218;    88.447; 
 356;      .857;    25.238;    88.447; 
 357;      .852;    25.260;    88.447; 
 358;      .847;    25.293;    88.447; 
 359;      .846;    25.300;    88.447; 
 360;      .845;    25.305;    88.447; 
 361;      .845;    25.306;    88.447; 
 362;      .842;    25.320;    88.447; 
 363;      .843;    25.313;    88.447; 
 364;      .840;    25.328;    88.447; 
 365;      .839;    25.329;    88.447; 
 366;      .836;    25.340;    88.447; 
 367;      .833;    25.354;    88.447; 
 368;      .828;    25.382;    88.447; 
 369;      .825;    25.395;    88.447; 
 370;      .825;    25.396;    88.447; 
 371;      .824;    25.403;    88.447; 
 372;      .821;    25.412;    88.447; 
 373;      .818;    25.431;    88.447; 
 374;      .816;    25.441;    88.447; 
 375;      .815;    25.443;    88.447; 
 376;      .816;    25.440;    88.447; 
 377;      .814;    25.443;    88.447; 
 378;      .810;    25.458;    88.447; 
 379;      .805;    25.472;    88.447; 
 380;      .799;    25.498;    88.447; 
 381;      .795;    25.518;    88.447; 
 382;      .794;    25.527;    88.447; 
 383;      .792;    25.534;    88.447; 
 384;      .791;    25.543;    88.447; 
 385;      .790;    25.547;    88.447; 
 386;      .787;    25.557;    88.447; 
 387;      .786;    25.562;    88.447; 
 388;      .784;    25.567;    88.447; 
 389;      .782;    25.577;    88.447; 
 390;      .778;    25.589;    88.447; 
 391;      .775;    25.601;    88.447; 
 392;      .772;    25.611;    88.447; 
 393;      .769;    25.626;    88.447; 
 394;      .767;    25.635;    88.447; 
 395;      .765;    25.642;    88.447; 
 396;      .763;    25.648;    88.447; 
 397;      .760;    25.658;    88.447; 
 398;      .756;    25.671;    88.447; 
 399;      .753;    25.684;    88.447; 
 400;      .750;    25.694;    88.447; 
 401;      .750;    25.696;    88.447; 
 402;      .747;    25.706;    88.447; 
 403;      .745;    25.711;    88.447; 
 404;      .743;    25.717;    88.447; 
 405;      .740;    25.723;    88.447; 
 406;      .740;    25.725;    88.447; 
 407;      .734;    25.740;    88.447; 
 408;      .724;    25.774;    88.447; 
 409;      .718;    25.799;    88.447; 
 410;      .716;    25.816;    88.447; 
 411;      .715;    25.815;    88.447; 
 412;      .715;    25.815;    88.447; 
 413;      .714;    25.820;    88.447; 
 414;      .712;    25.827;    88.447; 
 415;      .710;    25.830;    88.447; 
 416;      .706;    25.845;    88.447; 
 417;      .702;    25.858;    88.447; 
 418;      .699;    25.869;    88.447; 
 419;      .696;    25.878;    88.447; 
 420;      .695;    25.882;    88.447; 
 421;      .693;    25.888;    88.447; 
 422;      .688;    25.901;    88.447; 
 423;      .680;    25.931;    88.447; 
 424;      .679;    25.937;    88.447; 
 425;      .677;    25.942;    88.447; 
 426;      .676;    25.945;    88.447; 
 427;      .675;    25.950;    88.447; 
 428;      .673;    25.954;    88.447; 
 429;      .671;    25.960;    88.447; 
 430;      .668;    25.965;    88.447; 
 431;      .663;    25.978;    88.447; 
 432;      .659;    25.991;    88.447; 
 433;      .655;    26.000;    88.447; 
 434;      .647;    26.024;    88.447; 
 435;      .640;    26.055;    88.447; 
 436;      .638;    26.060;    88.447; 
 437;      .637;    26.063;    88.447; 
 438;      .636;    26.067;    88.447; 
 439;      .634;    26.073;    88.447; 
 440;      .631;    26.083;    88.447; 
 441;      .627;    26.095;    88.447; 
 442;      .624;    26.105;    88.447; 
 443;      .621;    26.113;    88.447; 
 444;      .618;    26.122;    88.447; 
 445;      .615;    26.131;    88.447; 
 446;      .612;    26.140;    88.447; 
 447;      .608;    26.152;    88.447; 
 448;      .603;    26.165;    88.447; 
 449;      .600;    26.177;    88.447; 
 450;      .595;    26.193;    88.447; 
 451;      .593;    26.200;    88.447; 
 452;      .590;    26.208;    88.447; 
 453;      .587;    26.218;    88.447; 
 454;      .583;    26.230;    88.447; 
 455;      .582;    26.233;    88.447; 
 456;      .579;    26.242;    88.447; 
 457;      .576;    26.252;    88.447; 
 458;      .574;    26.256;    88.447; 
 459;      .569;    26.269;    88.447; 
 460;      .565;    26.280;    88.447; 
 461;      .561;    26.293;    88.447; 
 462;      .558;    26.302;    88.447; 
 463;      .554;    26.314;    88.447; 
 464;      .552;    26.318;    88.447; 
 465;      .548;    26.329;    88.447; 
 466;      .543;    26.344;    88.447; 
 467;      .539;    26.356;    88.447; 
 468;      .536;    26.365;    88.447; 
 469;      .534;    26.372;    88.447; 
 470;      .531;    26.379;    88.447; 
 471;      .527;    26.390;    88.447; 
 472;      .526;    26.393;    88.447; 
 473;      .524;    26.397;    88.447; 
 474;      .517;    26.415;    88.447; 
 475;      .511;    26.431;    88.447; 
 476;      .507;    26.444;    88.447; 
 477;      .503;    26.453;    88.447; 
 478;      .502;    26.456;    88.447; 
 479;      .499;    26.464;    88.447; 
 480;      .495;    26.474;    88.447; 
 481;      .490;    26.488;    88.447; 
 482;      .485;    26.500;    88.447; 
 483;      .482;    26.510;    88.447; 
 484;      .480;    26.513;    88.447; 
 485;      .480;    26.514;    88.447; 
 486;      .474;    26.527;    88.447; 
 487;      .469;    26.540;    88.447; 
 488;      .462;    26.559;    88.447; 
 489;      .458;    26.568;    88.447; 
 490;      .455;    26.577;    88.447; 
 491;      .453;    26.583;    88.447; 
 492;      .449;    26.592;    88.447; 
 493;      .445;    26.602;    88.447; 
 494;      .441;    26.614;    88.447; 
 495;      .438;    26.622;    88.447; 
 496;      .435;    26.627;    88.447; 
 497;      .429;    26.643;    88.447; 
 498;      .424;    26.655;    88.447; 
 499;      .419;    26.669;    88.447; 
 500;      .417;    26.673;    88.447; 
 501;      .415;    26.678;    88.447; 
 502;      .411;    26.688;    88.447; 
 503;      .410;    26.691;    88.447; 
 504;      .404;    26.704;    88.447; 
 505;      .399;    26.715;    88.447; 
 506;      .395;    26.725;    88.447; 
 507;      .389;    26.741;    88.447; 
 508;      .385;    26.750;    88.447; 
 509;      .381;    26.760;    88.447; 
 510;      .377;    26.769;    88.447; 
 511;      .373;    26.781;    88.447; 
 512;      .371;    26.786;    88.447; 
 513;      .365;    26.799;    88.447; 
 514;      .362;    26.808;    88.447; 
 515;      .357;    26.821;    88.447; 
 516;      .355;    26.826;    88.447; 
 517;      .350;    26.837;    88.447; 
 518;      .348;    26.843;    88.447; 
 519;      .344;    26.850;    88.447; 
 520;      .342;    26.856;    88.447; 
 521;      .336;    26.870;    88.447; 
 522;      .330;    26.882;    88.447; 
 523;      .327;    26.889;    88.447; 
 524;      .324;    26.896;    88.447; 
 525;      .323;    26.898;    88.447; 
 526;      .321;    26.900;    88.447; 
 527;      .316;    26.909;    88.447; 
 528;      .303;    26.938;    88.447; 
 529;      .295;    26.958;    88.447; 
 530;      .291;    26.969;    88.447; 
 531;      .289;    26.975;    88.447; 
 532;      .284;    26.986;    88.447; 
 533;      .282;    26.990;    88.447; 
 534;      .279;    26.998;    88.447; 
 535;      .276;    27.004;    88.447; 
 536;      .274;    27.010;    88.447; 
 537;      .271;    27.014;    88.447; 
 538;      .269;    27.019;    88.447; 
 539;      .266;    27.024;    88.447; 
 540;      .262;    27.031;    88.447; 
 541;      .258;    27.037;    88.447; 
 542;      .256;    27.040;    88.447; 
 543;      .253;    27.045;    88.447; 
 544;      .248;    27.052;    88.447; 
 545;      .244;    27.058;    88.447; 
 546;      .240;    27.064;    88.447; 
 547;      .236;    27.070;    88.447; 
 548;      .234;    27.072;    88.447; 
 549;      .231;    27.075;    88.447; 
 550;      .227;    27.079;    88.447; 
 551;      .227;    27.079;    88.447; 
 552;      .226;    27.080;    88.447; 
 553;      .222;    27.083;    88.447; 
 554;      .220;    27.085;    88.447; 
 555;      .220;    27.085;    88.447; 
 556;      .215;    27.089;    88.447; 
 557;      .206;    27.095;    88.447; 
 558;      .206;    27.095;    88.447; 
 559;      .200;    27.100;    88.447; 
 560;      .198;    27.100;    88.447; 
 561;      .192;    27.104;    88.447; 
 562;      .193;    27.103;    88.447; 
 563;      .187;    27.106;    88.447; 
 564;      .183;    27.108;    88.447; 
 565;      .175;    27.112;    88.447; 
 566;      .164;    27.117;    88.447; 
 567;      .157;    27.120;    88.447; 
 568;      .156;    27.120;    88.447; 
 569;      .153;    27.121;    88.447; 
 570;      .153;    27.121;    88.447; 
 571;      .143;    27.124;    88.447; 
 572;      .131;    27.128;    88.447; 
 573;      .129;    27.129;    88.447; 
 574;      .123;    27.131;    88.447; 
 575;      .118;    27.132;    88.447; 
 576;      .116;    27.132;    88.447; 
 577;      .110;    27.133;    88.447; 
 578;      .107;    27.134;    88.447; 
 579;      .102;    27.134;    88.447; 
 580;      .098;    27.135;    88.447; 
 581;      .090;    27.136;    88.447; 
 582;      .087;    27.136;    88.447; 
 583;      .083;    27.136;    88.447; 
 584;      .075;    27.136;    88.447; 
 585;      .069;    27.136;    88.447; 
 586;      .061;    27.137;    88.447; 
 587;      .054;    27.137;    88.447; 
 588;      .045;    27.137;    88.447; 
 589;      .036;    27.137;    88.447; 
 590;      .024;    27.137;    88.447; 
 591;      .015;    27.137;    88.447; 
 592;      .008;    27.137;    88.447; 
 593;     -.001;    27.136;    88.447; 
 594;     -.009;    27.136;    88.447; 
 595;     -.017;    27.136;    88.447; 
 596;     -.028;    27.135;    88.447; 
 597;     -.039;    27.135;    88.447; 
 598;     -.055;    27.134;    88.447; 
 599;     -.069;    27.134;    88.447; 
 600;     -.079;    27.134;    88.447; 
 601;     -.094;    27.134;    88.447; 
 602;     -.111;    27.135;    88.447; 
 603;     -.121;    27.135;    88.447; 
 604;     -.126;    27.135;    88.447; 
 605;     -.135;    27.135;    88.447; 
 606;     -.144;    27.135;    88.447; 
 607;     -.148;    27.135;    88.447; 
 608;     -.152;    27.135;    88.447; 
 609;     -.162;    27.134;    88.447; 
 610;     -.176;    27.134;    88.447; 
 611;     -.206;    27.134;    88.447; 
 612;     -.214;    27.134;    88.447; 
 613;     -.221;    27.134;    88.447; 
 614;     -.227;    27.134;    88.447; 
 615;     -.231;    27.134;    88.447; 
 616;     -.238;    27.133;    88.447; 
 617;     -.249;    27.133;    88.447; 
 618;     -.267;    27.132;    88.447; 
 619;     -.282;    27.132;    88.447; 
 620;     -.300;    27.133;    88.447; 
 621;     -.309;    27.133;    88.447; 
 622;     -.315;    27.133;    88.447; 
 623;     -.320;    27.133;    88.447; 
 624;     -.327;    27.132;    88.447; 
 625;     -.345;    27.132;    88.447; 
 626;     -.361;    27.132;    88.447; 
 627;     -.371;    27.132;    88.447; 
 628;     -.377;    27.132;    88.447; 
 629;     -.383;    27.132;    88.447; 
 630;     -.393;    27.132;    88.447; 
 631;     -.407;    27.132;    88.447; 
 632;     -.419;    27.132;    88.447; 
 633;     -.428;    27.131;    88.447; 
 634;     -.437;    27.131;    88.447; 
 635;     -.442;    27.131;    88.447; 
 636;     -.445;    27.131;    88.447; 
 637;     -.449;    27.130;    88.447; 
 638;     -.450;    27.130;    88.447; 
 639;     -.453;    27.129;    88.447; 
 640;     -.461;    27.128;    88.447; 
 641;     -.467;    27.126;    88.447; 
 642;     -.479;    27.124;    88.447; 
 643;     -.488;    27.122;    88.447; 
 644;     -.495;    27.121;    88.447; 
 645;     -.500;    27.120;    88.447; 
 646;     -.505;    27.118;    88.447; 
 647;     -.507;    27.117;    88.447; 
 648;     -.510;    27.116;    88.447; 
 649;     -.514;    27.115;    88.447; 
 650;     -.518;    27.113;    88.447; 
 651;     -.520;    27.112;    88.447; 
 652;     -.523;    27.111;    88.447; 
 653;     -.526;    27.109;    88.447; 
 654;     -.529;    27.107;    88.447; 
 655;     -.534;    27.104;    88.447; 
 656;     -.534;    27.103;    88.447; 
 657;     -.536;    27.102;    88.447; 
 658;     -.538;    27.100;    88.447; 
 659;     -.541;    27.098;    88.447; 
 660;     -.544;    27.095;    88.447; 
 661;     -.552;    27.088;    88.447; 
 662;     -.557;    27.084;    88.447; 
 663;     -.564;    27.078;    88.447; 
 664;     -.571;    27.071;    88.447; 
 665;     -.580;    27.063;    88.447; 
 666;     -.586;    27.058;    88.447; 
 667;     -.588;    27.056;    88.447; 
 668;     -.590;    27.053;    88.447; 
 669;     -.594;    27.050;    88.447; 
 670;     -.593;    27.050;    88.447; 
 671;     -.596;    27.047;    88.447; 
 672;     -.594;    27.049;    88.447; 
 673;     -.598;    27.043;    88.447; 
 674;     -.600;    27.038;    88.447; 
 675;     -.603;    27.035;    88.447; 
 676;     -.606;    27.029;    88.447; 
 677;     -.611;    27.020;    88.447; 
 678;     -.618;    27.008;    88.447; 
 679;     -.622;    27.002;    88.447; 
 680;     -.624;    26.999;    88.447; 
 681;     -.625;    26.995;    88.447; 
 682;     -.629;    26.988;    88.447; 
 683;     -.631;    26.983;    88.447; 
 684;     -.631;    26.984;    88.447; 
 685;     -.636;    26.971;    88.447; 
 686;     -.640;    26.962;    88.447; 
 687;     -.641;    26.959;    88.447; 
 688;     -.641;    26.958;    88.447; 
 689;     -.649;    26.938;    88.447; 
 690;     -.656;    26.920;    88.447; 
 691;     -.664;    26.904;    88.447; 
 692;     -.666;    26.899;    88.447; 
 693;     -.668;    26.894;    88.447; 
 694;     -.670;    26.888;    88.447; 
 695;     -.674;    26.878;    88.447; 
 696;     -.676;    26.872;    88.447; 
 697;     -.679;    26.862;    88.447; 
 698;     -.682;    26.853;    88.447; 
 699;     -.689;    26.837;    88.447; 
 700;     -.693;    26.825;    88.447; 
 701;     -.696;    26.818;    88.447; 
 702;     -.698;    26.814;    88.447; 
 703;     -.704;    26.798;    88.447; 
 704;     -.710;    26.784;    88.447; 
 705;     -.714;    26.772;    88.447; 
 706;     -.717;    26.765;    88.447; 
 707;     -.724;    26.749;    88.447; 
 708;     -.730;    26.737;    88.447; 
 709;     -.731;    26.733;    88.447; 
 710;     -.733;    26.729;    88.447; 
 711;     -.735;    26.723;    88.447; 
 712;     -.739;    26.714;    88.447; 
 713;     -.744;    26.701;    88.447; 
 714;     -.744;    26.700;    88.447; 
 715;     -.751;    26.680;    88.447; 
 716;     -.755;    26.671;    88.447; 
 717;     -.761;    26.656;    88.447; 
 718;     -.762;    26.653;    88.447; 
 719;     -.766;    26.642;    88.447; 
 720;     -.768;    26.636;    88.447; 
 721;     -.773;    26.622;    88.447; 
 722;     -.778;    26.611;    88.447; 
 723;     -.779;    26.607;    88.447; 
 724;     -.785;    26.593;    88.447; 
 725;     -.787;    26.587;    88.447; 
 726;     -.792;    26.572;    88.447; 
 727;     -.795;    26.563;    88.447; 
 728;     -.799;    26.554;    88.447; 
 729;     -.802;    26.545;    88.447; 
 730;     -.807;    26.531;    88.447; 
 731;     -.812;    26.520;    88.447; 
 732;     -.815;    26.512;    88.447; 
 733;     -.818;    26.502;    88.447; 
 734;     -.822;    26.493;    88.447; 
 735;     -.825;    26.485;    88.447; 
 736;     -.828;    26.476;    88.447; 
 737;     -.832;    26.464;    88.447; 
 738;     -.836;    26.454;    88.447; 
 739;     -.840;    26.442;    88.447; 
 740;     -.841;    26.439;    88.447; 
 741;     -.846;    26.426;    88.447; 
 742;     -.849;    26.416;    88.447; 
 743;     -.852;    26.408;    88.447; 
 744;     -.855;    26.400;    88.447; 
 745;     -.858;    26.391;    88.447; 
 746;     -.862;    26.379;    88.447; 
 747;     -.864;    26.373;    88.447; 
 748;     -.865;    26.370;    88.447; 
 749;     -.871;    26.351;    88.447; 
 750;     -.879;    26.328;    88.447; 
 751;     -.882;    26.319;    88.447; 
 752;     -.885;    26.311;    88.447; 
 753;     -.890;    26.300;    88.447; 
 754;     -.894;    26.289;    88.447; 
 755;     -.896;    26.284;    88.447; 
 756;     -.898;    26.277;    88.447; 
 757;     -.900;    26.271;    88.447; 
 758;     -.904;    26.258;    88.447; 
 759;     -.909;    26.243;    88.447; 
 760;     -.912;    26.235;    88.447; 
 761;     -.914;    26.229;    88.447; 
 762;     -.917;    26.219;    88.447; 
 763;     -.922;    26.205;    88.447; 
 764;     -.925;    26.197;    88.447; 
 765;     -.928;    26.188;    88.447; 
 766;     -.932;    26.176;    88.447; 
 767;     -.935;    26.165;    88.447; 
 768;     -.938;    26.156;    88.447; 
 769;     -.941;    26.148;    88.447; 
 770;     -.945;    26.135;    88.447; 
 771;     -.947;    26.128;    88.447; 
 772;     -.952;    26.114;    88.447; 
 773;     -.955;    26.106;    88.447; 
 774;     -.959;    26.094;    88.447; 
 775;     -.961;    26.087;    88.447; 
 776;     -.965;    26.075;    88.447; 
 777;     -.967;    26.069;    88.447; 
 778;     -.969;    26.059;    88.447; 
 779;     -.973;    26.049;    88.447; 
 780;     -.976;    26.039;    88.447; 
 781;     -.979;    26.029;    88.447; 
 782;     -.983;    26.016;    88.447; 
 783;     -.985;    26.009;    88.447; 
 784;     -.988;    25.999;    88.447; 
 785;     -.991;    25.988;    88.447; 
 786;     -.995;    25.976;    88.447; 
 787;     -.998;    25.965;    88.447; 
 788;    -1.001;    25.954;    88.447; 
 789;    -1.003;    25.948;    88.447; 
 790;    -1.006;    25.937;    88.447; 
 791;    -1.006;    25.936;    88.447; 
 792;    -1.010;    25.921;    88.447; 
 793;    -1.014;    25.909;    88.447; 
 794;    -1.016;    25.899;    88.447; 
 795;    -1.019;    25.889;    88.447; 
 796;    -1.023;    25.877;    88.447; 
 797;    -1.028;    25.859;    88.447; 
 798;    -1.033;    25.845;    88.447; 
 799;    -1.036;    25.836;    88.447; 
 800;    -1.037;    25.832;    88.447; 
 801;    -1.039;    25.826;    88.447; 
 802;    -1.041;    25.820;    88.447; 
 803;    -1.044;    25.806;    88.447; 
 804;    -1.047;    25.795;    88.447; 
 805;    -1.050;    25.785;    88.447; 
 806;    -1.054;    25.773;    88.447; 
 807;    -1.055;    25.768;    88.447; 
 808;    -1.057;    25.762;    88.447; 
 809;    -1.058;    25.754;    88.447; 
 810;    -1.062;    25.738;    88.447; 
 811;    -1.067;    25.723;    88.447; 
 812;    -1.069;    25.716;    88.447; 
 813;    -1.070;    25.708;    88.447; 
 814;    -1.074;    25.696;    88.447; 
 815;    -1.076;    25.688;    88.447; 
 816;    -1.078;    25.679;    88.447; 
 817;    -1.081;    25.667;    88.447; 
 818;    -1.085;    25.653;    88.447; 
 819;    -1.088;    25.640;    88.447; 
 820;    -1.092;    25.627;    88.447; 
 821;    -1.095;    25.618;    88.447; 
 822;    -1.096;    25.614;    88.447; 
 823;    -1.098;    25.604;    88.447; 
 824;    -1.099;    25.599;    88.447; 
 825;    -1.101;    25.591;    88.447; 
 826;    -1.104;    25.578;    88.447; 
 827;    -1.109;    25.560;    88.447; 
 828;    -1.112;    25.547;    88.447; 
 829;    -1.114;    25.541;    88.447; 
 830;    -1.114;    25.539;    88.447; 
 831;    -1.115;    25.532;    88.447; 
 832;    -1.116;    25.529;    88.447; 
 833;    -1.118;    25.516;    88.447; 
 834;    -1.121;    25.501;    88.447; 
 835;    -1.123;    25.490;    88.447; 
 836;    -1.125;    25.479;    88.447; 
 837;    -1.128;    25.468;    88.447; 
 838;    -1.132;    25.451;    88.447; 
 839;    -1.134;    25.441;    88.447; 
 840;    -1.138;    25.424;    88.447; 
 841;    -1.139;    25.421;    88.447; 
 842;    -1.141;    25.412;    88.447; 
 843;    -1.142;    25.408;    88.447; 
 844;    -1.143;    25.400;    88.447; 
 845;    -1.144;    25.393;    88.447; 
 846;    -1.148;    25.375;    88.447; 
 847;    -1.149;    25.371;    88.447; 
 848;    -1.151;    25.359;    88.447; 
 849;    -1.152;    25.351;    88.447; 
 850;    -1.156;    25.333;    88.447; 
 851;    -1.157;    25.329;    88.447; 
 852;    -1.157;    25.324;    88.447; 
 853;    -1.159;    25.314;    88.447; 
 854;    -1.165;    25.287;    88.447; 
 855;    -1.171;    25.267;    88.447; 
 856;    -1.171;    25.266;    88.447; 
 857;    -1.173;    25.258;    88.447; 
 858;    -1.174;    25.251;    88.447; 
 859;    -1.175;    25.245;    88.447; 
 860;    -1.176;    25.240;    88.447; 
 861;    -1.177;    25.236;    88.447; 
 862;    -1.178;    25.229;    88.447; 
 863;    -1.178;    25.223;    88.447; 
 864;    -1.179;    25.215;    88.447; 
 865;    -1.181;    25.199;    88.447; 
 866;    -1.185;    25.178;    88.447; 
 867;    -1.187;    25.164;    88.447; 
 868;    -1.189;    25.153;    88.447; 
 869;    -1.191;    25.147;    88.447; 
 870;    -1.192;    25.139;    88.447; 
 871;    -1.193;    25.132;    88.447; 
 872;    -1.196;    25.113;    88.447; 
 873;    -1.203;    25.083;    88.447; 
 874;    -1.207;    25.069;    88.447; 
 875;    -1.210;    25.061;    88.447; 
 876;    -1.210;    25.060;    88.447; 
 877;    -1.212;    25.052;    88.447; 
 878;    -1.215;    25.038;    88.447; 
 879;    -1.232;    24.992;    88.447; 
 880;    -1.259;    24.944;    88.447; 
 881;    -1.275;    24.922;    88.447; 
 882;    -1.346;    24.859;    88.447; 
 883;    -1.435;    24.823;    88.447; 
 884;    -1.469;    24.818;    88.447; 
 885;    -1.483;    24.816;    88.447; 
 886;    -1.498;    24.815;    88.447; 
 887;    -1.516;    24.813;    88.447; 
 888;    -1.531;    24.813;    88.447; 
 889;    -1.539;    24.812;    88.447; 
 890;    -1.544;    24.812;    88.447; 
 891;    -1.553;    24.811;    88.447; 
 892;    -1.564;    24.810;    88.447; 
 893;    -1.575;    24.809;    88.447; 
 894;    -1.585;    24.808;    88.447; 
 895;    -1.591;    24.808;    88.447; 
 896;    -1.598;    24.807;    88.447; 
 897;    -1.611;    24.806;    88.447; 
 898;    -1.633;    24.804;    88.447; 
 899;    -1.652;    24.804;    88.447; 
 900;    -1.656;    24.803;    88.447; 
 901;    -1.659;    24.803;    88.447; 
 902;    -1.661;    24.803;    88.447; 
 903;    -1.673;    24.801;    88.447; 
 904;    -1.701;    24.800;    88.447; 
 905;    -1.720;    24.799;    88.447; 
 906;    -1.728;    24.799;    88.447; 
 907;    -1.732;    24.799;    88.447; 
 908;    -1.736;    24.798;    88.447; 
 909;    -1.740;    24.798;    88.447; 
 910;    -1.753;    24.797;    88.447; 
 911;    -1.762;    24.796;    88.447; 
 912;    -1.779;    24.795;    88.447; 
 913;    -1.792;    24.794;    88.447; 
 914;    -1.801;    24.794;    88.447; 
 915;    -1.816;    24.793;    88.447; 
 916;    -1.829;    24.793;    88.447; 
 917;    -1.840;    24.792;    88.447; 
 918;    -1.864;    24.793;    88.447; 
 919;    -1.939;    24.806;    88.447; 
 920;    -2.054;    24.879;    88.447; 
 921;    -2.094;    24.933;    88.447; 
 922;    -2.097;    24.939;    88.447; 
 923;    -2.105;    24.952;    88.447; 
 924;    -2.110;    24.960;    88.447; 
 925;    -2.125;    24.991;    88.447; 
 926;    -2.138;    25.023;    88.447; 
 927;    -2.143;    25.038;    88.447; 
 928;    -2.147;    25.051;    88.447; 
 929;    -2.149;    25.058;    88.447; 
 930;    -2.152;    25.067;    88.447; 
 931;    -2.154;    25.073;    88.447; 
 932;    -2.158;    25.084;    88.447; 
 933;    -2.163;    25.099;    88.447; 
 934;    -2.167;    25.112;    88.447; 
 935;    -2.172;    25.127;    88.447; 
 936;    -2.173;    25.132;    88.447; 
 937;    -2.174;    25.134;    88.447; 
 938;    -2.177;    25.142;    88.447; 
 939;    -2.179;    25.147;    88.447; 
 940;    -2.185;    25.165;    88.447; 
 941;    -2.190;    25.179;    88.447; 
 942;    -2.195;    25.198;    88.447; 
 943;    -2.197;    25.202;    88.447; 
 944;    -2.199;    25.210;    88.447; 
 945;    -2.200;    25.212;    88.447; 
 946;    -2.202;    25.216;    88.447; 
 947;    -2.205;    25.224;    88.447; 
 948;    -2.209;    25.236;    88.447; 
 949;    -2.213;    25.244;    88.447; 
 950;    -2.218;    25.257;    88.447; 
 951;    -2.224;    25.275;    88.447; 
 952;    -2.227;    25.284;    88.447; 
 953;    -2.231;    25.297;    88.447; 
 954;    -2.235;    25.311;    88.447; 
 955;    -2.237;    25.316;    88.447; 
 956;    -2.240;    25.327;    88.447; 
 957;    -2.243;    25.333;    88.447; 
 958;    -2.245;    25.341;    88.447; 
 959;    -2.246;    25.343;    88.447; 
 960;    -2.249;    25.349;    88.447; 
 961;    -2.252;    25.357;    88.447; 
 962;    -2.256;    25.365;    88.447; 
 963;    -2.259;    25.373;    88.447; 
 964;    -2.265;    25.388;    88.447; 
 965;    -2.271;    25.403;    88.447; 
 966;    -2.275;    25.414;    88.447; 
 967;    -2.280;    25.429;    88.447; 
 968;    -2.284;    25.439;    88.447; 
 969;    -2.286;    25.447;    88.447; 
 970;    -2.289;    25.453;    88.447; 
 971;    -2.290;    25.455;    88.447; 
 972;    -2.294;    25.465;    88.447; 
 973;    -2.299;    25.476;    88.447; 
 974;    -2.304;    25.489;    88.447; 
 975;    -2.306;    25.493;    88.447; 
 976;    -2.313;    25.510;    88.447; 
 977;    -2.318;    25.523;    88.447; 
 978;    -2.324;    25.541;    88.447; 
 979;    -2.327;    25.548;    88.447; 
 980;    -2.329;    25.554;    88.447; 
 981;    -2.333;    25.564;    88.447; 
 982;    -2.336;    25.571;    88.447; 
 983;    -2.339;    25.581;    88.447; 
 984;    -2.341;    25.586;    88.447; 
 985;    -2.346;    25.597;    88.447; 
 986;    -2.349;    25.605;    88.447; 
 987;    -2.351;    25.609;    88.447; 
 988;    -2.356;    25.621;    88.447; 
 989;    -2.361;    25.632;    88.447; 
 990;    -2.365;    25.642;    88.447; 
 991;    -2.368;    25.649;    88.447; 
 992;    -2.373;    25.660;    88.447; 
 993;    -2.377;    25.668;    88.447; 
 994;    -2.379;    25.672;    88.447; 
 995;    -2.384;    25.683;    88.447; 
 996;    -2.389;    25.695;    88.447; 
 997;    -2.397;    25.715;    88.447; 
 998;    -2.402;    25.727;    88.447; 
 999;    -2.406;    25.737;    88.447; 
1000;    -2.408;    25.743;    88.447; 
1001;    -2.411;    25.750;    88.447; 
1002;    -2.414;    25.757;    88.447; 
1003;    -2.418;    25.766;    88.447; 
1004;    -2.424;    25.781;    88.447; 
1005;    -2.427;    25.785;    88.447; 
1006;    -2.430;    25.793;    88.447; 
1007;    -2.435;    25.803;    88.447; 
1008;    -2.439;    25.813;    88.447; 
1009;    -2.442;    25.820;    88.447; 
1010;    -2.447;    25.831;    88.447; 
1011;    -2.450;    25.839;    88.447; 
1012;    -2.455;    25.847;    88.447; 
1013;    -2.458;    25.854;    88.447; 
1014;    -2.462;    25.863;    88.447; 
1015;    -2.469;    25.877;    88.447; 
1016;    -2.473;    25.886;    88.447; 
1017;    -2.479;    25.899;    88.447; 
1018;    -2.484;    25.911;    88.447; 
1019;    -2.486;    25.916;    88.447; 
1020;    -2.491;    25.925;    88.447; 
1021;    -2.495;    25.933;    88.447; 
1022;    -2.498;    25.940;    88.447; 
1023;    -2.500;    25.945;    88.447; 
1024;    -2.506;    25.955;    88.447; 
1025;    -2.511;    25.967;    88.447; 
1026;    -2.518;    25.981;    88.447; 
1027;    -2.522;    25.989;    88.447; 
1028;    -2.528;    26.001;    88.447; 
1029;    -2.532;    26.009;    88.447; 
1030;    -2.537;    26.020;    88.447; 
1031;    -2.540;    26.026;    88.447; 
1032;    -2.544;    26.034;    88.447; 
1033;    -2.550;    26.047;    88.447; 
1034;    -2.555;    26.056;    88.447; 
1035;    -2.560;    26.066;    88.447; 
1036;    -2.563;    26.074;    88.447; 
1037;    -2.567;    26.081;    88.447; 
1038;    -2.570;    26.087;    88.447; 
1039;    -2.575;    26.096;    88.447; 
1040;    -2.585;    26.116;    88.447; 
1041;    -2.590;    26.126;    88.447; 
1042;    -2.593;    26.132;    88.447; 
1043;    -2.594;    26.134;    88.447; 
1044;    -2.600;    26.146;    88.447; 
1045;    -2.605;    26.156;    88.447; 
1046;    -2.612;    26.169;    88.447; 
1047;    -2.615;    26.177;    88.447; 
1048;    -2.619;    26.184;    88.447; 
1049;    -2.625;    26.196;    88.447; 
1050;    -2.630;    26.205;    88.447; 
1051;    -2.635;    26.216;    88.447; 
1052;    -2.637;    26.220;    88.447; 
1053;    -2.643;    26.231;    88.447; 
1054;    -2.647;    26.238;    88.447; 
1055;    -2.652;    26.248;    88.447; 
1056;    -2.657;    26.257;    88.447; 
1057;    -2.661;    26.265;    88.447; 
1058;    -2.666;    26.273;    88.447; 
1059;    -2.672;    26.284;    88.447; 
1060;    -2.679;    26.298;    88.447; 
1061;    -2.684;    26.307;    88.447; 
1062;    -2.688;    26.315;    88.447; 
1063;    -2.689;    26.317;    88.447; 
1064;    -2.695;    26.327;    88.447; 
1065;    -2.700;    26.338;    88.447; 
1066;    -2.705;    26.345;    88.447; 
1067;    -2.712;    26.360;    88.447; 
1068;    -2.719;    26.373;    88.447; 
1069;    -2.724;    26.383;    88.447; 
1070;    -2.729;    26.391;    88.447; 
1071;    -2.732;    26.397;    88.447; 
1072;    -2.735;    26.403;    88.447; 
1073;    -2.739;    26.410;    88.447; 
1074;    -2.741;    26.413;    88.447; 
1075;    -2.749;    26.427;    88.447; 
1076;    -2.753;    26.435;    88.447; 
1077;    -2.761;    26.449;    88.447; 
1078;    -2.767;    26.461;    88.447; 
1079;    -2.770;    26.465;    88.447; 
1080;    -2.773;    26.470;    88.447; 
1081;    -2.778;    26.478;    88.447; 
1082;    -2.782;    26.486;    88.447; 
1083;    -2.787;    26.494;    88.447; 
1084;    -2.792;    26.503;    88.447; 
1085;    -2.808;    26.533;    88.447; 
1086;    -2.814;    26.545;    88.447; 
1087;    -2.817;    26.551;    88.447; 
1088;    -2.820;    26.557;    88.447; 
1089;    -2.823;    26.563;    88.447; 
1090;    -2.825;    26.566;    88.447; 
1091;    -2.831;    26.576;    88.447; 
1092;    -2.835;    26.584;    88.447; 
1093;    -2.840;    26.593;    88.447; 
1094;    -2.844;    26.601;    88.447; 
1095;    -2.849;    26.608;    88.447; 
1096;    -2.853;    26.616;    88.447; 
1097;    -2.858;    26.624;    88.447; 
1098;    -2.864;    26.634;    88.447; 
1099;    -2.870;    26.643;    88.447; 
1100;    -2.878;    26.659;    88.447; 
1101;    -2.882;    26.666;    88.447; 
1102;    -2.889;    26.678;    88.447; 
1103;    -2.893;    26.687;    88.447; 
1104;    -2.898;    26.695;    88.447; 
1105;    -2.904;    26.706;    88.447; 
1106;    -2.907;    26.711;    88.447; 
1107;    -2.913;    26.722;    88.447; 
1108;    -2.918;    26.731;    88.447; 
1109;    -2.921;    26.736;    88.447; 
1110;    -2.926;    26.744;    88.447; 
1111;    -2.927;    26.746;    88.447; 
1112;    -2.932;    26.753;    88.447; 
1113;    -2.935;    26.757;    88.447; 
1114;    -2.938;    26.761;    88.447; 
1115;    -2.938;    26.761;    88.447; 
1116;    -2.951;    26.778;    88.447; 
1117;    -2.974;    26.817;    88.447; 
1118;    -2.982;    26.832;    88.447; 
1119;    -2.984;    26.836;    88.447; 
1120;    -2.985;    26.838;    88.447; 
1121;    -2.990;    26.847;    88.447; 
1122;    -2.990;    26.847;    88.447; 
1123;    -2.991;    26.847;    88.447; 
1124;    -2.996;    26.854;    88.447; 
1125;    -2.996;    26.854;    88.447; 
1126;    -3.000;    26.859;    88.447; 
1127;    -3.002;    26.861;    88.447; 
1128;    -3.005;    26.864;    88.447; 
1129;    -3.006;    26.865;    88.447; 
1130;    -3.007;    26.865;    88.447; 
1131;    -3.010;    26.868;    88.447; 
1132;    -3.013;    26.870;    88.447; 
1133;    -3.014;    26.871;    88.447; 
1134;    -3.023;    26.878;    88.447; 
1135;    -3.032;    26.885;    88.447; 
1136;    -3.044;    26.895;    88.447; 
1137;    -3.055;    26.904;    88.447; 
1138;    -3.062;    26.910;    88.447; 
1139;    -3.064;    26.911;    88.447; 
1140;    -3.068;    26.914;    88.447; 
1141;    -3.071;    26.916;    88.447; 
1142;    -3.077;    26.919;    88.447; 
1143;    -3.082;    26.922;    88.447; 
1144;    -3.083;    26.923;    88.447; 
1145;    -3.086;    26.924;    88.447; 
1146;    -3.089;    26.926;    88.447; 
1147;    -3.086;    26.924;    88.447; 
1148;    -3.089;    26.925;    88.447; 
1149;    -3.088;    26.924;    88.447; 
1150;    -3.089;    26.924;    88.447; 
1151;    -3.096;    26.926;    88.447; 
1152;    -3.103;    26.928;    88.447; 
1153;    -3.108;    26.929;    88.447; 
1154;    -3.121;    26.932;    88.447; 
1155;    -3.127;    26.933;    88.447; 
1156;    -3.135;    26.934;    88.447; 
1157;    -3.138;    26.935;    88.447; 
1158;    -3.138;    26.934;    88.447; 
1159;    -3.139;    26.934;    88.447; 
1160;    -3.142;    26.934;    88.447; 
1161;    -3.142;    26.934;    88.447; 
1162;    -3.152;    26.934;    88.447; 
1163;    -3.158;    26.934;    88.447; 
1164;    -3.158;    26.934;    88.447; 
1165;    -3.171;    26.933;    88.447; 
1166;    -3.189;    26.932;    88.447; 
1167;    -3.206;    26.932;    88.447; 
1168;    -3.210;    26.932;    88.447; 
1169;    -3.215;    26.932;    88.447; 
1170;    -3.217;    26.932;    88.447; 
1171;    -3.224;    26.931;    88.447; 
1172;    -3.234;    26.930;    88.447; 
1173;    -3.246;    26.929;    88.447; 
1174;    -3.261;    26.928;    88.447; 
1175;    -3.270;    26.927;    88.447; 
1176;    -3.274;    26.926;    88.447; 
1177;    -3.279;    26.926;    88.447; 
1178;    -3.288;    26.925;    88.447; 
1179;    -3.297;    26.923;    88.447; 
1180;    -3.306;    26.922;    88.447; 
1181;    -3.318;    26.920;    88.447; 
1182;    -3.327;    26.919;    88.447; 
1183;    -3.339;    26.917;    88.447; 
1184;    -3.349;    26.916;    88.447; 
1185;    -3.363;    26.914;    88.447; 
1186;    -3.373;    26.913;    88.447; 
1187;    -3.390;    26.911;    88.447; 
1188;    -3.398;    26.910;    88.447; 
1189;    -3.406;    26.909;    88.447; 
1190;    -3.413;    26.908;    88.447; 
1191;    -3.422;    26.907;    88.447; 
1192;    -3.430;    26.906;    88.447; 
1193;    -3.439;    26.904;    88.447; 
1194;    -3.451;    26.903;    88.447; 
1195;    -3.464;    26.901;    88.447; 
1196;    -3.477;    26.899;    88.447; 
1197;    -3.487;    26.898;    88.447; 
1198;    -3.498;    26.896;    88.447; 
1199;    -3.506;    26.895;    88.447; 
1200;    -3.516;    26.894;    88.447; 
1201;    -3.529;    26.892;    88.447; 
1202;    -3.538;    26.891;    88.447; 
1203;    -3.548;    26.890;    88.447; 
1204;    -3.560;    26.888;    88.447; 
1205;    -3.570;    26.887;    88.447; 
1206;    -3.582;    26.885;    88.447; 
1207;    -3.592;    26.884;    88.447; 
1208;    -3.603;    26.883;    88.447; 
1209;    -3.613;    26.881;    88.447; 
1210;    -3.623;    26.880;    88.447; 
1211;    -3.635;    26.878;    88.447; 
1212;    -3.645;    26.877;    88.447; 
1213;    -3.656;    26.876;    88.447; 
1214;    -3.666;    26.874;    88.447; 
1215;    -3.676;    26.873;    88.447; 
1216;    -3.685;    26.872;    88.447; 
1217;    -3.693;    26.871;    88.447; 
1218;    -3.701;    26.870;    88.447; 
1219;    -3.709;    26.868;    88.447; 
1220;    -3.713;    26.867;    88.447; 
1221;    -3.720;    26.866;    88.447; 
1222;    -3.720;    26.865;    88.447; 
