[A]
   1;     3.067;    26.991;    88.446; 
   2;     3.057;    26.993;    88.446; 
   3;     3.042;    26.994;    88.446; 
   4;     3.030;    26.996;    88.446; 
   5;     3.022;    26.997;    88.446; 
   6;     3.019;    26.997;    88.446; 
   7;     3.009;    26.998;    88.446; 
   8;     3.000;    26.999;    88.446; 
   9;     2.990;    26.999;    88.446; 
  10;     2.980;    27.000;    88.446; 
  11;     2.964;    27.002;    88.446; 
  12;     2.946;    27.004;    88.446; 
  13;     2.933;    27.006;    88.446; 
  14;     2.928;    27.006;    88.446; 
  15;     2.921;    27.007;    88.446; 
  16;     2.913;    27.008;    88.446; 
  17;     2.902;    27.009;    88.446; 
  18;     2.885;    27.011;    88.446; 
  19;     2.871;    27.013;    88.446; 
  20;     2.858;    27.015;    88.446; 
  21;     2.850;    27.016;    88.446; 
  22;     2.839;    27.018;    88.446; 
  23;     2.830;    27.019;    88.446; 
  24;     2.820;    27.020;    88.446; 
  25;     2.813;    27.021;    88.446; 
  26;     2.807;    27.021;    88.446; 
  27;     2.801;    27.022;    88.446; 
  28;     2.797;    27.022;    88.446; 
  29;     2.791;    27.022;    88.446; 
  30;     2.786;    27.022;    88.446; 
  31;     2.782;    27.022;    88.446; 
  32;     2.776;    27.022;    88.446; 
  33;     2.771;    27.021;    88.446; 
  34;     2.765;    27.021;    88.446; 
  35;     2.761;    27.020;    88.446; 
  36;     2.753;    27.019;    88.446; 
  37;     2.749;    27.019;    88.446; 
  38;     2.742;    27.018;    88.446; 
  39;     2.739;    27.017;    88.446; 
  40;     2.734;    27.016;    88.446; 
  41;     2.730;    27.015;    88.446; 
  42;     2.725;    27.013;    88.446; 
  43;     2.721;    27.012;    88.446; 
  44;     2.717;    27.010;    88.446; 
  45;     2.712;    27.009;    88.446; 
  46;     2.708;    27.007;    88.446; 
  47;     2.704;    27.005;    88.446; 
  48;     2.703;    27.005;    88.446; 
  49;     2.696;    27.001;    88.446; 
  50;     2.694;    27.000;    88.446; 
  51;     2.692;    26.998;    88.446; 
  52;     2.688;    26.996;    88.446; 
  53;     2.688;    26.996;    88.446; 
  54;     2.683;    26.992;    88.446; 
  55;     2.680;    26.990;    88.446; 
  56;     2.679;    26.989;    88.446; 
  57;     2.677;    26.987;    88.446; 
  58;     2.676;    26.986;    88.446; 
  59;     2.664;    26.975;    88.446; 
  60;     2.655;    26.968;    88.446; 
  61;     2.642;    26.957;    88.446; 
  62;     2.635;    26.951;    88.446; 
  63;     2.634;    26.950;    88.446; 
  64;     2.630;    26.946;    88.446; 
  65;     2.627;    26.943;    88.446; 
  66;     2.625;    26.941;    88.446; 
  67;     2.621;    26.937;    88.446; 
  68;     2.618;    26.932;    88.446; 
  69;     2.615;    26.929;    88.446; 
  70;     2.611;    26.923;    88.446; 
  71;     2.613;    26.926;    88.446; 
  72;     2.608;    26.917;    88.446; 
  73;     2.605;    26.912;    88.446; 
  74;     2.602;    26.907;    88.446; 
  75;     2.600;    26.903;    88.446; 
  76;     2.598;    26.901;    88.446; 
  77;     2.593;    26.891;    88.446; 
  78;     2.586;    26.878;    88.446; 
  79;     2.576;    26.859;    88.446; 
  80;     2.570;    26.849;    88.446; 
  81;     2.566;    26.843;    88.446; 
  82;     2.564;    26.840;    88.446; 
  83;     2.557;    26.828;    88.446; 
  84;     2.553;    26.820;    88.446; 
  85;     2.548;    26.811;    88.446; 
  86;     2.544;    26.804;    88.446; 
  87;     2.540;    26.796;    88.446; 
  88;     2.536;    26.789;    88.446; 
  89;     2.532;    26.782;    88.446; 
  90;     2.528;    26.772;    88.446; 
  91;     2.522;    26.762;    88.446; 
  92;     2.516;    26.750;    88.446; 
  93;     2.509;    26.738;    88.446; 
  94;     2.504;    26.728;    88.446; 
  95;     2.499;    26.720;    88.446; 
  96;     2.496;    26.714;    88.446; 
  97;     2.487;    26.698;    88.446; 
  98;     2.485;    26.694;    88.446; 
  99;     2.480;    26.685;    88.446; 
 100;     2.475;    26.676;    88.446; 
 101;     2.472;    26.669;    88.446; 
 102;     2.467;    26.660;    88.446; 
 103;     2.460;    26.647;    88.446; 
 104;     2.453;    26.634;    88.446; 
 105;     2.447;    26.624;    88.446; 
 106;     2.441;    26.613;    88.446; 
 107;     2.437;    26.606;    88.446; 
 108;     2.436;    26.603;    88.446; 
 109;     2.431;    26.594;    88.446; 
 110;     2.426;    26.584;    88.446; 
 111;     2.423;    26.577;    88.446; 
 112;     2.414;    26.561;    88.446; 
 113;     2.409;    26.552;    88.446; 
 114;     2.405;    26.544;    88.446; 
 115;     2.400;    26.534;    88.446; 
 116;     2.394;    26.523;    88.446; 
 117;     2.390;    26.515;    88.446; 
 118;     2.387;    26.511;    88.446; 
 119;     2.382;    26.500;    88.446; 
 120;     2.378;    26.492;    88.446; 
 121;     2.375;    26.486;    88.446; 
 122;     2.368;    26.472;    88.446; 
 123;     2.363;    26.463;    88.446; 
 124;     2.359;    26.455;    88.446; 
 125;     2.355;    26.446;    88.446; 
 126;     2.350;    26.437;    88.446; 
 127;     2.346;    26.429;    88.446; 
 128;     2.340;    26.417;    88.446; 
 129;     2.333;    26.404;    88.446; 
 130;     2.329;    26.396;    88.446; 
 131;     2.323;    26.384;    88.446; 
 132;     2.316;    26.372;    88.446; 
 133;     2.313;    26.367;    88.446; 
 134;     2.311;    26.362;    88.446; 
 135;     2.306;    26.352;    88.446; 
 136;     2.302;    26.344;    88.446; 
 137;     2.298;    26.335;    88.446; 
 138;     2.292;    26.324;    88.446; 
 139;     2.286;    26.313;    88.446; 
 140;     2.280;    26.301;    88.446; 
 141;     2.276;    26.293;    88.446; 
 142;     2.271;    26.283;    88.446; 
 143;     2.268;    26.278;    88.446; 
 144;     2.264;    26.269;    88.446; 
 145;     2.257;    26.257;    88.446; 
 146;     2.255;    26.251;    88.446; 
 147;     2.249;    26.239;    88.446; 
 148;     2.247;    26.236;    88.446; 
 149;     2.243;    26.226;    88.446; 
 150;     2.239;    26.219;    88.446; 
 151;     2.237;    26.213;    88.446; 
 152;     2.233;    26.204;    88.446; 
 153;     2.224;    26.186;    88.446; 
 154;     2.221;    26.178;    88.446; 
 155;     2.216;    26.168;    88.446; 
 156;     2.213;    26.162;    88.446; 
 157;     2.206;    26.147;    88.446; 
 158;     2.198;    26.131;    88.446; 
 159;     2.192;    26.120;    88.446; 
 160;     2.188;    26.111;    88.446; 
 161;     2.187;    26.108;    88.446; 
 162;     2.183;    26.101;    88.446; 
 163;     2.181;    26.095;    88.446; 
 164;     2.179;    26.091;    88.446; 
 165;     2.172;    26.075;    88.446; 
 166;     2.165;    26.060;    88.446; 
 167;     2.160;    26.049;    88.446; 
 168;     2.155;    26.040;    88.446; 
 169;     2.152;    26.032;    88.446; 
 170;     2.148;    26.024;    88.446; 
 171;     2.144;    26.016;    88.446; 
 172;     2.141;    26.008;    88.446; 
 173;     2.137;    26.001;    88.446; 
 174;     2.133;    25.990;    88.446; 
 175;     2.131;    25.987;    88.446; 
 176;     2.128;    25.979;    88.446; 
 177;     2.127;    25.976;    88.446; 
 178;     2.124;    25.968;    88.446; 
 179;     2.120;    25.956;    88.446; 
 180;     2.110;    25.932;    88.446; 
 181;     2.103;    25.919;    88.446; 
 182;     2.100;    25.912;    88.446; 
 183;     2.097;    25.904;    88.446; 
 184;     2.094;    25.896;    88.446; 
 185;     2.090;    25.887;    88.446; 
 186;     2.086;    25.878;    88.446; 
 187;     2.079;    25.863;    88.446; 
 188;     2.075;    25.854;    88.446; 
 189;     2.074;    25.851;    88.446; 
 190;     2.071;    25.844;    88.446; 
 191;     2.068;    25.836;    88.446; 
 192;     2.060;    25.816;    88.446; 
 193;     2.051;    25.799;    88.446; 
 194;     2.048;    25.792;    88.446; 
 195;     2.045;    25.786;    88.446; 
 196;     2.044;    25.782;    88.446; 
 197;     2.039;    25.770;    88.446; 
 198;     2.038;    25.768;    88.446; 
 199;     2.034;    25.758;    88.446; 
 200;     2.028;    25.744;    88.446; 
 201;     2.023;    25.732;    88.446; 
 202;     2.020;    25.724;    88.446; 
 203;     2.016;    25.714;    88.446; 
 204;     2.013;    25.706;    88.446; 
 205;     2.009;    25.698;    88.446; 
 206;     2.005;    25.687;    88.446; 
 207;     2.002;    25.679;    88.446; 
 208;     1.999;    25.671;    88.446; 
 209;     1.994;    25.658;    88.446; 
 210;     1.990;    25.648;    88.446; 
 211;     1.985;    25.637;    88.446; 
 212;     1.983;    25.632;    88.446; 
 213;     1.978;    25.618;    88.446; 
 214;     1.976;    25.613;    88.446; 
 215;     1.972;    25.602;    88.446; 
 216;     1.968;    25.592;    88.446; 
 217;     1.962;    25.578;    88.446; 
 218;     1.963;    25.577;    88.446; 
 219;     1.961;    25.571;    88.446; 
 220;     1.960;    25.569;    88.446; 
 221;     1.955;    25.553;    88.446; 
 222;     1.947;    25.533;    88.446; 
 223;     1.939;    25.513;    88.446; 
 224;     1.936;    25.505;    88.446; 
 225;     1.934;    25.501;    88.446; 
 226;     1.932;    25.495;    88.446; 
 227;     1.929;    25.486;    88.446; 
 228;     1.926;    25.479;    88.446; 
 229;     1.924;    25.472;    88.446; 
 230;     1.921;    25.464;    88.446; 
 231;     1.917;    25.452;    88.446; 
 232;     1.911;    25.435;    88.446; 
 233;     1.906;    25.423;    88.446; 
 234;     1.903;    25.414;    88.446; 
 235;     1.901;    25.409;    88.446; 
 236;     1.897;    25.399;    88.446; 
 237;     1.894;    25.388;    88.446; 
 238;     1.889;    25.376;    88.446; 
 239;     1.886;    25.368;    88.446; 
 240;     1.883;    25.358;    88.446; 
 241;     1.883;    25.357;    88.446; 
 242;     1.882;    25.356;    88.446; 
 243;     1.881;    25.351;    88.446; 
 244;     1.878;    25.338;    88.446; 
 245;     1.869;    25.310;    88.446; 
 246;     1.862;    25.291;    88.446; 
 247;     1.860;    25.286;    88.446; 
 248;     1.857;    25.279;    88.446; 
 249;     1.854;    25.271;    88.446; 
 250;     1.852;    25.264;    88.446; 
 251;     1.849;    25.254;    88.446; 
 252;     1.845;    25.243;    88.446; 
 253;     1.842;    25.233;    88.446; 
 254;     1.840;    25.226;    88.446; 
 255;     1.837;    25.218;    88.446; 
 256;     1.835;    25.209;    88.446; 
 257;     1.832;    25.199;    88.446; 
 258;     1.829;    25.191;    88.446; 
 259;     1.825;    25.180;    88.446; 
 260;     1.822;    25.168;    88.446; 
 261;     1.818;    25.156;    88.446; 
 262;     1.816;    25.148;    88.446; 
 263;     1.814;    25.143;    88.446; 
 264;     1.812;    25.135;    88.446; 
 265;     1.810;    25.127;    88.446; 
 266;     1.807;    25.115;    88.446; 
 267;     1.802;    25.099;    88.446; 
 268;     1.796;    25.081;    88.446; 
 269;     1.786;    25.057;    88.446; 
 270;     1.778;    25.037;    88.446; 
 271;     1.774;    25.029;    88.446; 
 272;     1.764;    25.008;    88.446; 
 273;     1.749;    24.983;    88.446; 
 274;     1.736;    24.964;    88.446; 
 275;     1.711;    24.933;    88.446; 
 276;     1.622;    24.868;    88.446; 
 277;     1.524;    24.844;    88.446; 
 278;     1.484;    24.844;    88.446; 
 279;     1.467;    24.845;    88.446; 
 280;     1.458;    24.846;    88.446; 
 281;     1.447;    24.846;    88.446; 
 282;     1.440;    24.846;    88.446; 
 283;     1.427;    24.847;    88.446; 
 284;     1.414;    24.848;    88.446; 
 285;     1.402;    24.849;    88.446; 
 286;     1.388;    24.850;    88.446; 
 287;     1.378;    24.851;    88.446; 
 288;     1.371;    24.851;    88.446; 
 289;     1.362;    24.852;    88.446; 
 290;     1.354;    24.852;    88.446; 
 291;     1.343;    24.853;    88.446; 
 292;     1.335;    24.853;    88.446; 
 293;     1.327;    24.853;    88.446; 
 294;     1.321;    24.853;    88.446; 
 295;     1.308;    24.854;    88.446; 
 296;     1.295;    24.854;    88.446; 
 297;     1.283;    24.855;    88.446; 
 298;     1.265;    24.856;    88.446; 
 299;     1.254;    24.857;    88.446; 
 300;     1.245;    24.857;    88.446; 
 301;     1.235;    24.858;    88.446; 
 302;     1.221;    24.859;    88.446; 
 303;     1.208;    24.860;    88.446; 
 304;     1.198;    24.861;    88.446; 
 305;     1.191;    24.861;    88.446; 
 306;     1.185;    24.861;    88.446; 
 307;     1.174;    24.862;    88.446; 
 308;     1.161;    24.863;    88.446; 
 309;     1.149;    24.863;    88.446; 
 310;     1.138;    24.864;    88.446; 
 311;     1.123;    24.865;    88.446; 
 312;     1.079;    24.873;    88.446; 
 313;      .983;    24.917;    88.446; 
 314;      .899;    25.018;    88.446; 
 315;      .890;    25.036;    88.446; 
 316;      .879;    25.064;    88.446; 
 317;      .876;    25.072;    88.446; 
 318;      .873;    25.081;    88.446; 
 319;      .863;    25.111;    88.446; 
 320;      .857;    25.141;    88.446; 
 321;      .853;    25.170;    88.446; 
 322;      .852;    25.180;    88.446; 
 323;      .851;    25.181;    88.446; 
 324;      .850;    25.188;    88.446; 
 325;      .849;    25.191;    88.446; 
 326;      .847;    25.203;    88.446; 
 327;      .845;    25.211;    88.446; 
 328;      .842;    25.227;    88.446; 
 329;      .840;    25.235;    88.446; 
 330;      .839;    25.243;    88.446; 
 331;      .837;    25.251;    88.446; 
 332;      .835;    25.259;    88.446; 
 333;      .832;    25.270;    88.446; 
 334;      .829;    25.287;    88.446; 
 335;      .826;    25.304;    88.446; 
 336;      .825;    25.310;    88.446; 
 337;      .823;    25.320;    88.446; 
 338;      .821;    25.330;    88.446; 
 339;      .820;    25.335;    88.446; 
 340;      .818;    25.343;    88.446; 
 341;      .816;    25.353;    88.446; 
 342;      .813;    25.362;    88.446; 
 343;      .811;    25.371;    88.446; 
 344;      .809;    25.381;    88.446; 
 345;      .807;    25.387;    88.446; 
 346;      .803;    25.405;    88.446; 
 347;      .801;    25.417;    88.446; 
 348;      .797;    25.435;    88.446; 
 349;      .796;    25.442;    88.446; 
 350;      .795;    25.445;    88.446; 
 351;      .793;    25.455;    88.446; 
 352;      .791;    25.463;    88.446; 
 353;      .788;    25.474;    88.446; 
 354;      .786;    25.482;    88.446; 
 355;      .783;    25.493;    88.446; 
 356;      .780;    25.509;    88.446; 
 357;      .778;    25.518;    88.446; 
 358;      .776;    25.526;    88.446; 
 359;      .773;    25.539;    88.446; 
 360;      .771;    25.546;    88.446; 
 361;      .769;    25.553;    88.446; 
 362;      .768;    25.557;    88.446; 
 363;      .763;    25.574;    88.446; 
 364;      .761;    25.584;    88.446; 
 365;      .758;    25.597;    88.446; 
 366;      .754;    25.610;    88.446; 
 367;      .752;    25.618;    88.446; 
 368;      .751;    25.624;    88.446; 
 369;      .749;    25.632;    88.446; 
 370;      .746;    25.642;    88.446; 
 371;      .742;    25.657;    88.446; 
 372;      .740;    25.665;    88.446; 
 373;      .737;    25.675;    88.446; 
 374;      .735;    25.684;    88.446; 
 375;      .732;    25.695;    88.446; 
 376;      .729;    25.704;    88.446; 
 377;      .726;    25.716;    88.446; 
 378;      .725;    25.721;    88.446; 
 379;      .721;    25.733;    88.446; 
 380;      .719;    25.742;    88.446; 
 381;      .716;    25.752;    88.446; 
 382;      .714;    25.760;    88.446; 
 383;      .709;    25.776;    88.446; 
 384;      .707;    25.781;    88.446; 
 385;      .706;    25.786;    88.446; 
 386;      .703;    25.794;    88.446; 
 387;      .696;    25.819;    88.446; 
 388;      .693;    25.831;    88.446; 
 389;      .691;    25.838;    88.446; 
 390;      .690;    25.842;    88.446; 
 391;      .686;    25.857;    88.446; 
 392;      .683;    25.866;    88.446; 
 393;      .681;    25.875;    88.446; 
 394;      .677;    25.886;    88.446; 
 395;      .675;    25.895;    88.446; 
 396;      .672;    25.903;    88.446; 
 397;      .669;    25.914;    88.446; 
 398;      .667;    25.921;    88.446; 
 399;      .663;    25.935;    88.446; 
 400;      .659;    25.948;    88.446; 
 401;      .657;    25.956;    88.446; 
 402;      .654;    25.963;    88.446; 
 403;      .652;    25.968;    88.446; 
 404;      .651;    25.972;    88.446; 
 405;      .648;    25.981;    88.446; 
 406;      .641;    25.998;    88.446; 
 407;      .635;    26.018;    88.446; 
 408;      .631;    26.032;    88.446; 
 409;      .630;    26.036;    88.446; 
 410;      .626;    26.049;    88.446; 
 411;      .623;    26.059;    88.446; 
 412;      .619;    26.072;    88.446; 
 413;      .617;    26.080;    88.446; 
 414;      .614;    26.090;    88.446; 
 415;      .612;    26.095;    88.446; 
 416;      .608;    26.107;    88.446; 
 417;      .606;    26.113;    88.446; 
 418;      .603;    26.122;    88.446; 
 419;      .600;    26.130;    88.446; 
 420;      .597;    26.140;    88.446; 
 421;      .592;    26.153;    88.446; 
 422;      .588;    26.167;    88.446; 
 423;      .585;    26.176;    88.446; 
 424;      .581;    26.187;    88.446; 
 425;      .579;    26.194;    88.446; 
 426;      .575;    26.205;    88.446; 
 427;      .573;    26.210;    88.446; 
 428;      .570;    26.218;    88.446; 
 429;      .567;    26.227;    88.446; 
 430;      .565;    26.231;    88.446; 
 431;      .563;    26.237;    88.446; 
 432;      .561;    26.241;    88.446; 
 433;      .556;    26.252;    88.446; 
 434;      .550;    26.268;    88.446; 
 435;      .544;    26.282;    88.446; 
 436;      .538;    26.301;    88.446; 
 437;      .530;    26.327;    88.446; 
 438;      .528;    26.336;    88.446; 
 439;      .526;    26.340;    88.446; 
 440;      .524;    26.348;    88.446; 
 441;      .523;    26.351;    88.446; 
 442;      .521;    26.356;    88.446; 
 443;      .518;    26.364;    88.446; 
 444;      .515;    26.372;    88.446; 
 445;      .511;    26.383;    88.446; 
 446;      .507;    26.393;    88.446; 
 447;      .504;    26.403;    88.446; 
 448;      .500;    26.413;    88.446; 
 449;      .496;    26.423;    88.446; 
 450;      .493;    26.432;    88.446; 
 451;      .491;    26.436;    88.446; 
 452;      .486;    26.451;    88.446; 
 453;      .482;    26.459;    88.446; 
 454;      .477;    26.473;    88.446; 
 455;      .473;    26.484;    88.446; 
 456;      .470;    26.494;    88.446; 
 457;      .466;    26.504;    88.446; 
 458;      .462;    26.515;    88.446; 
 459;      .461;    26.518;    88.446; 
 460;      .458;    26.524;    88.446; 
 461;      .456;    26.530;    88.446; 
 462;      .449;    26.546;    88.446; 
 463;      .446;    26.555;    88.446; 
 464;      .440;    26.572;    88.446; 
 465;      .438;    26.577;    88.446; 
 466;      .434;    26.585;    88.446; 
 467;      .430;    26.595;    88.446; 
 468;      .427;    26.602;    88.446; 
 469;      .423;    26.613;    88.446; 
 470;      .418;    26.625;    88.446; 
 471;      .415;    26.634;    88.446; 
 472;      .411;    26.641;    88.446; 
 473;      .408;    26.648;    88.446; 
 474;      .405;    26.657;    88.446; 
 475;      .403;    26.661;    88.446; 
 476;      .395;    26.678;    88.446; 
 477;      .389;    26.694;    88.446; 
 478;      .383;    26.712;    88.446; 
 479;      .380;    26.721;    88.446; 
 480;      .377;    26.728;    88.446; 
 481;      .375;    26.733;    88.446; 
 482;      .371;    26.742;    88.446; 
 483;      .369;    26.747;    88.446; 
 484;      .366;    26.755;    88.446; 
 485;      .361;    26.765;    88.446; 
 486;      .357;    26.776;    88.446; 
 487;      .353;    26.785;    88.446; 
 488;      .349;    26.795;    88.446; 
 489;      .345;    26.803;    88.446; 
 490;      .340;    26.816;    88.446; 
 491;      .336;    26.826;    88.446; 
 492;      .333;    26.832;    88.446; 
 493;      .330;    26.840;    88.446; 
 494;      .324;    26.854;    88.446; 
 495;      .319;    26.867;    88.446; 
 496;      .314;    26.878;    88.446; 
 497;      .311;    26.886;    88.446; 
 498;      .309;    26.892;    88.446; 
 499;      .305;    26.900;    88.446; 
 500;      .302;    26.906;    88.446; 
 501;      .300;    26.912;    88.446; 
 502;      .295;    26.923;    88.446; 
 503;      .291;    26.931;    88.446; 
 504;      .285;    26.945;    88.446; 
 505;      .279;    26.957;    88.446; 
 506;      .273;    26.971;    88.446; 
 507;      .269;    26.981;    88.446; 
 508;      .264;    26.995;    88.446; 
 509;      .261;    27.001;    88.446; 
 510;      .259;    27.005;    88.446; 
 511;      .257;    27.011;    88.446; 
 512;      .256;    27.012;    88.446; 
 513;      .253;    27.017;    88.446; 
 514;      .251;    27.020;    88.446; 
 515;      .249;    27.024;    88.446; 
 516;      .248;    27.023;    88.446; 
 517;      .241;    27.035;    88.446; 
 518;      .237;    27.041;    88.446; 
 519;      .232;    27.047;    88.446; 
 520;      .230;    27.050;    88.446; 
 521;      .226;    27.055;    88.446; 
 522;      .224;    27.056;    88.446; 
 523;      .221;    27.061;    88.446; 
 524;      .219;    27.062;    88.446; 
 525;      .219;    27.062;    88.446; 
 526;      .213;    27.067;    88.446; 
 527;      .216;    27.065;    88.446; 
 528;      .211;    27.069;    88.446; 
 529;      .209;    27.070;    88.446; 
 530;      .204;    27.074;    88.446; 
 531;      .201;    27.075;    88.446; 
 532;      .192;    27.082;    88.446; 
 533;      .172;    27.097;    88.446; 
 534;      .154;    27.112;    88.446; 
 535;      .142;    27.124;    88.446; 
 536;      .138;    27.128;    88.446; 
 537;      .133;    27.132;    88.446; 
 538;      .128;    27.136;    88.446; 
 539;      .127;    27.136;    88.446; 
 540;      .120;    27.142;    88.446; 
 541;      .120;    27.141;    88.446; 
 542;      .116;    27.144;    88.446; 
 543;      .114;    27.144;    88.446; 
 544;      .113;    27.145;    88.446; 
 545;      .108;    27.147;    88.446; 
 546;      .108;    27.147;    88.446; 
 547;      .107;    27.147;    88.446; 
 548;      .103;    27.148;    88.446; 
 549;      .101;    27.149;    88.446; 
 550;      .101;    27.149;    88.446; 
 551;      .097;    27.150;    88.446; 
 552;      .094;    27.150;    88.446; 
 553;      .091;    27.150;    88.446; 
 554;      .089;    27.150;    88.446; 
 555;      .087;    27.150;    88.446; 
 556;      .083;    27.150;    88.446; 
 557;      .083;    27.150;    88.446; 
 558;      .079;    27.150;    88.446; 
 559;      .065;    27.150;    88.446; 
 560;      .040;    27.151;    88.446; 
 561;      .023;    27.152;    88.446; 
 562;      .015;    27.153;    88.446; 
 563;      .011;    27.153;    88.446; 
 564;      .007;    27.153;    88.446; 
 565;     -.002;    27.153;    88.446; 
 566;     -.009;    27.153;    88.446; 
 567;     -.020;    27.153;    88.446; 
 568;     -.029;    27.153;    88.446; 
 569;     -.038;    27.153;    88.446; 
 570;     -.047;    27.153;    88.446; 
 571;     -.059;    27.153;    88.446; 
 572;     -.070;    27.153;    88.446; 
 573;     -.081;    27.153;    88.446; 
 574;     -.090;    27.153;    88.446; 
 575;     -.098;    27.153;    88.446; 
 576;     -.108;    27.152;    88.446; 
 577;     -.119;    27.152;    88.446; 
 578;     -.134;    27.152;    88.446; 
 579;     -.144;    27.152;    88.446; 
 580;     -.157;    27.152;    88.446; 
 581;     -.165;    27.152;    88.446; 
 582;     -.176;    27.152;    88.446; 
 583;     -.183;    27.152;    88.446; 
 584;     -.192;    27.152;    88.446; 
 585;     -.204;    27.151;    88.446; 
 586;     -.212;    27.151;    88.446; 
 587;     -.220;    27.151;    88.446; 
 588;     -.232;    27.151;    88.446; 
 589;     -.247;    27.150;    88.446; 
 590;     -.261;    27.151;    88.446; 
 591;     -.272;    27.151;    88.446; 
 592;     -.279;    27.150;    88.446; 
 593;     -.287;    27.150;    88.446; 
 594;     -.296;    27.150;    88.446; 
 595;     -.309;    27.150;    88.446; 
 596;     -.320;    27.150;    88.446; 
 597;     -.333;    27.150;    88.446; 
 598;     -.340;    27.150;    88.446; 
 599;     -.349;    27.149;    88.446; 
 600;     -.356;    27.149;    88.446; 
 601;     -.363;    27.149;    88.446; 
 602;     -.371;    27.148;    88.446; 
 603;     -.382;    27.147;    88.446; 
 604;     -.397;    27.147;    88.446; 
 605;     -.422;    27.147;    88.446; 
 606;     -.433;    27.147;    88.446; 
 607;     -.438;    27.147;    88.446; 
 608;     -.439;    27.147;    88.446; 
 609;     -.442;    27.146;    88.446; 
 610;     -.445;    27.146;    88.446; 
 611;     -.449;    27.145;    88.446; 
 612;     -.452;    27.145;    88.446; 
 613;     -.457;    27.144;    88.446; 
 614;     -.464;    27.142;    88.446; 
 615;     -.469;    27.141;    88.446; 
 616;     -.474;    27.140;    88.446; 
 617;     -.481;    27.138;    88.446; 
 618;     -.495;    27.134;    88.446; 
 619;     -.504;    27.132;    88.446; 
 620;     -.514;    27.130;    88.446; 
 621;     -.521;    27.128;    88.446; 
 622;     -.527;    27.126;    88.446; 
 623;     -.534;    27.124;    88.446; 
 624;     -.540;    27.122;    88.446; 
 625;     -.544;    27.120;    88.446; 
 626;     -.551;    27.118;    88.446; 
 627;     -.556;    27.116;    88.446; 
 628;     -.561;    27.113;    88.446; 
 629;     -.567;    27.111;    88.446; 
 630;     -.568;    27.110;    88.446; 
 631;     -.576;    27.107;    88.446; 
 632;     -.577;    27.106;    88.446; 
 633;     -.580;    27.103;    88.446; 
 634;     -.581;    27.103;    88.446; 
 635;     -.583;    27.101;    88.446; 
 636;     -.587;    27.099;    88.446; 
 637;     -.590;    27.096;    88.446; 
 638;     -.591;    27.095;    88.446; 
 639;     -.594;    27.092;    88.446; 
 640;     -.596;    27.090;    88.446; 
 641;     -.600;    27.085;    88.446; 
 642;     -.600;    27.085;    88.446; 
 643;     -.605;    27.080;    88.446; 
 644;     -.607;    27.078;    88.446; 
 645;     -.610;    27.073;    88.446; 
 646;     -.615;    27.067;    88.446; 
 647;     -.617;    27.064;    88.446; 
 648;     -.623;    27.056;    88.446; 
 649;     -.625;    27.053;    88.446; 
 650;     -.630;    27.045;    88.446; 
 651;     -.633;    27.039;    88.446; 
 652;     -.635;    27.036;    88.446; 
 653;     -.642;    27.024;    88.446; 
 654;     -.643;    27.022;    88.446; 
 655;     -.642;    27.023;    88.446; 
 656;     -.650;    27.007;    88.446; 
 657;     -.654;    27.000;    88.446; 
 658;     -.657;    26.993;    88.446; 
 659;     -.660;    26.986;    88.446; 
 660;     -.667;    26.973;    88.446; 
 661;     -.673;    26.960;    88.446; 
 662;     -.678;    26.949;    88.446; 
 663;     -.677;    26.950;    88.446; 
 664;     -.678;    26.948;    88.446; 
 665;     -.678;    26.947;    88.446; 
 666;     -.680;    26.941;    88.446; 
 667;     -.686;    26.924;    88.446; 
 668;     -.695;    26.902;    88.446; 
 669;     -.698;    26.894;    88.446; 
 670;     -.704;    26.881;    88.446; 
 671;     -.704;    26.880;    88.446; 
 672;     -.709;    26.867;    88.446; 
 673;     -.712;    26.860;    88.446; 
 674;     -.717;    26.846;    88.446; 
 675;     -.722;    26.835;    88.446; 
 676;     -.725;    26.828;    88.446; 
 677;     -.727;    26.822;    88.446; 
 678;     -.729;    26.815;    88.446; 
 679;     -.734;    26.802;    88.446; 
 680;     -.740;    26.786;    88.446; 
 681;     -.745;    26.775;    88.446; 
 682;     -.750;    26.764;    88.446; 
 683;     -.752;    26.758;    88.446; 
 684;     -.755;    26.750;    88.446; 
 685;     -.759;    26.739;    88.446; 
 686;     -.763;    26.729;    88.446; 
 687;     -.767;    26.720;    88.446; 
 688;     -.773;    26.704;    88.446; 
 689;     -.774;    26.701;    88.446; 
 690;     -.778;    26.691;    88.446; 
 691;     -.781;    26.683;    88.446; 
 692;     -.785;    26.673;    88.446; 
 693;     -.787;    26.665;    88.446; 
 694;     -.792;    26.652;    88.446; 
 695;     -.795;    26.645;    88.446; 
 696;     -.801;    26.630;    88.446; 
 697;     -.803;    26.623;    88.446; 
 698;     -.807;    26.614;    88.446; 
 699;     -.809;    26.606;    88.446; 
 700;     -.813;    26.596;    88.446; 
 701;     -.817;    26.586;    88.446; 
 702;     -.820;    26.576;    88.446; 
 703;     -.824;    26.566;    88.446; 
 704;     -.829;    26.553;    88.446; 
 705;     -.831;    26.546;    88.446; 
 706;     -.837;    26.530;    88.446; 
 707;     -.841;    26.521;    88.446; 
 708;     -.844;    26.511;    88.446; 
 709;     -.848;    26.501;    88.446; 
 710;     -.850;    26.496;    88.446; 
 711;     -.853;    26.487;    88.446; 
 712;     -.857;    26.476;    88.446; 
 713;     -.861;    26.465;    88.446; 
 714;     -.865;    26.455;    88.446; 
 715;     -.868;    26.446;    88.446; 
 716;     -.871;    26.436;    88.446; 
 717;     -.876;    26.424;    88.446; 
 718;     -.878;    26.417;    88.446; 
 719;     -.882;    26.406;    88.446; 
 720;     -.885;    26.399;    88.446; 
 721;     -.887;    26.391;    88.446; 
 722;     -.890;    26.383;    88.446; 
 723;     -.891;    26.378;    88.446; 
 724;     -.894;    26.369;    88.446; 
 725;     -.898;    26.356;    88.446; 
 726;     -.904;    26.337;    88.446; 
 727;     -.908;    26.327;    88.446; 
 728;     -.912;    26.316;    88.446; 
 729;     -.916;    26.305;    88.446; 
 730;     -.920;    26.293;    88.446; 
 731;     -.922;    26.286;    88.446; 
 732;     -.926;    26.277;    88.446; 
 733;     -.928;    26.272;    88.446; 
 734;     -.932;    26.259;    88.446; 
 735;     -.935;    26.250;    88.446; 
 736;     -.938;    26.240;    88.446; 
 737;     -.940;    26.234;    88.446; 
 738;     -.944;    26.223;    88.446; 
 739;     -.946;    26.215;    88.446; 
 740;     -.950;    26.203;    88.446; 
 741;     -.953;    26.195;    88.446; 
 742;     -.956;    26.185;    88.446; 
 743;     -.960;    26.173;    88.446; 
 744;     -.963;    26.163;    88.446; 
 745;     -.967;    26.152;    88.446; 
 746;     -.969;    26.145;    88.446; 
 747;     -.972;    26.135;    88.446; 
 748;     -.977;    26.120;    88.446; 
 749;     -.980;    26.110;    88.446; 
 750;     -.983;    26.102;    88.446; 
 751;     -.986;    26.091;    88.446; 
 752;     -.989;    26.082;    88.446; 
 753;     -.992;    26.074;    88.446; 
 754;     -.995;    26.065;    88.446; 
 755;     -.997;    26.056;    88.446; 
 756;    -1.000;    26.045;    88.446; 
 757;    -1.002;    26.040;    88.446; 
 758;    -1.005;    26.030;    88.446; 
 759;    -1.009;    26.015;    88.446; 
 760;    -1.012;    26.006;    88.446; 
 761;    -1.015;    25.994;    88.446; 
 762;    -1.017;    25.986;    88.446; 
 763;    -1.021;    25.974;    88.446; 
 764;    -1.023;    25.965;    88.446; 
 765;    -1.027;    25.953;    88.446; 
 766;    -1.029;    25.944;    88.446; 
 767;    -1.032;    25.935;    88.446; 
 768;    -1.035;    25.923;    88.446; 
 769;    -1.037;    25.918;    88.446; 
 770;    -1.038;    25.914;    88.446; 
 771;    -1.040;    25.906;    88.446; 
 772;    -1.043;    25.892;    88.446; 
 773;    -1.051;    25.865;    88.446; 
 774;    -1.054;    25.854;    88.446; 
 775;    -1.058;    25.843;    88.446; 
 776;    -1.059;    25.838;    88.446; 
 777;    -1.061;    25.832;    88.446; 
 778;    -1.063;    25.825;    88.446; 
 779;    -1.065;    25.817;    88.446; 
 780;    -1.070;    25.801;    88.446; 
 781;    -1.073;    25.788;    88.446; 
 782;    -1.076;    25.780;    88.446; 
 783;    -1.078;    25.771;    88.446; 
 784;    -1.079;    25.768;    88.446; 
 785;    -1.081;    25.760;    88.446; 
 786;    -1.083;    25.749;    88.446; 
 787;    -1.087;    25.736;    88.446; 
 788;    -1.090;    25.724;    88.446; 
 789;    -1.093;    25.714;    88.446; 
 790;    -1.096;    25.702;    88.446; 
 791;    -1.098;    25.693;    88.446; 
 792;    -1.101;    25.683;    88.446; 
 793;    -1.104;    25.672;    88.446; 
 794;    -1.106;    25.661;    88.446; 
 795;    -1.108;    25.655;    88.446; 
 796;    -1.111;    25.644;    88.446; 
 797;    -1.114;    25.633;    88.446; 
 798;    -1.116;    25.622;    88.446; 
 799;    -1.120;    25.608;    88.446; 
 800;    -1.122;    25.598;    88.446; 
 801;    -1.124;    25.593;    88.446; 
 802;    -1.125;    25.586;    88.446; 
 803;    -1.126;    25.580;    88.446; 
 804;    -1.128;    25.573;    88.446; 
 805;    -1.130;    25.563;    88.446; 
 806;    -1.132;    25.553;    88.446; 
 807;    -1.135;    25.538;    88.446; 
 808;    -1.138;    25.525;    88.446; 
 809;    -1.140;    25.515;    88.446; 
 810;    -1.143;    25.503;    88.446; 
 811;    -1.145;    25.494;    88.446; 
 812;    -1.147;    25.484;    88.446; 
 813;    -1.149;    25.474;    88.446; 
 814;    -1.153;    25.459;    88.446; 
 815;    -1.155;    25.451;    88.446; 
 816;    -1.156;    25.445;    88.446; 
 817;    -1.157;    25.437;    88.446; 
 818;    -1.159;    25.428;    88.446; 
 819;    -1.164;    25.408;    88.446; 
 820;    -1.171;    25.383;    88.446; 
 821;    -1.174;    25.373;    88.446; 
 822;    -1.174;    25.370;    88.446; 
 823;    -1.176;    25.363;    88.446; 
 824;    -1.176;    25.362;    88.446; 
 825;    -1.178;    25.353;    88.446; 
 826;    -1.181;    25.340;    88.446; 
 827;    -1.184;    25.329;    88.446; 
 828;    -1.184;    25.326;    88.446; 
 829;    -1.185;    25.321;    88.446; 
 830;    -1.185;    25.318;    88.446; 
 831;    -1.186;    25.312;    88.446; 
 832;    -1.188;    25.297;    88.446; 
 833;    -1.191;    25.281;    88.446; 
 834;    -1.196;    25.256;    88.446; 
 835;    -1.197;    25.251;    88.446; 
 836;    -1.199;    25.244;    88.446; 
 837;    -1.200;    25.239;    88.446; 
 838;    -1.200;    25.235;    88.446; 
 839;    -1.200;    25.232;    88.446; 
 840;    -1.201;    25.227;    88.446; 
 841;    -1.201;    25.219;    88.446; 
 842;    -1.204;    25.199;    88.446; 
 843;    -1.208;    25.175;    88.446; 
 844;    -1.215;    25.145;    88.446; 
 845;    -1.215;    25.143;    88.446; 
 846;    -1.217;    25.136;    88.446; 
 847;    -1.218;    25.130;    88.446; 
 848;    -1.219;    25.122;    88.446; 
 849;    -1.221;    25.114;    88.446; 
 850;    -1.226;    25.090;    88.446; 
 851;    -1.233;    25.066;    88.446; 
 852;    -1.235;    25.057;    88.446; 
 853;    -1.237;    25.049;    88.446; 
 854;    -1.240;    25.041;    88.446; 
 855;    -1.247;    25.018;    88.446; 
 856;    -1.266;    24.974;    88.446; 
 857;    -1.295;    24.930;    88.446; 
 858;    -1.365;    24.866;    88.446; 
 859;    -1.445;    24.831;    88.446; 
 860;    -1.488;    24.823;    88.446; 
 861;    -1.523;    24.821;    88.446; 
 862;    -1.529;    24.820;    88.446; 
 863;    -1.534;    24.820;    88.446; 
 864;    -1.539;    24.819;    88.446; 
 865;    -1.547;    24.818;    88.446; 
 866;    -1.563;    24.817;    88.446; 
 867;    -1.582;    24.816;    88.446; 
 868;    -1.600;    24.815;    88.446; 
 869;    -1.608;    24.815;    88.446; 
 870;    -1.616;    24.814;    88.446; 
 871;    -1.624;    24.814;    88.446; 
 872;    -1.631;    24.813;    88.446; 
 873;    -1.638;    24.813;    88.446; 
 874;    -1.651;    24.811;    88.446; 
 875;    -1.670;    24.810;    88.446; 
 876;    -1.681;    24.810;    88.446; 
 877;    -1.688;    24.810;    88.446; 
 878;    -1.692;    24.809;    88.446; 
 879;    -1.695;    24.809;    88.446; 
 880;    -1.705;    24.808;    88.446; 
 881;    -1.719;    24.806;    88.446; 
 882;    -1.732;    24.805;    88.446; 
 883;    -1.740;    24.804;    88.446; 
 884;    -1.739;    24.804;    88.446; 
 885;    -1.751;    24.803;    88.446; 
 886;    -1.762;    24.801;    88.446; 
 887;    -1.784;    24.799;    88.446; 
 888;    -1.807;    24.798;    88.446; 
 889;    -1.821;    24.797;    88.446; 
 890;    -1.829;    24.797;    88.446; 
 891;    -1.833;    24.797;    88.446; 
 892;    -1.851;    24.796;    88.446; 
 893;    -1.881;    24.797;    88.446; 
 894;    -1.903;    24.799;    88.446; 
 895;    -1.954;    24.810;    88.446; 
 896;    -2.050;    24.861;    88.446; 
 897;    -2.127;    24.962;    88.446; 
 898;    -2.130;    24.970;    88.446; 
 899;    -2.136;    24.982;    88.446; 
 900;    -2.139;    24.990;    88.446; 
 901;    -2.148;    25.010;    88.446; 
 902;    -2.151;    25.018;    88.446; 
 903;    -2.159;    25.039;    88.446; 
 904;    -2.164;    25.055;    88.446; 
 905;    -2.168;    25.066;    88.446; 
 906;    -2.170;    25.072;    88.446; 
 907;    -2.174;    25.084;    88.446; 
 908;    -2.179;    25.097;    88.446; 
 909;    -2.182;    25.107;    88.446; 
 910;    -2.185;    25.117;    88.446; 
 911;    -2.189;    25.130;    88.446; 
 912;    -2.193;    25.142;    88.446; 
 913;    -2.194;    25.147;    88.446; 
 914;    -2.197;    25.156;    88.446; 
 915;    -2.200;    25.162;    88.446; 
 916;    -2.202;    25.168;    88.446; 
 917;    -2.207;    25.182;    88.446; 
 918;    -2.212;    25.198;    88.446; 
 919;    -2.214;    25.205;    88.446; 
 920;    -2.217;    25.214;    88.446; 
 921;    -2.219;    25.220;    88.446; 
 922;    -2.224;    25.232;    88.446; 
 923;    -2.226;    25.239;    88.446; 
 924;    -2.230;    25.249;    88.446; 
 925;    -2.234;    25.261;    88.446; 
 926;    -2.237;    25.269;    88.446; 
 927;    -2.239;    25.274;    88.446; 
 928;    -2.243;    25.285;    88.446; 
 929;    -2.248;    25.298;    88.446; 
 930;    -2.253;    25.310;    88.446; 
 931;    -2.255;    25.315;    88.446; 
 932;    -2.259;    25.326;    88.446; 
 933;    -2.263;    25.336;    88.446; 
 934;    -2.268;    25.350;    88.446; 
 935;    -2.273;    25.365;    88.446; 
 936;    -2.278;    25.382;    88.446; 
 937;    -2.280;    25.386;    88.446; 
 938;    -2.284;    25.397;    88.446; 
 939;    -2.285;    25.402;    88.446; 
 940;    -2.288;    25.408;    88.446; 
 941;    -2.292;    25.420;    88.446; 
 942;    -2.294;    25.426;    88.446; 
 943;    -2.298;    25.436;    88.446; 
 944;    -2.302;    25.446;    88.446; 
 945;    -2.306;    25.455;    88.446; 
 946;    -2.309;    25.464;    88.446; 
 947;    -2.313;    25.474;    88.446; 
 948;    -2.317;    25.483;    88.446; 
 949;    -2.321;    25.494;    88.446; 
 950;    -2.323;    25.498;    88.446; 
 951;    -2.328;    25.510;    88.446; 
 952;    -2.332;    25.520;    88.446; 
 953;    -2.337;    25.531;    88.446; 
 954;    -2.342;    25.545;    88.446; 
 955;    -2.345;    25.551;    88.446; 
 956;    -2.348;    25.560;    88.446; 
 957;    -2.353;    25.572;    88.446; 
 958;    -2.355;    25.577;    88.446; 
 959;    -2.360;    25.589;    88.446; 
 960;    -2.364;    25.597;    88.446; 
 961;    -2.370;    25.614;    88.446; 
 962;    -2.375;    25.626;    88.446; 
 963;    -2.379;    25.637;    88.446; 
 964;    -2.379;    25.637;    88.446; 
 965;    -2.384;    25.648;    88.446; 
 966;    -2.387;    25.655;    88.446; 
 967;    -2.389;    25.660;    88.446; 
 968;    -2.395;    25.673;    88.446; 
 969;    -2.399;    25.683;    88.446; 
 970;    -2.405;    25.697;    88.446; 
 971;    -2.410;    25.708;    88.446; 
 972;    -2.413;    25.716;    88.446; 
 973;    -2.417;    25.724;    88.446; 
 974;    -2.421;    25.733;    88.446; 
 975;    -2.424;    25.740;    88.446; 
 976;    -2.429;    25.753;    88.446; 
 977;    -2.433;    25.760;    88.446; 
 978;    -2.438;    25.773;    88.446; 
 979;    -2.443;    25.784;    88.446; 
 980;    -2.447;    25.795;    88.446; 
 981;    -2.450;    25.801;    88.446; 
 982;    -2.454;    25.809;    88.446; 
 983;    -2.458;    25.818;    88.446; 
 984;    -2.463;    25.829;    88.446; 
 985;    -2.466;    25.837;    88.446; 
 986;    -2.470;    25.845;    88.446; 
 987;    -2.474;    25.853;    88.446; 
 988;    -2.477;    25.860;    88.446; 
 989;    -2.483;    25.873;    88.446; 
 990;    -2.488;    25.884;    88.446; 
 991;    -2.492;    25.893;    88.446; 
 992;    -2.495;    25.898;    88.446; 
 993;    -2.502;    25.915;    88.446; 
 994;    -2.506;    25.923;    88.446; 
 995;    -2.509;    25.929;    88.446; 
 996;    -2.512;    25.937;    88.446; 
 997;    -2.517;    25.947;    88.446; 
 998;    -2.521;    25.956;    88.446; 
 999;    -2.525;    25.964;    88.446; 
1000;    -2.530;    25.973;    88.446; 
1001;    -2.535;    25.983;    88.446; 
1002;    -2.539;    25.992;    88.446; 
1003;    -2.544;    26.002;    88.446; 
1004;    -2.546;    26.007;    88.446; 
1005;    -2.553;    26.021;    88.446; 
1006;    -2.558;    26.030;    88.446; 
1007;    -2.560;    26.035;    88.446; 
1008;    -2.563;    26.041;    88.446; 
1009;    -2.568;    26.049;    88.446; 
1010;    -2.578;    26.071;    88.446; 
1011;    -2.584;    26.084;    88.446; 
1012;    -2.588;    26.092;    88.446; 
1013;    -2.591;    26.097;    88.446; 
1014;    -2.595;    26.105;    88.446; 
1015;    -2.598;    26.111;    88.446; 
1016;    -2.604;    26.122;    88.446; 
1017;    -2.610;    26.135;    88.446; 
1018;    -2.616;    26.147;    88.446; 
1019;    -2.622;    26.159;    88.446; 
1020;    -2.625;    26.166;    88.446; 
1021;    -2.628;    26.172;    88.446; 
1022;    -2.633;    26.181;    88.446; 
1023;    -2.635;    26.186;    88.446; 
1024;    -2.638;    26.191;    88.446; 
1025;    -2.644;    26.201;    88.446; 
1026;    -2.649;    26.210;    88.446; 
1027;    -2.659;    26.230;    88.446; 
1028;    -2.669;    26.253;    88.446; 
1029;    -2.674;    26.264;    88.446; 
1030;    -2.676;    26.268;    88.446; 
1031;    -2.677;    26.270;    88.446; 
1032;    -2.679;    26.273;    88.446; 
1033;    -2.683;    26.281;    88.446; 
1034;    -2.691;    26.298;    88.446; 
1035;    -2.699;    26.313;    88.446; 
1036;    -2.702;    26.320;    88.446; 
1037;    -2.706;    26.328;    88.446; 
1038;    -2.709;    26.334;    88.446; 
1039;    -2.712;    26.340;    88.446; 
1040;    -2.715;    26.345;    88.446; 
1041;    -2.722;    26.358;    88.446; 
1042;    -2.730;    26.373;    88.446; 
1043;    -2.731;    26.375;    88.446; 
1044;    -2.737;    26.386;    88.446; 
1045;    -2.741;    26.393;    88.446; 
1046;    -2.747;    26.403;    88.446; 
1047;    -2.753;    26.414;    88.446; 
1048;    -2.758;    26.423;    88.446; 
1049;    -2.768;    26.442;    88.446; 
1050;    -2.772;    26.452;    88.446; 
1051;    -2.779;    26.465;    88.446; 
1052;    -2.784;    26.476;    88.446; 
1053;    -2.786;    26.481;    88.446; 
1054;    -2.790;    26.488;    88.446; 
1055;    -2.792;    26.493;    88.446; 
1056;    -2.795;    26.497;    88.446; 
1057;    -2.797;    26.500;    88.446; 
1058;    -2.801;    26.507;    88.446; 
1059;    -2.806;    26.516;    88.446; 
1060;    -2.812;    26.525;    88.446; 
1061;    -2.819;    26.537;    88.446; 
1062;    -2.827;    26.553;    88.446; 
1063;    -2.832;    26.562;    88.446; 
1064;    -2.839;    26.575;    88.446; 
1065;    -2.846;    26.588;    88.446; 
1066;    -2.850;    26.596;    88.446; 
1067;    -2.855;    26.606;    88.446; 
1068;    -2.857;    26.609;    88.446; 
1069;    -2.862;    26.619;    88.446; 
1070;    -2.865;    26.624;    88.446; 
1071;    -2.869;    26.631;    88.446; 
1072;    -2.873;    26.636;    88.446; 
1073;    -2.877;    26.643;    88.446; 
1074;    -2.883;    26.653;    88.446; 
1075;    -2.889;    26.663;    88.446; 
1076;    -2.894;    26.672;    88.446; 
1077;    -2.900;    26.681;    88.446; 
1078;    -2.904;    26.687;    88.446; 
1079;    -2.911;    26.698;    88.446; 
1080;    -2.920;    26.715;    88.446; 
1081;    -2.929;    26.731;    88.446; 
1082;    -2.934;    26.740;    88.446; 
1083;    -2.937;    26.746;    88.446; 
1084;    -2.939;    26.750;    88.446; 
1085;    -2.943;    26.756;    88.446; 
1086;    -2.946;    26.761;    88.446; 
1087;    -2.951;    26.769;    88.446; 
1088;    -2.957;    26.779;    88.446; 
1089;    -2.964;    26.789;    88.446; 
1090;    -2.966;    26.793;    88.446; 
1091;    -2.971;    26.800;    88.446; 
1092;    -2.974;    26.805;    88.446; 
1093;    -2.986;    26.823;    88.446; 
1094;    -3.003;    26.854;    88.446; 
1095;    -3.009;    26.866;    88.446; 
1096;    -3.009;    26.866;    88.446; 
1097;    -3.012;    26.871;    88.446; 
1098;    -3.012;    26.870;    88.446; 
1099;    -3.014;    26.873;    88.446; 
1100;    -3.016;    26.875;    88.446; 
1101;    -3.018;    26.878;    88.446; 
1102;    -3.023;    26.884;    88.446; 
1103;    -3.026;    26.888;    88.446; 
1104;    -3.028;    26.890;    88.446; 
1105;    -3.026;    26.888;    88.446; 
1106;    -3.030;    26.891;    88.446; 
1107;    -3.030;    26.891;    88.446; 
1108;    -3.031;    26.892;    88.446; 
1109;    -3.033;    26.893;    88.446; 
1110;    -3.037;    26.895;    88.446; 
1111;    -3.045;    26.901;    88.446; 
1112;    -3.061;    26.913;    88.446; 
1113;    -3.063;    26.915;    88.446; 
1114;    -3.066;    26.916;    88.446; 
1115;    -3.067;    26.917;    88.446; 
1116;    -3.071;    26.919;    88.446; 
1117;    -3.073;    26.919;    88.446; 
1118;    -3.080;    26.923;    88.446; 
1119;    -3.083;    26.924;    88.446; 
1120;    -3.089;    26.926;    88.446; 
1121;    -3.097;    26.930;    88.446; 
1122;    -3.102;    26.932;    88.446; 
1123;    -3.104;    26.932;    88.446; 
1124;    -3.111;    26.934;    88.446; 
1125;    -3.113;    26.935;    88.446; 
1126;    -3.118;    26.936;    88.446; 
1127;    -3.120;    26.936;    88.446; 
1128;    -3.127;    26.937;    88.446; 
1129;    -3.132;    26.938;    88.446; 
1130;    -3.137;    26.939;    88.446; 
1131;    -3.141;    26.939;    88.446; 
1132;    -3.143;    26.939;    88.446; 
1133;    -3.154;    26.940;    88.446; 
1134;    -3.164;    26.941;    88.446; 
1135;    -3.168;    26.941;    88.446; 
1136;    -3.171;    26.941;    88.446; 
1137;    -3.174;    26.941;    88.446; 
1138;    -3.183;    26.940;    88.446; 
1139;    -3.205;    26.940;    88.446; 
1140;    -3.212;    26.940;    88.446; 
1141;    -3.217;    26.940;    88.446; 
1142;    -3.223;    26.940;    88.446; 
1143;    -3.229;    26.940;    88.446; 
1144;    -3.236;    26.939;    88.446; 
1145;    -3.242;    26.938;    88.446; 
1146;    -3.247;    26.938;    88.446; 
1147;    -3.253;    26.937;    88.446; 
1148;    -3.266;    26.935;    88.446; 
1149;    -3.280;    26.934;    88.446; 
1150;    -3.288;    26.933;    88.446; 
1151;    -3.292;    26.932;    88.446; 
1152;    -3.298;    26.931;    88.446; 
1153;    -3.304;    26.930;    88.446; 
1154;    -3.320;    26.928;    88.446; 
1155;    -3.339;    26.925;    88.446; 
1156;    -3.351;    26.924;    88.446; 
1157;    -3.359;    26.923;    88.446; 
1158;    -3.366;    26.922;    88.446; 
1159;    -3.374;    26.921;    88.446; 
1160;    -3.394;    26.919;    88.446; 
1161;    -3.407;    26.917;    88.446; 
