[A]
   1;     2.998;    26.973;    88.447; 
   2;     2.988;    26.974;    88.447; 
   3;     2.976;    26.975;    88.447; 
   4;     2.967;    26.976;    88.447; 
   5;     2.959;    26.977;    88.447; 
   6;     2.948;    26.978;    88.447; 
   7;     2.936;    26.979;    88.447; 
   8;     2.928;    26.980;    88.447; 
   9;     2.920;    26.981;    88.447; 
  10;     2.913;    26.981;    88.447; 
  11;     2.898;    26.983;    88.447; 
  12;     2.884;    26.984;    88.447; 
  13;     2.868;    26.986;    88.447; 
  14;     2.857;    26.988;    88.447; 
  15;     2.850;    26.989;    88.447; 
  16;     2.846;    26.989;    88.447; 
  17;     2.842;    26.989;    88.447; 
  18;     2.837;    26.989;    88.447; 
  19;     2.836;    26.989;    88.447; 
  20;     2.833;    26.989;    88.447; 
  21;     2.814;    26.989;    88.447; 
  22;     2.758;    26.996;    88.447; 
  23;     2.742;    26.999;    88.447; 
  24;     2.737;    27.000;    88.447; 
  25;     2.736;    27.000;    88.447; 
  26;     2.732;    27.001;    88.447; 
  27;     2.728;    27.001;    88.447; 
  28;     2.724;    27.001;    88.447; 
  29;     2.713;    27.002;    88.447; 
  30;     2.704;    27.003;    88.447; 
  31;     2.687;    27.004;    88.447; 
  32;     2.668;    27.006;    88.447; 
  33;     2.660;    27.007;    88.447; 
  34;     2.653;    27.008;    88.447; 
  35;     2.643;    27.009;    88.447; 
  36;     2.632;    27.010;    88.447; 
  37;     2.624;    27.011;    88.447; 
  38;     2.617;    27.011;    88.447; 
  39;     2.610;    27.012;    88.447; 
  40;     2.604;    27.012;    88.447; 
  41;     2.602;    27.012;    88.447; 
  42;     2.596;    27.012;    88.447; 
  43;     2.595;    27.012;    88.447; 
  44;     2.592;    27.011;    88.447; 
  45;     2.586;    27.010;    88.447; 
  46;     2.583;    27.010;    88.447; 
  47;     2.579;    27.009;    88.447; 
  48;     2.577;    27.009;    88.447; 
  49;     2.573;    27.008;    88.447; 
  50;     2.570;    27.007;    88.447; 
  51;     2.563;    27.005;    88.447; 
  52;     2.552;    27.002;    88.447; 
  53;     2.547;    27.001;    88.447; 
  54;     2.543;    27.000;    88.447; 
  55;     2.532;    26.996;    88.447; 
  56;     2.534;    26.997;    88.447; 
  57;     2.530;    26.995;    88.447; 
  58;     2.525;    26.993;    88.447; 
  59;     2.521;    26.991;    88.447; 
  60;     2.519;    26.990;    88.447; 
  61;     2.513;    26.987;    88.447; 
  62;     2.508;    26.984;    88.447; 
  63;     2.504;    26.982;    88.447; 
  64;     2.503;    26.981;    88.447; 
  65;     2.497;    26.976;    88.447; 
  66;     2.495;    26.975;    88.447; 
  67;     2.492;    26.972;    88.447; 
  68;     2.486;    26.968;    88.447; 
  69;     2.487;    26.969;    88.447; 
  70;     2.480;    26.963;    88.447; 
  71;     2.479;    26.961;    88.447; 
  72;     2.475;    26.958;    88.447; 
  73;     2.474;    26.956;    88.447; 
  74;     2.472;    26.953;    88.447; 
  75;     2.470;    26.950;    88.447; 
  76;     2.467;    26.947;    88.447; 
  77;     2.461;    26.939;    88.447; 
  78;     2.453;    26.929;    88.447; 
  79;     2.451;    26.925;    88.447; 
  80;     2.446;    26.919;    88.447; 
  81;     2.443;    26.914;    88.447; 
  82;     2.435;    26.903;    88.447; 
  83;     2.426;    26.891;    88.447; 
  84;     2.420;    26.883;    88.447; 
  85;     2.419;    26.880;    88.447; 
  86;     2.416;    26.875;    88.447; 
  87;     2.414;    26.872;    88.447; 
  88;     2.412;    26.868;    88.447; 
  89;     2.410;    26.863;    88.447; 
  90;     2.407;    26.857;    88.447; 
  91;     2.404;    26.852;    88.447; 
  92;     2.395;    26.834;    88.447; 
  93;     2.390;    26.824;    88.447; 
  94;     2.382;    26.809;    88.447; 
  95;     2.376;    26.799;    88.447; 
  96;     2.370;    26.790;    88.447; 
  97;     2.366;    26.782;    88.447; 
  98;     2.360;    26.771;    88.447; 
  99;     2.355;    26.763;    88.447; 
 100;     2.349;    26.753;    88.447; 
 101;     2.346;    26.747;    88.447; 
 102;     2.341;    26.739;    88.447; 
 103;     2.336;    26.729;    88.447; 
 104;     2.333;    26.723;    88.447; 
 105;     2.328;    26.714;    88.447; 
 106;     2.323;    26.704;    88.447; 
 107;     2.319;    26.697;    88.447; 
 108;     2.314;    26.686;    88.447; 
 109;     2.310;    26.678;    88.447; 
 110;     2.307;    26.674;    88.447; 
 111;     2.299;    26.658;    88.447; 
 112;     2.292;    26.644;    88.447; 
 113;     2.284;    26.632;    88.447; 
 114;     2.279;    26.623;    88.447; 
 115;     2.276;    26.617;    88.447; 
 116;     2.271;    26.609;    88.447; 
 117;     2.267;    26.601;    88.447; 
 118;     2.263;    26.593;    88.447; 
 119;     2.258;    26.584;    88.447; 
 120;     2.255;    26.577;    88.447; 
 121;     2.250;    26.567;    88.447; 
 122;     2.244;    26.556;    88.447; 
 123;     2.239;    26.547;    88.447; 
 124;     2.235;    26.540;    88.447; 
 125;     2.228;    26.526;    88.447; 
 126;     2.225;    26.521;    88.447; 
 127;     2.222;    26.515;    88.447; 
 128;     2.217;    26.504;    88.447; 
 129;     2.212;    26.494;    88.447; 
 130;     2.207;    26.485;    88.447; 
 131;     2.203;    26.477;    88.447; 
 132;     2.197;    26.465;    88.447; 
 133;     2.193;    26.456;    88.447; 
 134;     2.190;    26.450;    88.447; 
 135;     2.184;    26.439;    88.447; 
 136;     2.177;    26.424;    88.447; 
 137;     2.173;    26.416;    88.447; 
 138;     2.169;    26.409;    88.447; 
 139;     2.165;    26.401;    88.447; 
 140;     2.160;    26.391;    88.447; 
 141;     2.156;    26.382;    88.447; 
 142;     2.151;    26.373;    88.447; 
 143;     2.145;    26.361;    88.447; 
 144;     2.140;    26.351;    88.447; 
 145;     2.135;    26.341;    88.447; 
 146;     2.133;    26.336;    88.447; 
 147;     2.129;    26.329;    88.447; 
 148;     2.127;    26.324;    88.447; 
 149;     2.121;    26.311;    88.447; 
 150;     2.112;    26.293;    88.447; 
 151;     2.106;    26.281;    88.447; 
 152;     2.101;    26.271;    88.447; 
 153;     2.097;    26.263;    88.447; 
 154;     2.096;    26.261;    88.447; 
 155;     2.091;    26.251;    88.447; 
 156;     2.088;    26.244;    88.447; 
 157;     2.083;    26.234;    88.447; 
 158;     2.079;    26.224;    88.447; 
 159;     2.071;    26.209;    88.447; 
 160;     2.065;    26.197;    88.447; 
 161;     2.058;    26.183;    88.447; 
 162;     2.057;    26.181;    88.447; 
 163;     2.056;    26.179;    88.447; 
 164;     2.052;    26.171;    88.447; 
 165;     2.046;    26.156;    88.447; 
 166;     2.041;    26.146;    88.447; 
 167;     2.035;    26.135;    88.447; 
 168;     2.030;    26.124;    88.447; 
 169;     2.028;    26.120;    88.447; 
 170;     2.025;    26.112;    88.447; 
 171;     2.021;    26.105;    88.447; 
 172;     2.015;    26.092;    88.447; 
 173;     2.011;    26.083;    88.447; 
 174;     2.005;    26.069;    88.447; 
 175;     2.000;    26.060;    88.447; 
 176;     1.996;    26.050;    88.447; 
 177;     1.993;    26.045;    88.447; 
 178;     1.990;    26.038;    88.447; 
 179;     1.986;    26.028;    88.447; 
 180;     1.983;    26.021;    88.447; 
 181;     1.978;    26.010;    88.447; 
 182;     1.974;    26.001;    88.447; 
 183;     1.969;    25.988;    88.447; 
 184;     1.964;    25.978;    88.447; 
 185;     1.959;    25.967;    88.447; 
 186;     1.954;    25.955;    88.447; 
 187;     1.952;    25.950;    88.447; 
 188;     1.945;    25.935;    88.447; 
 189;     1.941;    25.925;    88.447; 
 190;     1.936;    25.915;    88.447; 
 191;     1.934;    25.910;    88.447; 
 192;     1.929;    25.899;    88.447; 
 193;     1.925;    25.891;    88.447; 
 194;     1.922;    25.884;    88.447; 
 195;     1.919;    25.876;    88.447; 
 196;     1.917;    25.870;    88.447; 
 197;     1.912;    25.857;    88.447; 
 198;     1.906;    25.845;    88.447; 
 199;     1.903;    25.838;    88.447; 
 200;     1.899;    25.827;    88.447; 
 201;     1.895;    25.817;    88.447; 
 202;     1.891;    25.809;    88.447; 
 203;     1.886;    25.797;    88.447; 
 204;     1.880;    25.784;    88.447; 
 205;     1.877;    25.776;    88.447; 
 206;     1.873;    25.766;    88.447; 
 207;     1.870;    25.760;    88.447; 
 208;     1.868;    25.754;    88.447; 
 209;     1.865;    25.745;    88.447; 
 210;     1.859;    25.731;    88.447; 
 211;     1.853;    25.717;    88.447; 
 212;     1.846;    25.702;    88.447; 
 213;     1.844;    25.698;    88.447; 
 214;     1.839;    25.687;    88.447; 
 215;     1.838;    25.683;    88.447; 
 216;     1.836;    25.677;    88.447; 
 217;     1.833;    25.669;    88.447; 
 218;     1.830;    25.661;    88.447; 
 219;     1.825;    25.648;    88.447; 
 220;     1.819;    25.632;    88.447; 
 221;     1.816;    25.626;    88.447; 
 222;     1.814;    25.619;    88.447; 
 223;     1.809;    25.607;    88.447; 
 224;     1.806;    25.599;    88.447; 
 225;     1.803;    25.591;    88.447; 
 226;     1.796;    25.574;    88.447; 
 227;     1.792;    25.564;    88.447; 
 228;     1.789;    25.555;    88.447; 
 229;     1.786;    25.547;    88.447; 
 230;     1.782;    25.538;    88.447; 
 231;     1.780;    25.531;    88.447; 
 232;     1.778;    25.525;    88.447; 
 233;     1.776;    25.519;    88.447; 
 234;     1.772;    25.508;    88.447; 
 235;     1.769;    25.499;    88.447; 
 236;     1.763;    25.481;    88.447; 
 237;     1.758;    25.470;    88.447; 
 238;     1.755;    25.461;    88.447; 
 239;     1.750;    25.448;    88.447; 
 240;     1.747;    25.439;    88.447; 
 241;     1.744;    25.431;    88.447; 
 242;     1.740;    25.422;    88.447; 
 243;     1.739;    25.418;    88.447; 
 244;     1.735;    25.406;    88.447; 
 245;     1.731;    25.394;    88.447; 
 246;     1.728;    25.385;    88.447; 
 247;     1.723;    25.373;    88.447; 
 248;     1.721;    25.366;    88.447; 
 249;     1.718;    25.357;    88.447; 
 250;     1.716;    25.351;    88.447; 
 251;     1.714;    25.344;    88.447; 
 252;     1.711;    25.336;    88.447; 
 253;     1.710;    25.330;    88.447; 
 254;     1.708;    25.322;    88.447; 
 255;     1.707;    25.319;    88.447; 
 256;     1.706;    25.313;    88.447; 
 257;     1.703;    25.302;    88.447; 
 258;     1.701;    25.291;    88.447; 
 259;     1.697;    25.276;    88.447; 
 260;     1.692;    25.257;    88.447; 
 261;     1.683;    25.230;    88.447; 
 262;     1.674;    25.209;    88.447; 
 263;     1.673;    25.206;    88.447; 
 264;     1.670;    25.197;    88.447; 
 265;     1.666;    25.187;    88.447; 
 266;     1.662;    25.178;    88.447; 
 267;     1.660;    25.170;    88.447; 
 268;     1.658;    25.164;    88.447; 
 269;     1.656;    25.158;    88.447; 
 270;     1.653;    25.150;    88.447; 
 271;     1.651;    25.141;    88.447; 
 272;     1.649;    25.136;    88.447; 
 273;     1.646;    25.127;    88.447; 
 274;     1.644;    25.119;    88.447; 
 275;     1.643;    25.113;    88.447; 
 276;     1.643;    25.111;    88.447; 
 277;     1.639;    25.096;    88.447; 
 278;     1.629;    25.064;    88.447; 
 279;     1.613;    25.024;    88.447; 
 280;     1.603;    25.006;    88.447; 
 281;     1.602;    25.004;    88.447; 
 282;     1.597;    24.994;    88.447; 
 283;     1.592;    24.985;    88.447; 
 284;     1.584;    24.970;    88.447; 
 285;     1.554;    24.926;    88.447; 
 286;     1.422;    24.840;    88.447; 
 287;     1.364;    24.830;    88.447; 
 288;     1.330;    24.829;    88.447; 
 289;     1.302;    24.830;    88.447; 
 290;     1.291;    24.831;    88.447; 
 291;     1.287;    24.831;    88.447; 
 292;     1.284;    24.831;    88.447; 
 293;     1.280;    24.831;    88.447; 
 294;     1.279;    24.831;    88.447; 
 295;     1.277;    24.830;    88.447; 
 296;     1.266;    24.830;    88.447; 
 297;     1.210;    24.831;    88.447; 
 298;     1.177;    24.836;    88.447; 
 299;     1.173;    24.837;    88.447; 
 300;     1.170;    24.837;    88.447; 
 301;     1.167;    24.838;    88.447; 
 302;     1.162;    24.838;    88.447; 
 303;     1.157;    24.838;    88.447; 
 304;     1.152;    24.838;    88.447; 
 305;     1.148;    24.838;    88.447; 
 306;     1.137;    24.839;    88.447; 
 307;     1.119;    24.839;    88.447; 
 308;     1.099;    24.841;    88.447; 
 309;     1.089;    24.842;    88.447; 
 310;     1.084;    24.842;    88.447; 
 311;     1.079;    24.842;    88.447; 
 312;     1.070;    24.842;    88.447; 
 313;     1.060;    24.843;    88.447; 
 314;     1.049;    24.843;    88.447; 
 315;     1.034;    24.844;    88.447; 
 316;     1.017;    24.845;    88.447; 
 317;      .997;    24.847;    88.447; 
 318;      .989;    24.848;    88.447; 
 319;      .983;    24.848;    88.447; 
 320;      .975;    24.849;    88.447; 
 321;      .964;    24.850;    88.447; 
 322;      .932;    24.854;    88.447; 
 323;      .841;    24.888;    88.447; 
 324;      .760;    24.962;    88.447; 
 325;      .731;    25.009;    88.447; 
 326;      .714;    25.052;    88.447; 
 327;      .707;    25.076;    88.447; 
 328;      .702;    25.096;    88.447; 
 329;      .699;    25.114;    88.447; 
 330;      .695;    25.132;    88.447; 
 331;      .694;    25.139;    88.447; 
 332;      .693;    25.148;    88.447; 
 333;      .691;    25.155;    88.447; 
 334;      .690;    25.162;    88.447; 
 335;      .688;    25.169;    88.447; 
 336;      .686;    25.175;    88.447; 
 337;      .686;    25.176;    88.447; 
 338;      .680;    25.196;    88.447; 
 339;      .677;    25.209;    88.447; 
 340;      .675;    25.221;    88.447; 
 341;      .670;    25.242;    88.447; 
 342;      .668;    25.259;    88.447; 
 343;      .665;    25.278;    88.447; 
 344;      .664;    25.288;    88.447; 
 345;      .663;    25.295;    88.447; 
 346;      .662;    25.299;    88.447; 
 347;      .661;    25.307;    88.447; 
 348;      .660;    25.310;    88.447; 
 349;      .658;    25.321;    88.447; 
 350;      .656;    25.330;    88.447; 
 351;      .653;    25.342;    88.447; 
 352;      .651;    25.351;    88.447; 
 353;      .650;    25.361;    88.447; 
 354;      .647;    25.373;    88.447; 
 355;      .646;    25.380;    88.447; 
 356;      .643;    25.393;    88.447; 
 357;      .641;    25.400;    88.447; 
 358;      .638;    25.413;    88.447; 
 359;      .637;    25.420;    88.447; 
 360;      .634;    25.430;    88.447; 
 361;      .633;    25.438;    88.447; 
 362;      .631;    25.444;    88.447; 
 363;      .629;    25.450;    88.447; 
 364;      .628;    25.454;    88.447; 
 365;      .624;    25.469;    88.447; 
 366;      .621;    25.481;    88.447; 
 367;      .618;    25.489;    88.447; 
 368;      .614;    25.506;    88.447; 
 369;      .612;    25.513;    88.447; 
 370;      .612;    25.515;    88.447; 
 371;      .610;    25.519;    88.447; 
 372;      .608;    25.524;    88.447; 
 373;      .605;    25.533;    88.447; 
 374;      .604;    25.536;    88.447; 
 375;      .600;    25.547;    88.447; 
 376;      .597;    25.555;    88.447; 
 377;      .594;    25.561;    88.447; 
 378;      .581;    25.604;    88.447; 
 379;      .577;    25.626;    88.447; 
 380;      .574;    25.640;    88.447; 
 381;      .572;    25.653;    88.447; 
 382;      .570;    25.663;    88.447; 
 383;      .569;    25.672;    88.447; 
 384;      .568;    25.679;    88.447; 
 385;      .567;    25.682;    88.447; 
 386;      .566;    25.684;    88.447; 
 387;      .566;    25.682;    88.447; 
 388;      .565;    25.685;    88.447; 
 389;      .559;    25.705;    88.447; 
 390;      .551;    25.735;    88.447; 
 391;      .548;    25.754;    88.447; 
 392;      .546;    25.764;    88.447; 
 393;      .543;    25.777;    88.447; 
 394;      .543;    25.778;    88.447; 
 395;      .541;    25.785;    88.447; 
 396;      .540;    25.789;    88.447; 
 397;      .540;    25.791;    88.447; 
 398;      .536;    25.802;    88.447; 
 399;      .536;    25.801;    88.447; 
 400;      .533;    25.811;    88.447; 
 401;      .529;    25.823;    88.447; 
 402;      .523;    25.841;    88.447; 
 403;      .519;    25.860;    88.447; 
 404;      .517;    25.866;    88.447; 
 405;      .515;    25.872;    88.447; 
 406;      .514;    25.876;    88.447; 
 407;      .512;    25.881;    88.447; 
 408;      .507;    25.896;    88.447; 
 409;      .502;    25.912;    88.447; 
 410;      .499;    25.922;    88.447; 
 411;      .495;    25.937;    88.447; 
 412;      .493;    25.943;    88.447; 
 413;      .492;    25.948;    88.447; 
 414;      .490;    25.951;    88.447; 
 415;      .486;    25.963;    88.447; 
 416;      .482;    25.977;    88.447; 
 417;      .478;    25.987;    88.447; 
 418;      .474;    26.001;    88.447; 
 419;      .472;    26.006;    88.447; 
 420;      .470;    26.015;    88.447; 
 421;      .467;    26.023;    88.447; 
 422;      .463;    26.034;    88.447; 
 423;      .460;    26.043;    88.447; 
 424;      .457;    26.052;    88.447; 
 425;      .453;    26.062;    88.447; 
 426;      .451;    26.070;    88.447; 
 427;      .447;    26.080;    88.447; 
 428;      .444;    26.087;    88.447; 
 429;      .440;    26.100;    88.447; 
 430;      .435;    26.114;    88.447; 
 431;      .433;    26.121;    88.447; 
 432;      .430;    26.129;    88.447; 
 433;      .429;    26.132;    88.447; 
 434;      .427;    26.135;    88.447; 
 435;      .423;    26.144;    88.447; 
 436;      .415;    26.166;    88.447; 
 437;      .407;    26.191;    88.447; 
 438;      .403;    26.207;    88.447; 
 439;      .400;    26.216;    88.447; 
 440;      .399;    26.218;    88.447; 
 441;      .398;    26.223;    88.447; 
 442;      .395;    26.230;    88.447; 
 443;      .393;    26.237;    88.447; 
 444;      .389;    26.246;    88.447; 
 445;      .385;    26.256;    88.447; 
 446;      .382;    26.265;    88.447; 
 447;      .378;    26.275;    88.447; 
 448;      .377;    26.278;    88.447; 
 449;      .373;    26.288;    88.447; 
 450;      .371;    26.292;    88.447; 
 451;      .366;    26.302;    88.447; 
 452;      .362;    26.313;    88.447; 
 453;      .352;    26.339;    88.447; 
 454;      .344;    26.365;    88.447; 
 455;      .343;    26.369;    88.447; 
 456;      .341;    26.375;    88.447; 
 457;      .340;    26.375;    88.447; 
 458;      .339;    26.379;    88.447; 
 459;      .337;    26.385;    88.447; 
 460;      .332;    26.397;    88.447; 
 461;      .324;    26.418;    88.447; 
 462;      .318;    26.436;    88.447; 
 463;      .317;    26.439;    88.447; 
 464;      .314;    26.446;    88.447; 
 465;      .311;    26.456;    88.447; 
 466;      .308;    26.465;    88.447; 
 467;      .306;    26.470;    88.447; 
 468;      .302;    26.480;    88.447; 
 469;      .298;    26.491;    88.447; 
 470;      .296;    26.494;    88.447; 
 471;      .294;    26.500;    88.447; 
 472;      .291;    26.506;    88.447; 
 473;      .290;    26.508;    88.447; 
 474;      .288;    26.512;    88.447; 
 475;      .280;    26.528;    88.447; 
 476;      .272;    26.544;    88.447; 
 477;      .266;    26.559;    88.447; 
 478;      .258;    26.581;    88.447; 
 479;      .252;    26.599;    88.447; 
 480;      .250;    26.604;    88.447; 
 481;      .247;    26.613;    88.447; 
 482;      .243;    26.623;    88.447; 
 483;      .240;    26.633;    88.447; 
 484;      .237;    26.641;    88.447; 
 485;      .236;    26.643;    88.447; 
 486;      .232;    26.652;    88.447; 
 487;      .229;    26.661;    88.447; 
 488;      .225;    26.670;    88.447; 
 489;      .222;    26.676;    88.447; 
 490;      .217;    26.688;    88.447; 
 491;      .213;    26.698;    88.447; 
 492;      .208;    26.712;    88.447; 
 493;      .204;    26.723;    88.447; 
 494;      .201;    26.728;    88.447; 
 495;      .199;    26.734;    88.447; 
 496;      .196;    26.739;    88.447; 
 497;      .194;    26.744;    88.447; 
 498;      .188;    26.757;    88.447; 
 499;      .180;    26.776;    88.447; 
 500;      .173;    26.794;    88.447; 
 501;      .169;    26.803;    88.447; 
 502;      .168;    26.808;    88.447; 
 503;      .166;    26.812;    88.447; 
 504;      .162;    26.821;    88.447; 
 505;      .159;    26.827;    88.447; 
 506;      .153;    26.842;    88.447; 
 507;      .148;    26.854;    88.447; 
 508;      .143;    26.866;    88.447; 
 509;      .141;    26.870;    88.447; 
 510;      .136;    26.881;    88.447; 
 511;      .132;    26.891;    88.447; 
 512;      .129;    26.897;    88.447; 
 513;      .124;    26.910;    88.447; 
 514;      .119;    26.922;    88.447; 
 515;      .114;    26.935;    88.447; 
 516;      .111;    26.944;    88.447; 
 517;      .107;    26.954;    88.447; 
 518;      .104;    26.959;    88.447; 
 519;      .101;    26.967;    88.447; 
 520;      .097;    26.977;    88.447; 
 521;      .093;    26.985;    88.447; 
 522;      .089;    26.994;    88.447; 
 523;      .086;    27.000;    88.447; 
 524;      .083;    27.007;    88.447; 
 525;      .081;    27.011;    88.447; 
 526;      .077;    27.020;    88.447; 
 527;      .075;    27.021;    88.447; 
 528;      .074;    27.023;    88.447; 
 529;      .072;    27.027;    88.447; 
 530;      .069;    27.030;    88.447; 
 531;      .063;    27.040;    88.447; 
 532;      .062;    27.041;    88.447; 
 533;      .058;    27.046;    88.447; 
 534;      .058;    27.046;    88.447; 
 535;      .058;    27.045;    88.447; 
 536;      .055;    27.048;    88.447; 
 537;      .053;    27.049;    88.447; 
 538;      .049;    27.053;    88.447; 
 539;      .039;    27.062;    88.447; 
 540;      .033;    27.069;    88.447; 
 541;      .028;    27.073;    88.447; 
 542;      .023;    27.078;    88.447; 
 543;      .006;    27.094;    88.447; 
 544;     -.001;    27.100;    88.447; 
 545;     -.007;    27.105;    88.447; 
 546;     -.005;    27.103;    88.447; 
 547;     -.008;    27.106;    88.447; 
 548;     -.007;    27.105;    88.447; 
 549;     -.008;    27.105;    88.447; 
 550;     -.009;    27.106;    88.447; 
 551;     -.014;    27.108;    88.447; 
 552;     -.014;    27.108;    88.447; 
 553;     -.018;    27.110;    88.447; 
 554;     -.028;    27.114;    88.447; 
 555;     -.041;    27.120;    88.447; 
 556;     -.048;    27.124;    88.447; 
 557;     -.053;    27.126;    88.447; 
 558;     -.056;    27.127;    88.447; 
 559;     -.058;    27.128;    88.447; 
 560;     -.060;    27.128;    88.447; 
 561;     -.063;    27.129;    88.447; 
 562;     -.065;    27.129;    88.447; 
 563;     -.071;    27.130;    88.447; 
 564;     -.075;    27.131;    88.447; 
 565;     -.079;    27.132;    88.447; 
 566;     -.085;    27.133;    88.447; 
 567;     -.090;    27.133;    88.447; 
 568;     -.096;    27.134;    88.447; 
 569;     -.099;    27.134;    88.447; 
 570;     -.103;    27.134;    88.447; 
 571;     -.109;    27.134;    88.447; 
 572;     -.113;    27.134;    88.447; 
 573;     -.124;    27.134;    88.447; 
 574;     -.131;    27.134;    88.447; 
 575;     -.140;    27.134;    88.447; 
 576;     -.148;    27.134;    88.447; 
 577;     -.160;    27.134;    88.447; 
 578;     -.171;    27.133;    88.447; 
 579;     -.183;    27.133;    88.447; 
 580;     -.193;    27.133;    88.447; 
 581;     -.203;    27.133;    88.447; 
 582;     -.214;    27.133;    88.447; 
 583;     -.223;    27.133;    88.447; 
 584;     -.232;    27.133;    88.447; 
 585;     -.238;    27.132;    88.447; 
 586;     -.248;    27.132;    88.447; 
 587;     -.258;    27.132;    88.447; 
 588;     -.273;    27.131;    88.447; 
 589;     -.286;    27.131;    88.447; 
 590;     -.295;    27.131;    88.447; 
 591;     -.305;    27.131;    88.447; 
 592;     -.318;    27.130;    88.447; 
 593;     -.328;    27.130;    88.447; 
 594;     -.340;    27.130;    88.447; 
 595;     -.352;    27.130;    88.447; 
 596;     -.363;    27.130;    88.447; 
 597;     -.371;    27.130;    88.447; 
 598;     -.377;    27.130;    88.447; 
 599;     -.386;    27.130;    88.447; 
 600;     -.391;    27.129;    88.447; 
 601;     -.406;    27.129;    88.447; 
 602;     -.425;    27.128;    88.447; 
 603;     -.441;    27.129;    88.447; 
 604;     -.449;    27.129;    88.447; 
 605;     -.456;    27.128;    88.447; 
 606;     -.470;    27.128;    88.447; 
 607;     -.479;    27.128;    88.447; 
 608;     -.487;    27.128;    88.447; 
 609;     -.498;    27.128;    88.447; 
 610;     -.509;    27.128;    88.447; 
 611;     -.519;    27.128;    88.447; 
 612;     -.530;    27.128;    88.447; 
 613;     -.540;    27.127;    88.447; 
 614;     -.547;    27.127;    88.447; 
 615;     -.557;    27.127;    88.447; 
 616;     -.566;    27.127;    88.447; 
 617;     -.571;    27.126;    88.447; 
 618;     -.577;    27.126;    88.447; 
 619;     -.579;    27.125;    88.447; 
 620;     -.588;    27.124;    88.447; 
 621;     -.590;    27.124;    88.447; 
 622;     -.594;    27.123;    88.447; 
 623;     -.602;    27.121;    88.447; 
 624;     -.622;    27.118;    88.447; 
 625;     -.644;    27.116;    88.447; 
 626;     -.657;    27.114;    88.447; 
 627;     -.665;    27.114;    88.447; 
 628;     -.672;    27.113;    88.447; 
 629;     -.680;    27.112;    88.447; 
 630;     -.688;    27.111;    88.447; 
 631;     -.689;    27.110;    88.447; 
 632;     -.692;    27.110;    88.447; 
 633;     -.693;    27.109;    88.447; 
 634;     -.695;    27.109;    88.447; 
 635;     -.696;    27.108;    88.447; 
 636;     -.697;    27.107;    88.447; 
 637;     -.699;    27.106;    88.447; 
 638;     -.701;    27.105;    88.447; 
 639;     -.703;    27.104;    88.447; 
 640;     -.707;    27.102;    88.447; 
 641;     -.712;    27.099;    88.447; 
 642;     -.712;    27.099;    88.447; 
 643;     -.719;    27.095;    88.447; 
 644;     -.720;    27.094;    88.447; 
 645;     -.722;    27.092;    88.447; 
 646;     -.722;    27.092;    88.447; 
 647;     -.723;    27.091;    88.447; 
 648;     -.730;    27.084;    88.447; 
 649;     -.738;    27.078;    88.447; 
 650;     -.755;    27.064;    88.447; 
 651;     -.770;    27.053;    88.447; 
 652;     -.777;    27.048;    88.447; 
 653;     -.777;    27.048;    88.447; 
 654;     -.780;    27.045;    88.447; 
 655;     -.776;    27.047;    88.447; 
 656;     -.778;    27.046;    88.447; 
 657;     -.777;    27.047;    88.447; 
 658;     -.781;    27.041;    88.447; 
 659;     -.795;    27.026;    88.447; 
 660;     -.803;    27.018;    88.447; 
 661;     -.805;    27.016;    88.447; 
 662;     -.805;    27.015;    88.447; 
 663;     -.807;    27.012;    88.447; 
 664;     -.807;    27.012;    88.447; 
 665;     -.808;    27.009;    88.447; 
 666;     -.810;    27.006;    88.447; 
 667;     -.816;    26.995;    88.447; 
 668;     -.818;    26.992;    88.447; 
 669;     -.822;    26.983;    88.447; 
 670;     -.821;    26.984;    88.447; 
 671;     -.823;    26.981;    88.447; 
 672;     -.823;    26.980;    88.447; 
 673;     -.827;    26.970;    88.447; 
 674;     -.833;    26.955;    88.447; 
 675;     -.838;    26.943;    88.447; 
 676;     -.841;    26.935;    88.447; 
 677;     -.844;    26.927;    88.447; 
 678;     -.846;    26.921;    88.447; 
 679;     -.849;    26.915;    88.447; 
 680;     -.853;    26.903;    88.447; 
 681;     -.856;    26.894;    88.447; 
 682;     -.860;    26.883;    88.447; 
 683;     -.867;    26.867;    88.447; 
 684;     -.873;    26.852;    88.447; 
 685;     -.878;    26.842;    88.447; 
 686;     -.882;    26.833;    88.447; 
 687;     -.885;    26.825;    88.447; 
 688;     -.889;    26.816;    88.447; 
 689;     -.892;    26.809;    88.447; 
 690;     -.897;    26.795;    88.447; 
 691;     -.902;    26.785;    88.447; 
 692;     -.904;    26.778;    88.447; 
 693;     -.907;    26.771;    88.447; 
 694;     -.910;    26.763;    88.447; 
 695;     -.914;    26.754;    88.447; 
 696;     -.917;    26.745;    88.447; 
 697;     -.921;    26.734;    88.447; 
 698;     -.926;    26.721;    88.447; 
 699;     -.929;    26.714;    88.447; 
 700;     -.933;    26.702;    88.447; 
 701;     -.935;    26.696;    88.447; 
 702;     -.937;    26.691;    88.447; 
 703;     -.942;    26.677;    88.447; 
 704;     -.944;    26.671;    88.447; 
 705;     -.948;    26.659;    88.447; 
 706;     -.952;    26.649;    88.447; 
 707;     -.958;    26.634;    88.447; 
 708;     -.962;    26.622;    88.447; 
 709;     -.965;    26.616;    88.447; 
 710;     -.972;    26.598;    88.447; 
 711;     -.975;    26.590;    88.447; 
 712;     -.977;    26.585;    88.447; 
 713;     -.979;    26.578;    88.447; 
 714;     -.981;    26.573;    88.447; 
 715;     -.986;    26.559;    88.447; 
 716;     -.991;    26.544;    88.447; 
 717;     -.994;    26.536;    88.447; 
 718;     -.998;    26.527;    88.447; 
 719;    -1.003;    26.513;    88.447; 
 720;    -1.004;    26.510;    88.447; 
 721;    -1.006;    26.503;    88.447; 
 722;    -1.007;    26.499;    88.447; 
 723;    -1.012;    26.485;    88.447; 
 724;    -1.017;    26.470;    88.447; 
 725;    -1.023;    26.454;    88.447; 
 726;    -1.029;    26.440;    88.447; 
 727;    -1.032;    26.431;    88.447; 
 728;    -1.036;    26.420;    88.447; 
 729;    -1.038;    26.415;    88.447; 
 730;    -1.041;    26.406;    88.447; 
 731;    -1.043;    26.400;    88.447; 
 732;    -1.048;    26.387;    88.447; 
 733;    -1.051;    26.377;    88.447; 
 734;    -1.055;    26.367;    88.447; 
 735;    -1.058;    26.357;    88.447; 
 736;    -1.061;    26.349;    88.447; 
 737;    -1.064;    26.340;    88.447; 
 738;    -1.067;    26.331;    88.447; 
 739;    -1.071;    26.317;    88.447; 
 740;    -1.074;    26.309;    88.447; 
 741;    -1.077;    26.300;    88.447; 
 742;    -1.081;    26.290;    88.447; 
 743;    -1.084;    26.279;    88.447; 
 744;    -1.088;    26.268;    88.447; 
 745;    -1.088;    26.266;    88.447; 
 746;    -1.091;    26.257;    88.447; 
 747;    -1.095;    26.245;    88.447; 
 748;    -1.100;    26.228;    88.447; 
 749;    -1.106;    26.212;    88.447; 
 750;    -1.110;    26.201;    88.447; 
 751;    -1.111;    26.198;    88.447; 
 752;    -1.114;    26.187;    88.447; 
 753;    -1.116;    26.179;    88.447; 
 754;    -1.119;    26.171;    88.447; 
 755;    -1.122;    26.160;    88.447; 
 756;    -1.126;    26.149;    88.447; 
 757;    -1.130;    26.135;    88.447; 
 758;    -1.135;    26.123;    88.447; 
 759;    -1.137;    26.114;    88.447; 
 760;    -1.138;    26.112;    88.447; 
 761;    -1.141;    26.102;    88.447; 
 762;    -1.146;    26.085;    88.447; 
 763;    -1.153;    26.068;    88.447; 
 764;    -1.156;    26.059;    88.447; 
 765;    -1.158;    26.052;    88.447; 
 766;    -1.160;    26.045;    88.447; 
 767;    -1.161;    26.043;    88.447; 
 768;    -1.163;    26.036;    88.447; 
 769;    -1.165;    26.028;    88.447; 
 770;    -1.167;    26.018;    88.447; 
 771;    -1.172;    26.003;    88.447; 
 772;    -1.175;    25.992;    88.447; 
 773;    -1.179;    25.978;    88.447; 
 774;    -1.182;    25.968;    88.447; 
 775;    -1.184;    25.961;    88.447; 
 776;    -1.187;    25.952;    88.447; 
 777;    -1.188;    25.946;    88.447; 
 778;    -1.191;    25.936;    88.447; 
 779;    -1.192;    25.930;    88.447; 
 780;    -1.196;    25.915;    88.447; 
 781;    -1.202;    25.898;    88.447; 
 782;    -1.206;    25.884;    88.447; 
 783;    -1.210;    25.873;    88.447; 
 784;    -1.211;    25.867;    88.447; 
 785;    -1.213;    25.861;    88.447; 
 786;    -1.215;    25.854;    88.447; 
 787;    -1.218;    25.842;    88.447; 
 788;    -1.220;    25.834;    88.447; 
 789;    -1.224;    25.822;    88.447; 
 790;    -1.228;    25.808;    88.447; 
 791;    -1.229;    25.803;    88.447; 
 792;    -1.232;    25.792;    88.447; 
 793;    -1.233;    25.789;    88.447; 
 794;    -1.234;    25.782;    88.447; 
 795;    -1.236;    25.776;    88.447; 
 796;    -1.239;    25.760;    88.447; 
 797;    -1.243;    25.745;    88.447; 
 798;    -1.248;    25.727;    88.447; 
 799;    -1.252;    25.714;    88.447; 
 800;    -1.255;    25.702;    88.447; 
 801;    -1.257;    25.695;    88.447; 
 802;    -1.259;    25.690;    88.447; 
 803;    -1.260;    25.684;    88.447; 
 804;    -1.262;    25.675;    88.447; 
 805;    -1.266;    25.661;    88.447; 
 806;    -1.270;    25.647;    88.447; 
 807;    -1.272;    25.638;    88.447; 
 808;    -1.274;    25.631;    88.447; 
 809;    -1.276;    25.624;    88.447; 
 810;    -1.280;    25.608;    88.447; 
 811;    -1.281;    25.602;    88.447; 
 812;    -1.285;    25.589;    88.447; 
 813;    -1.288;    25.577;    88.447; 
 814;    -1.290;    25.570;    88.447; 
 815;    -1.291;    25.563;    88.447; 
 816;    -1.294;    25.553;    88.447; 
 817;    -1.296;    25.543;    88.447; 
 818;    -1.298;    25.532;    88.447; 
 819;    -1.302;    25.519;    88.447; 
 820;    -1.304;    25.511;    88.447; 
 821;    -1.306;    25.502;    88.447; 
 822;    -1.307;    25.497;    88.447; 
 823;    -1.310;    25.484;    88.447; 
 824;    -1.311;    25.478;    88.447; 
 825;    -1.312;    25.472;    88.447; 
 826;    -1.313;    25.468;    88.447; 
 827;    -1.314;    25.459;    88.447; 
 828;    -1.314;    25.456;    88.447; 
 829;    -1.315;    25.448;    88.447; 
 830;    -1.316;    25.439;    88.447; 
 831;    -1.317;    25.431;    88.447; 
 832;    -1.319;    25.417;    88.447; 
 833;    -1.319;    25.412;    88.447; 
 834;    -1.320;    25.402;    88.447; 
 835;    -1.324;    25.373;    88.447; 
 836;    -1.340;    25.318;    88.447; 
 837;    -1.344;    25.306;    88.447; 
 838;    -1.347;    25.298;    88.447; 
 839;    -1.348;    25.296;    88.447; 
 840;    -1.348;    25.295;    88.447; 
 841;    -1.350;    25.288;    88.447; 
 842;    -1.351;    25.283;    88.447; 
 843;    -1.351;    25.281;    88.447; 
 844;    -1.354;    25.268;    88.447; 
 845;    -1.355;    25.262;    88.447; 
 846;    -1.357;    25.251;    88.447; 
 847;    -1.359;    25.242;    88.447; 
 848;    -1.360;    25.237;    88.447; 
 849;    -1.361;    25.231;    88.447; 
 850;    -1.363;    25.217;    88.447; 
 851;    -1.365;    25.207;    88.447; 
 852;    -1.367;    25.195;    88.447; 
 853;    -1.369;    25.183;    88.447; 
 854;    -1.371;    25.174;    88.447; 
 855;    -1.372;    25.165;    88.447; 
 856;    -1.374;    25.155;    88.447; 
 857;    -1.375;    25.146;    88.447; 
 858;    -1.377;    25.134;    88.447; 
 859;    -1.380;    25.120;    88.447; 
 860;    -1.382;    25.109;    88.447; 
 861;    -1.385;    25.096;    88.447; 
 862;    -1.387;    25.085;    88.447; 
 863;    -1.390;    25.071;    88.447; 
 864;    -1.394;    25.055;    88.447; 
 865;    -1.397;    25.040;    88.447; 
 866;    -1.401;    25.026;    88.447; 
 867;    -1.407;    25.008;    88.447; 
 868;    -1.415;    24.987;    88.447; 
 869;    -1.423;    24.968;    88.447; 
 870;    -1.445;    24.927;    88.447; 
 871;    -1.568;    24.824;    88.447; 
 872;    -1.601;    24.812;    88.447; 
 873;    -1.659;    24.800;    88.447; 
 874;    -1.689;    24.799;    88.447; 
 875;    -1.698;    24.798;    88.447; 
 876;    -1.709;    24.798;    88.447; 
 877;    -1.718;    24.797;    88.447; 
 878;    -1.723;    24.797;    88.447; 
 879;    -1.729;    24.796;    88.447; 
 880;    -1.733;    24.796;    88.447; 
 881;    -1.738;    24.795;    88.447; 
 882;    -1.742;    24.794;    88.447; 
 883;    -1.752;    24.793;    88.447; 
 884;    -1.787;    24.789;    88.447; 
 885;    -1.818;    24.789;    88.447; 
 886;    -1.826;    24.789;    88.447; 
 887;    -1.834;    24.789;    88.447; 
 888;    -1.840;    24.789;    88.447; 
 889;    -1.842;    24.789;    88.447; 
 890;    -1.847;    24.788;    88.447; 
 891;    -1.851;    24.788;    88.447; 
 892;    -1.851;    24.787;    88.447; 
 893;    -1.864;    24.786;    88.447; 
 894;    -1.894;    24.783;    88.447; 
 895;    -1.915;    24.782;    88.447; 
 896;    -1.919;    24.782;    88.447; 
 897;    -1.925;    24.782;    88.447; 
 898;    -1.930;    24.781;    88.447; 
 899;    -1.939;    24.780;    88.447; 
 900;    -1.952;    24.779;    88.447; 
 901;    -1.959;    24.779;    88.447; 
 902;    -1.973;    24.778;    88.447; 
 903;    -1.991;    24.777;    88.447; 
 904;    -2.008;    24.776;    88.447; 
 905;    -2.019;    24.776;    88.447; 
 906;    -2.033;    24.776;    88.447; 
 907;    -2.067;    24.778;    88.447; 
 908;    -2.184;    24.819;    88.447; 
 909;    -2.279;    24.925;    88.447; 
 910;    -2.288;    24.943;    88.447; 
 911;    -2.292;    24.952;    88.447; 
 912;    -2.296;    24.961;    88.447; 
 913;    -2.302;    24.973;    88.447; 
 914;    -2.308;    24.986;    88.447; 
 915;    -2.313;    24.999;    88.447; 
 916;    -2.320;    25.016;    88.447; 
 917;    -2.325;    25.027;    88.447; 
 918;    -2.327;    25.031;    88.447; 
 919;    -2.332;    25.046;    88.447; 
 920;    -2.335;    25.051;    88.447; 
 921;    -2.339;    25.061;    88.447; 
 922;    -2.341;    25.065;    88.447; 
 923;    -2.353;    25.099;    88.447; 
 924;    -2.357;    25.113;    88.447; 
 925;    -2.360;    25.123;    88.447; 
 926;    -2.363;    25.134;    88.447; 
 927;    -2.368;    25.149;    88.447; 
 928;    -2.368;    25.150;    88.447; 
 929;    -2.370;    25.156;    88.447; 
 930;    -2.372;    25.162;    88.447; 
 931;    -2.373;    25.164;    88.447; 
 932;    -2.375;    25.168;    88.447; 
 933;    -2.382;    25.187;    88.447; 
 934;    -2.394;    25.228;    88.447; 
 935;    -2.398;    25.244;    88.447; 
 936;    -2.398;    25.247;    88.447; 
 937;    -2.398;    25.245;    88.447; 
 938;    -2.399;    25.248;    88.447; 
 939;    -2.400;    25.248;    88.447; 
 940;    -2.401;    25.250;    88.447; 
 941;    -2.402;    25.252;    88.447; 
 942;    -2.401;    25.250;    88.447; 
 943;    -2.411;    25.270;    88.447; 
 944;    -2.427;    25.314;    88.447; 
 945;    -2.432;    25.334;    88.447; 
 946;    -2.434;    25.338;    88.447; 
 947;    -2.436;    25.344;    88.447; 
 948;    -2.437;    25.347;    88.447; 
 949;    -2.441;    25.358;    88.447; 
 950;    -2.444;    25.367;    88.447; 
 951;    -2.447;    25.378;    88.447; 
 952;    -2.448;    25.380;    88.447; 
 953;    -2.453;    25.393;    88.447; 
 954;    -2.456;    25.400;    88.447; 
 955;    -2.460;    25.410;    88.447; 
 956;    -2.462;    25.415;    88.447; 
 957;    -2.466;    25.426;    88.447; 
 958;    -2.467;    25.429;    88.447; 
 959;    -2.473;    25.443;    88.447; 
 960;    -2.480;    25.461;    88.447; 
 961;    -2.483;    25.468;    88.447; 
 962;    -2.487;    25.478;    88.447; 
 963;    -2.489;    25.484;    88.447; 
 964;    -2.491;    25.489;    88.447; 
 965;    -2.495;    25.499;    88.447; 
 966;    -2.500;    25.510;    88.447; 
 967;    -2.504;    25.521;    88.447; 
 968;    -2.509;    25.531;    88.447; 
 969;    -2.513;    25.542;    88.447; 
 970;    -2.514;    25.544;    88.447; 
 971;    -2.518;    25.551;    88.447; 
 972;    -2.521;    25.558;    88.447; 
 973;    -2.526;    25.570;    88.447; 
 974;    -2.534;    25.587;    88.447; 
 975;    -2.538;    25.597;    88.447; 
 976;    -2.543;    25.610;    88.447; 
 977;    -2.546;    25.617;    88.447; 
 978;    -2.550;    25.625;    88.447; 
 979;    -2.553;    25.633;    88.447; 
 980;    -2.556;    25.640;    88.447; 
 981;    -2.559;    25.645;    88.447; 
 982;    -2.563;    25.654;    88.447; 
 983;    -2.569;    25.668;    88.447; 
 984;    -2.575;    25.680;    88.447; 
 985;    -2.583;    25.700;    88.447; 
 986;    -2.587;    25.708;    88.447; 
 987;    -2.590;    25.717;    88.447; 
 988;    -2.592;    25.720;    88.447; 
 989;    -2.595;    25.727;    88.447; 
 990;    -2.596;    25.729;    88.447; 
 991;    -2.604;    25.747;    88.447; 
 992;    -2.611;    25.763;    88.447; 
 993;    -2.616;    25.776;    88.447; 
 994;    -2.618;    25.780;    88.447; 
 995;    -2.621;    25.786;    88.447; 
 996;    -2.623;    25.790;    88.447; 
 997;    -2.625;    25.794;    88.447; 
 998;    -2.631;    25.806;    88.447; 
 999;    -2.639;    25.822;    88.447; 
1000;    -2.645;    25.836;    88.447; 
1001;    -2.651;    25.849;    88.447; 
1002;    -2.654;    25.857;    88.447; 
1003;    -2.659;    25.867;    88.447; 
1004;    -2.661;    25.873;    88.447; 
1005;    -2.664;    25.880;    88.447; 
1006;    -2.669;    25.890;    88.447; 
1007;    -2.673;    25.898;    88.447; 
1008;    -2.677;    25.906;    88.447; 
1009;    -2.681;    25.915;    88.447; 
1010;    -2.685;    25.924;    88.447; 
1011;    -2.689;    25.932;    88.447; 
1012;    -2.695;    25.943;    88.447; 
1013;    -2.698;    25.950;    88.447; 
1014;    -2.701;    25.957;    88.447; 
1015;    -2.706;    25.966;    88.447; 
1016;    -2.711;    25.976;    88.447; 
1017;    -2.714;    25.981;    88.447; 
1018;    -2.719;    25.991;    88.447; 
1019;    -2.723;    25.998;    88.447; 
1020;    -2.728;    26.008;    88.447; 
1021;    -2.737;    26.026;    88.447; 
1022;    -2.746;    26.045;    88.447; 
1023;    -2.750;    26.055;    88.447; 
1024;    -2.753;    26.061;    88.447; 
1025;    -2.757;    26.069;    88.447; 
1026;    -2.759;    26.074;    88.447; 
1027;    -2.763;    26.082;    88.447; 
1028;    -2.767;    26.090;    88.447; 
1029;    -2.771;    26.097;    88.447; 
1030;    -2.776;    26.106;    88.447; 
1031;    -2.779;    26.112;    88.447; 
1032;    -2.781;    26.116;    88.447; 
1033;    -2.790;    26.131;    88.447; 
1034;    -2.801;    26.155;    88.447; 
1035;    -2.807;    26.168;    88.447; 
1036;    -2.810;    26.173;    88.447; 
1037;    -2.812;    26.177;    88.447; 
1038;    -2.814;    26.181;    88.447; 
1039;    -2.818;    26.188;    88.447; 
1040;    -2.820;    26.193;    88.447; 
1041;    -2.829;    26.210;    88.447; 
1042;    -2.838;    26.227;    88.447; 
1043;    -2.842;    26.235;    88.447; 
1044;    -2.845;    26.242;    88.447; 
1045;    -2.850;    26.251;    88.447; 
1046;    -2.855;    26.261;    88.447; 
1047;    -2.858;    26.267;    88.447; 
1048;    -2.861;    26.272;    88.447; 
1049;    -2.865;    26.278;    88.447; 
1050;    -2.871;    26.289;    88.447; 
1051;    -2.877;    26.301;    88.447; 
1052;    -2.883;    26.312;    88.447; 
1053;    -2.889;    26.323;    88.447; 
1054;    -2.893;    26.330;    88.447; 
1055;    -2.898;    26.341;    88.447; 
1056;    -2.902;    26.348;    88.447; 
1057;    -2.907;    26.356;    88.447; 
1058;    -2.911;    26.363;    88.447; 
1059;    -2.916;    26.373;    88.447; 
1060;    -2.922;    26.384;    88.447; 
1061;    -2.928;    26.394;    88.447; 
1062;    -2.934;    26.404;    88.447; 
1063;    -2.941;    26.418;    88.447; 
1064;    -2.945;    26.426;    88.447; 
1065;    -2.950;    26.436;    88.447; 
1066;    -2.954;    26.444;    88.447; 
1067;    -2.956;    26.446;    88.447; 
1068;    -2.962;    26.457;    88.447; 
1069;    -2.967;    26.467;    88.447; 
1070;    -2.973;    26.478;    88.447; 
1071;    -2.981;    26.492;    88.447; 
1072;    -2.984;    26.497;    88.447; 
1073;    -2.986;    26.502;    88.447; 
1074;    -2.991;    26.510;    88.447; 
1075;    -2.996;    26.519;    88.447; 
1076;    -3.000;    26.526;    88.447; 
1077;    -3.007;    26.538;    88.447; 
1078;    -3.012;    26.546;    88.447; 
1079;    -3.018;    26.557;    88.447; 
1080;    -3.023;    26.566;    88.447; 
1081;    -3.025;    26.569;    88.447; 
1082;    -3.030;    26.578;    88.447; 
1083;    -3.039;    26.592;    88.447; 
1084;    -3.043;    26.600;    88.447; 
1085;    -3.049;    26.610;    88.447; 
1086;    -3.054;    26.618;    88.447; 
1087;    -3.058;    26.626;    88.447; 
1088;    -3.064;    26.635;    88.447; 
1089;    -3.071;    26.648;    88.447; 
1090;    -3.075;    26.656;    88.447; 
1091;    -3.078;    26.661;    88.447; 
1092;    -3.083;    26.669;    88.447; 
1093;    -3.089;    26.678;    88.447; 
1094;    -3.096;    26.691;    88.447; 
1095;    -3.102;    26.701;    88.447; 
1096;    -3.105;    26.706;    88.447; 
1097;    -3.109;    26.712;    88.447; 
1098;    -3.112;    26.717;    88.447; 
1099;    -3.114;    26.720;    88.447; 
1100;    -3.115;    26.721;    88.447; 
1101;    -3.119;    26.725;    88.447; 
1102;    -3.124;    26.732;    88.447; 
1103;    -3.129;    26.739;    88.447; 
1104;    -3.139;    26.750;    88.447; 
1105;    -3.170;    26.802;    88.447; 
1106;    -3.176;    26.814;    88.447; 
1107;    -3.181;    26.825;    88.447; 
1108;    -3.185;    26.833;    88.447; 
1109;    -3.185;    26.833;    88.447; 
1110;    -3.187;    26.836;    88.447; 
1111;    -3.188;    26.837;    88.447; 
1112;    -3.188;    26.836;    88.447; 
1113;    -3.188;    26.836;    88.447; 
1114;    -3.189;    26.837;    88.447; 
1115;    -3.188;    26.835;    88.447; 
1116;    -3.190;    26.837;    88.447; 
1117;    -3.190;    26.837;    88.447; 
1118;    -3.192;    26.838;    88.447; 
1119;    -3.200;    26.845;    88.447; 
1120;    -3.203;    26.847;    88.447; 
1121;    -3.207;    26.851;    88.447; 
1122;    -3.215;    26.857;    88.447; 
1123;    -3.229;    26.869;    88.447; 
1124;    -3.243;    26.881;    88.447; 
1125;    -3.248;    26.886;    88.447; 
1126;    -3.247;    26.884;    88.447; 
1127;    -3.256;    26.891;    88.447; 
1128;    -3.254;    26.889;    88.447; 
1129;    -3.259;    26.893;    88.447; 
1130;    -3.261;    26.894;    88.447; 
1131;    -3.267;    26.897;    88.447; 
1132;    -3.266;    26.897;    88.447; 
1133;    -3.272;    26.899;    88.447; 
1134;    -3.272;    26.899;    88.447; 
1135;    -3.275;    26.900;    88.447; 
1136;    -3.279;    26.901;    88.447; 
1137;    -3.283;    26.903;    88.447; 
1138;    -3.284;    26.903;    88.447; 
1139;    -3.287;    26.903;    88.447; 
1140;    -3.291;    26.904;    88.447; 
1141;    -3.293;    26.904;    88.447; 
1142;    -3.297;    26.905;    88.447; 
1143;    -3.299;    26.905;    88.447; 
1144;    -3.303;    26.905;    88.447; 
1145;    -3.306;    26.905;    88.447; 
1146;    -3.307;    26.905;    88.447; 
1147;    -3.315;    26.905;    88.447; 
1148;    -3.323;    26.904;    88.447; 
1149;    -3.332;    26.904;    88.447; 
1150;    -3.347;    26.904;    88.447; 
1151;    -3.359;    26.904;    88.447; 
1152;    -3.387;    26.905;    88.447; 
1153;    -3.394;    26.906;    88.447; 
1154;    -3.399;    26.906;    88.447; 
1155;    -3.403;    26.906;    88.447; 
1156;    -3.409;    26.905;    88.447; 
1157;    -3.414;    26.905;    88.447; 
1158;    -3.422;    26.905;    88.447; 
1159;    -3.435;    26.904;    88.447; 
1160;    -3.442;    26.904;    88.447; 
1161;    -3.446;    26.903;    88.447; 
1162;    -3.452;    26.903;    88.447; 
1163;    -3.458;    26.902;    88.447; 
1164;    -3.466;    26.901;    88.447; 
1165;    -3.475;    26.899;    88.447; 
1166;    -3.483;    26.898;    88.447; 
1167;    -3.489;    26.897;    88.447; 
1168;    -3.497;    26.896;    88.447; 
1169;    -3.506;    26.894;    88.447; 
1170;    -3.527;    26.891;    88.447; 
1171;    -3.542;    26.889;    88.447; 
1172;    -3.548;    26.888;    88.447; 
1173;    -3.556;    26.887;    88.447; 
1174;    -3.573;    26.884;    88.447; 
