[A]
   1;     2.920;    27.021;    88.446; 
   2;     2.910;    27.023;    88.446; 
   3;     2.897;    27.025;    88.446; 
   4;     2.888;    27.026;    88.446; 
   5;     2.881;    27.027;    88.446; 
   6;     2.876;    27.027;    88.446; 
   7;     2.866;    27.028;    88.446; 
   8;     2.857;    27.029;    88.446; 
   9;     2.846;    27.030;    88.446; 
  10;     2.836;    27.031;    88.446; 
  11;     2.824;    27.032;    88.446; 
  12;     2.810;    27.034;    88.446; 
  13;     2.799;    27.035;    88.446; 
  14;     2.788;    27.036;    88.446; 
  15;     2.781;    27.037;    88.446; 
  16;     2.774;    27.038;    88.446; 
  17;     2.765;    27.038;    88.446; 
  18;     2.754;    27.039;    88.446; 
  19;     2.739;    27.041;    88.446; 
  20;     2.723;    27.043;    88.446; 
  21;     2.714;    27.044;    88.446; 
  22;     2.707;    27.045;    88.446; 
  23;     2.699;    27.046;    88.446; 
  24;     2.691;    27.047;    88.446; 
  25;     2.685;    27.047;    88.446; 
  26;     2.675;    27.048;    88.446; 
  27;     2.668;    27.048;    88.446; 
  28;     2.658;    27.049;    88.446; 
  29;     2.653;    27.049;    88.446; 
  30;     2.648;    27.049;    88.446; 
  31;     2.647;    27.048;    88.446; 
  32;     2.643;    27.048;    88.446; 
  33;     2.640;    27.048;    88.446; 
  34;     2.635;    27.047;    88.446; 
  35;     2.633;    27.047;    88.446; 
  36;     2.630;    27.046;    88.446; 
  37;     2.621;    27.044;    88.446; 
  38;     2.614;    27.043;    88.446; 
  39;     2.607;    27.041;    88.446; 
  40;     2.600;    27.040;    88.446; 
  41;     2.597;    27.039;    88.446; 
  42;     2.589;    27.037;    88.446; 
  43;     2.585;    27.035;    88.446; 
  44;     2.582;    27.034;    88.446; 
  45;     2.578;    27.033;    88.446; 
  46;     2.572;    27.030;    88.446; 
  47;     2.565;    27.027;    88.446; 
  48;     2.565;    27.027;    88.446; 
  49;     2.559;    27.024;    88.446; 
  50;     2.559;    27.024;    88.446; 
  51;     2.553;    27.021;    88.446; 
  52;     2.551;    27.019;    88.446; 
  53;     2.550;    27.018;    88.446; 
  54;     2.543;    27.014;    88.446; 
  55;     2.540;    27.012;    88.446; 
  56;     2.537;    27.009;    88.446; 
  57;     2.535;    27.007;    88.446; 
  58;     2.534;    27.006;    88.446; 
  59;     2.529;    27.002;    88.446; 
  60;     2.524;    26.997;    88.446; 
  61;     2.521;    26.994;    88.446; 
  62;     2.516;    26.989;    88.446; 
  63;     2.511;    26.983;    88.446; 
  64;     2.509;    26.981;    88.446; 
  65;     2.505;    26.977;    88.446; 
  66;     2.503;    26.974;    88.446; 
  67;     2.498;    26.968;    88.446; 
  68;     2.495;    26.963;    88.446; 
  69;     2.493;    26.960;    88.446; 
  70;     2.486;    26.951;    88.446; 
  71;     2.483;    26.946;    88.446; 
  72;     2.480;    26.941;    88.446; 
  73;     2.477;    26.937;    88.446; 
  74;     2.472;    26.928;    88.446; 
  75;     2.468;    26.922;    88.446; 
  76;     2.462;    26.911;    88.446; 
  77;     2.459;    26.906;    88.446; 
  78;     2.453;    26.895;    88.446; 
  79;     2.449;    26.888;    88.446; 
  80;     2.444;    26.879;    88.446; 
  81;     2.441;    26.873;    88.446; 
  82;     2.434;    26.861;    88.446; 
  83;     2.427;    26.847;    88.446; 
  84;     2.419;    26.834;    88.446; 
  85;     2.415;    26.827;    88.446; 
  86;     2.410;    26.819;    88.446; 
  87;     2.407;    26.813;    88.446; 
  88;     2.402;    26.804;    88.446; 
  89;     2.398;    26.797;    88.446; 
  90;     2.393;    26.787;    88.446; 
  91;     2.390;    26.782;    88.446; 
  92;     2.385;    26.772;    88.446; 
  93;     2.381;    26.764;    88.446; 
  94;     2.376;    26.753;    88.446; 
  95;     2.370;    26.742;    88.446; 
  96;     2.363;    26.729;    88.446; 
  97;     2.360;    26.724;    88.446; 
  98;     2.355;    26.715;    88.446; 
  99;     2.350;    26.705;    88.446; 
 100;     2.347;    26.698;    88.446; 
 101;     2.342;    26.688;    88.446; 
 102;     2.334;    26.673;    88.446; 
 103;     2.328;    26.662;    88.446; 
 104;     2.320;    26.649;    88.446; 
 105;     2.322;    26.651;    88.446; 
 106;     2.316;    26.639;    88.446; 
 107;     2.311;    26.630;    88.446; 
 108;     2.308;    26.623;    88.446; 
 109;     2.301;    26.610;    88.446; 
 110;     2.296;    26.601;    88.446; 
 111;     2.291;    26.592;    88.446; 
 112;     2.284;    26.579;    88.446; 
 113;     2.279;    26.568;    88.446; 
 114;     2.272;    26.556;    88.446; 
 115;     2.269;    26.550;    88.446; 
 116;     2.263;    26.540;    88.446; 
 117;     2.262;    26.537;    88.446; 
 118;     2.258;    26.529;    88.446; 
 119;     2.254;    26.521;    88.446; 
 120;     2.248;    26.510;    88.446; 
 121;     2.243;    26.498;    88.446; 
 122;     2.239;    26.491;    88.446; 
 123;     2.231;    26.476;    88.446; 
 124;     2.228;    26.469;    88.446; 
 125;     2.224;    26.461;    88.446; 
 126;     2.220;    26.453;    88.446; 
 127;     2.215;    26.442;    88.446; 
 128;     2.211;    26.436;    88.446; 
 129;     2.206;    26.424;    88.446; 
 130;     2.205;    26.422;    88.446; 
 131;     2.201;    26.414;    88.446; 
 132;     2.194;    26.398;    88.446; 
 133;     2.186;    26.383;    88.446; 
 134;     2.182;    26.376;    88.446; 
 135;     2.174;    26.360;    88.446; 
 136;     2.172;    26.356;    88.446; 
 137;     2.168;    26.347;    88.446; 
 138;     2.163;    26.337;    88.446; 
 139;     2.159;    26.328;    88.446; 
 140;     2.153;    26.317;    88.446; 
 141;     2.149;    26.309;    88.446; 
 142;     2.144;    26.298;    88.446; 
 143;     2.140;    26.290;    88.446; 
 144;     2.138;    26.287;    88.446; 
 145;     2.133;    26.277;    88.446; 
 146;     2.128;    26.266;    88.446; 
 147;     2.123;    26.255;    88.446; 
 148;     2.119;    26.246;    88.446; 
 149;     2.113;    26.234;    88.446; 
 150;     2.107;    26.222;    88.446; 
 151;     2.103;    26.214;    88.446; 
 152;     2.099;    26.205;    88.446; 
 153;     2.095;    26.198;    88.446; 
 154;     2.092;    26.191;    88.446; 
 155;     2.088;    26.181;    88.446; 
 156;     2.085;    26.176;    88.446; 
 157;     2.080;    26.164;    88.446; 
 158;     2.076;    26.156;    88.446; 
 159;     2.071;    26.145;    88.446; 
 160;     2.066;    26.133;    88.446; 
 161;     2.061;    26.122;    88.446; 
 162;     2.058;    26.116;    88.446; 
 163;     2.052;    26.102;    88.446; 
 164;     2.049;    26.096;    88.446; 
 165;     2.046;    26.089;    88.446; 
 166;     2.040;    26.076;    88.446; 
 167;     2.038;    26.070;    88.446; 
 168;     2.030;    26.055;    88.446; 
 169;     2.028;    26.049;    88.446; 
 170;     2.022;    26.037;    88.446; 
 171;     2.019;    26.029;    88.446; 
 172;     2.013;    26.017;    88.446; 
 173;     2.011;    26.012;    88.446; 
 174;     2.009;    26.008;    88.446; 
 175;     2.006;    26.000;    88.446; 
 176;     2.001;    25.988;    88.446; 
 177;     1.995;    25.974;    88.446; 
 178;     1.989;    25.961;    88.446; 
 179;     1.984;    25.951;    88.446; 
 180;     1.983;    25.948;    88.446; 
 181;     1.978;    25.937;    88.446; 
 182;     1.976;    25.931;    88.446; 
 183;     1.972;    25.923;    88.446; 
 184;     1.968;    25.914;    88.446; 
 185;     1.966;    25.907;    88.446; 
 186;     1.963;    25.900;    88.446; 
 187;     1.956;    25.882;    88.446; 
 188;     1.954;    25.877;    88.446; 
 189;     1.948;    25.862;    88.446; 
 190;     1.946;    25.858;    88.446; 
 191;     1.941;    25.845;    88.446; 
 192;     1.938;    25.837;    88.446; 
 193;     1.935;    25.830;    88.446; 
 194;     1.930;    25.818;    88.446; 
 195;     1.927;    25.810;    88.446; 
 196;     1.922;    25.797;    88.446; 
 197;     1.917;    25.786;    88.446; 
 198;     1.911;    25.772;    88.446; 
 199;     1.910;    25.768;    88.446; 
 200;     1.906;    25.759;    88.446; 
 201;     1.902;    25.748;    88.446; 
 202;     1.898;    25.738;    88.446; 
 203;     1.894;    25.727;    88.446; 
 204;     1.891;    25.721;    88.446; 
 205;     1.889;    25.714;    88.446; 
 206;     1.886;    25.706;    88.446; 
 207;     1.882;    25.697;    88.446; 
 208;     1.879;    25.687;    88.446; 
 209;     1.875;    25.676;    88.446; 
 210;     1.869;    25.661;    88.446; 
 211;     1.865;    25.651;    88.446; 
 212;     1.862;    25.642;    88.446; 
 213;     1.856;    25.630;    88.446; 
 214;     1.852;    25.619;    88.446; 
 215;     1.849;    25.611;    88.446; 
 216;     1.845;    25.601;    88.446; 
 217;     1.844;    25.597;    88.446; 
 218;     1.841;    25.589;    88.446; 
 219;     1.839;    25.583;    88.446; 
 220;     1.836;    25.575;    88.446; 
 221;     1.832;    25.564;    88.446; 
 222;     1.826;    25.546;    88.446; 
 223;     1.819;    25.530;    88.446; 
 224;     1.817;    25.526;    88.446; 
 225;     1.812;    25.513;    88.446; 
 226;     1.809;    25.504;    88.446; 
 227;     1.805;    25.494;    88.446; 
 228;     1.803;    25.489;    88.446; 
 229;     1.801;    25.481;    88.446; 
 230;     1.798;    25.473;    88.446; 
 231;     1.795;    25.464;    88.446; 
 232;     1.792;    25.456;    88.446; 
 233;     1.789;    25.446;    88.446; 
 234;     1.784;    25.433;    88.446; 
 235;     1.782;    25.427;    88.446; 
 236;     1.779;    25.416;    88.446; 
 237;     1.775;    25.405;    88.446; 
 238;     1.773;    25.399;    88.446; 
 239;     1.770;    25.390;    88.446; 
 240;     1.766;    25.377;    88.446; 
 241;     1.764;    25.370;    88.446; 
 242;     1.761;    25.360;    88.446; 
 243;     1.753;    25.339;    88.446; 
 244;     1.749;    25.327;    88.446; 
 245;     1.746;    25.319;    88.446; 
 246;     1.743;    25.313;    88.446; 
 247;     1.743;    25.309;    88.446; 
 248;     1.740;    25.302;    88.446; 
 249;     1.737;    25.291;    88.446; 
 250;     1.731;    25.274;    88.446; 
 251;     1.729;    25.267;    88.446; 
 252;     1.725;    25.255;    88.446; 
 253;     1.723;    25.249;    88.446; 
 254;     1.722;    25.243;    88.446; 
 255;     1.716;    25.227;    88.446; 
 256;     1.715;    25.223;    88.446; 
 257;     1.712;    25.211;    88.446; 
 258;     1.708;    25.200;    88.446; 
 259;     1.704;    25.185;    88.446; 
 260;     1.699;    25.171;    88.446; 
 261;     1.696;    25.163;    88.446; 
 262;     1.694;    25.155;    88.446; 
 263;     1.691;    25.147;    88.446; 
 264;     1.688;    25.136;    88.446; 
 265;     1.686;    25.130;    88.446; 
 266;     1.682;    25.118;    88.446; 
 267;     1.677;    25.102;    88.446; 
 268;     1.674;    25.093;    88.446; 
 269;     1.663;    25.066;    88.446; 
 270;     1.648;    25.035;    88.446; 
 271;     1.642;    25.024;    88.446; 
 272;     1.635;    25.013;    88.446; 
 273;     1.629;    25.001;    88.446; 
 274;     1.605;    24.967;    88.446; 
 275;     1.507;    24.889;    88.446; 
 276;     1.406;    24.864;    88.446; 
 277;     1.394;    24.864;    88.446; 
 278;     1.373;    24.863;    88.446; 
 279;     1.342;    24.864;    88.446; 
 280;     1.327;    24.865;    88.446; 
 281;     1.314;    24.866;    88.446; 
 282;     1.303;    24.867;    88.446; 
 283;     1.294;    24.867;    88.446; 
 284;     1.290;    24.868;    88.446; 
 285;     1.283;    24.868;    88.446; 
 286;     1.269;    24.869;    88.446; 
 287;     1.252;    24.870;    88.446; 
 288;     1.239;    24.871;    88.446; 
 289;     1.232;    24.872;    88.446; 
 290;     1.224;    24.872;    88.446; 
 291;     1.217;    24.872;    88.446; 
 292;     1.209;    24.873;    88.446; 
 293;     1.200;    24.873;    88.446; 
 294;     1.193;    24.873;    88.446; 
 295;     1.181;    24.873;    88.446; 
 296;     1.166;    24.874;    88.446; 
 297;     1.149;    24.875;    88.446; 
 298;     1.135;    24.876;    88.446; 
 299;     1.128;    24.877;    88.446; 
 300;     1.120;    24.877;    88.446; 
 301;     1.109;    24.878;    88.446; 
 302;     1.101;    24.878;    88.446; 
 303;     1.090;    24.879;    88.446; 
 304;     1.080;    24.879;    88.446; 
 305;     1.071;    24.880;    88.446; 
 306;     1.060;    24.880;    88.446; 
 307;     1.051;    24.881;    88.446; 
 308;     1.041;    24.881;    88.446; 
 309;     1.028;    24.881;    88.446; 
 310;     1.010;    24.883;    88.446; 
 311;      .967;    24.890;    88.446; 
 312;      .923;    24.903;    88.446; 
 313;      .796;    25.008;    88.446; 
 314;      .775;    25.046;    88.446; 
 315;      .758;    25.093;    88.446; 
 316;      .755;    25.104;    88.446; 
 317;      .751;    25.119;    88.446; 
 318;      .747;    25.136;    88.446; 
 319;      .743;    25.151;    88.446; 
 320;      .740;    25.166;    88.446; 
 321;      .738;    25.181;    88.446; 
 322;      .736;    25.192;    88.446; 
 323;      .734;    25.203;    88.446; 
 324;      .732;    25.211;    88.446; 
 325;      .730;    25.220;    88.446; 
 326;      .728;    25.233;    88.446; 
 327;      .726;    25.243;    88.446; 
 328;      .725;    25.252;    88.446; 
 329;      .723;    25.263;    88.446; 
 330;      .721;    25.272;    88.446; 
 331;      .719;    25.282;    88.446; 
 332;      .718;    25.288;    88.446; 
 333;      .717;    25.293;    88.446; 
 334;      .715;    25.300;    88.446; 
 335;      .714;    25.304;    88.446; 
 336;      .709;    25.323;    88.446; 
 337;      .706;    25.337;    88.446; 
 338;      .704;    25.346;    88.446; 
 339;      .701;    25.358;    88.446; 
 340;      .698;    25.375;    88.446; 
 341;      .696;    25.388;    88.446; 
 342;      .694;    25.397;    88.446; 
 343;      .692;    25.406;    88.446; 
 344;      .691;    25.409;    88.446; 
 345;      .689;    25.421;    88.446; 
 346;      .687;    25.430;    88.446; 
 347;      .685;    25.441;    88.446; 
 348;      .683;    25.447;    88.446; 
 349;      .681;    25.453;    88.446; 
 350;      .680;    25.460;    88.446; 
 351;      .676;    25.472;    88.446; 
 352;      .672;    25.492;    88.446; 
 353;      .669;    25.508;    88.446; 
 354;      .667;    25.514;    88.446; 
 355;      .665;    25.525;    88.446; 
 356;      .662;    25.538;    88.446; 
 357;      .661;    25.543;    88.446; 
 358;      .659;    25.552;    88.446; 
 359;      .656;    25.565;    88.446; 
 360;      .655;    25.571;    88.446; 
 361;      .653;    25.580;    88.446; 
 362;      .650;    25.590;    88.446; 
 363;      .648;    25.596;    88.446; 
 364;      .646;    25.605;    88.446; 
 365;      .643;    25.614;    88.446; 
 366;      .641;    25.622;    88.446; 
 367;      .637;    25.639;    88.446; 
 368;      .634;    25.648;    88.446; 
 369;      .631;    25.659;    88.446; 
 370;      .629;    25.670;    88.446; 
 371;      .626;    25.680;    88.446; 
 372;      .623;    25.690;    88.446; 
 373;      .621;    25.697;    88.446; 
 374;      .618;    25.710;    88.446; 
 375;      .616;    25.715;    88.446; 
 376;      .612;    25.729;    88.446; 
 377;      .610;    25.739;    88.446; 
 378;      .606;    25.753;    88.446; 
 379;      .604;    25.758;    88.446; 
 380;      .601;    25.769;    88.446; 
 381;      .599;    25.777;    88.446; 
 382;      .596;    25.788;    88.446; 
 383;      .594;    25.794;    88.446; 
 384;      .591;    25.804;    88.446; 
 385;      .588;    25.816;    88.446; 
 386;      .584;    25.830;    88.446; 
 387;      .581;    25.838;    88.446; 
 388;      .579;    25.845;    88.446; 
 389;      .576;    25.856;    88.446; 
 390;      .573;    25.866;    88.446; 
 391;      .570;    25.878;    88.446; 
 392;      .568;    25.883;    88.446; 
 393;      .564;    25.896;    88.446; 
 394;      .561;    25.908;    88.446; 
 395;      .558;    25.918;    88.446; 
 396;      .556;    25.924;    88.446; 
 397;      .553;    25.933;    88.446; 
 398;      .550;    25.944;    88.446; 
 399;      .547;    25.952;    88.446; 
 400;      .544;    25.962;    88.446; 
 401;      .540;    25.972;    88.446; 
 402;      .536;    25.985;    88.446; 
 403;      .532;    25.998;    88.446; 
 404;      .529;    26.008;    88.446; 
 405;      .526;    26.020;    88.446; 
 406;      .525;    26.024;    88.446; 
 407;      .522;    26.034;    88.446; 
 408;      .520;    26.038;    88.446; 
 409;      .517;    26.047;    88.446; 
 410;      .512;    26.061;    88.446; 
 411;      .508;    26.073;    88.446; 
 412;      .506;    26.081;    88.446; 
 413;      .502;    26.093;    88.446; 
 414;      .499;    26.102;    88.446; 
 415;      .496;    26.112;    88.446; 
 416;      .493;    26.119;    88.446; 
 417;      .489;    26.130;    88.446; 
 418;      .485;    26.142;    88.446; 
 419;      .482;    26.153;    88.446; 
 420;      .477;    26.167;    88.446; 
 421;      .473;    26.180;    88.446; 
 422;      .471;    26.187;    88.446; 
 423;      .468;    26.196;    88.446; 
 424;      .465;    26.206;    88.446; 
 425;      .462;    26.214;    88.446; 
 426;      .460;    26.222;    88.446; 
 427;      .457;    26.230;    88.446; 
 428;      .453;    26.240;    88.446; 
 429;      .451;    26.247;    88.446; 
 430;      .449;    26.252;    88.446; 
 431;      .445;    26.262;    88.446; 
 432;      .440;    26.274;    88.446; 
 433;      .435;    26.289;    88.446; 
 434;      .430;    26.305;    88.446; 
 435;      .426;    26.315;    88.446; 
 436;      .422;    26.327;    88.446; 
 437;      .419;    26.336;    88.446; 
 438;      .417;    26.343;    88.446; 
 439;      .415;    26.350;    88.446; 
 440;      .412;    26.356;    88.446; 
 441;      .409;    26.365;    88.446; 
 442;      .405;    26.376;    88.446; 
 443;      .401;    26.386;    88.446; 
 444;      .399;    26.392;    88.446; 
 445;      .396;    26.400;    88.446; 
 446;      .391;    26.412;    88.446; 
 447;      .384;    26.430;    88.446; 
 448;      .381;    26.439;    88.446; 
 449;      .378;    26.448;    88.446; 
 450;      .376;    26.452;    88.446; 
 451;      .374;    26.458;    88.446; 
 452;      .368;    26.471;    88.446; 
 453;      .365;    26.481;    88.446; 
 454;      .359;    26.495;    88.446; 
 455;      .355;    26.508;    88.446; 
 456;      .351;    26.517;    88.446; 
 457;      .348;    26.525;    88.446; 
 458;      .345;    26.533;    88.446; 
 459;      .342;    26.542;    88.446; 
 460;      .340;    26.546;    88.446; 
 461;      .336;    26.554;    88.446; 
 462;      .334;    26.560;    88.446; 
 463;      .326;    26.579;    88.446; 
 464;      .319;    26.598;    88.446; 
 465;      .315;    26.608;    88.446; 
 466;      .312;    26.616;    88.446; 
 467;      .309;    26.626;    88.446; 
 468;      .304;    26.640;    88.446; 
 469;      .301;    26.648;    88.446; 
 470;      .299;    26.653;    88.446; 
 471;      .294;    26.665;    88.446; 
 472;      .292;    26.670;    88.446; 
 473;      .288;    26.680;    88.446; 
 474;      .286;    26.685;    88.446; 
 475;      .283;    26.693;    88.446; 
 476;      .278;    26.704;    88.446; 
 477;      .273;    26.716;    88.446; 
 478;      .268;    26.728;    88.446; 
 479;      .264;    26.740;    88.446; 
 480;      .262;    26.743;    88.446; 
 481;      .259;    26.751;    88.446; 
 482;      .253;    26.765;    88.446; 
 483;      .249;    26.773;    88.446; 
 484;      .246;    26.782;    88.446; 
 485;      .242;    26.790;    88.446; 
 486;      .238;    26.800;    88.446; 
 487;      .230;    26.818;    88.446; 
 488;      .225;    26.832;    88.446; 
 489;      .222;    26.839;    88.446; 
 490;      .219;    26.847;    88.446; 
 491;      .216;    26.855;    88.446; 
 492;      .214;    26.860;    88.446; 
 493;      .211;    26.867;    88.446; 
 494;      .206;    26.877;    88.446; 
 495;      .201;    26.888;    88.446; 
 496;      .195;    26.902;    88.446; 
 497;      .192;    26.910;    88.446; 
 498;      .189;    26.915;    88.446; 
 499;      .184;    26.927;    88.446; 
 500;      .177;    26.945;    88.446; 
 501;      .174;    26.952;    88.446; 
 502;      .168;    26.967;    88.446; 
 503;      .165;    26.976;    88.446; 
 504;      .162;    26.982;    88.446; 
 505;      .161;    26.984;    88.446; 
 506;      .156;    26.996;    88.446; 
 507;      .152;    27.005;    88.446; 
 508;      .149;    27.012;    88.446; 
 509;      .144;    27.024;    88.446; 
 510;      .140;    27.034;    88.446; 
 511;      .135;    27.044;    88.446; 
 512;      .133;    27.049;    88.446; 
 513;      .131;    27.053;    88.446; 
 514;      .128;    27.059;    88.446; 
 515;      .127;    27.059;    88.446; 
 516;      .125;    27.062;    88.446; 
 517;      .121;    27.069;    88.446; 
 518;      .117;    27.075;    88.446; 
 519;      .114;    27.080;    88.446; 
 520;      .113;    27.081;    88.446; 
 521;      .110;    27.085;    88.446; 
 522;      .102;    27.095;    88.446; 
 523;      .097;    27.103;    88.446; 
 524;      .095;    27.105;    88.446; 
 525;      .092;    27.108;    88.446; 
 526;      .088;    27.113;    88.446; 
 527;      .086;    27.114;    88.446; 
 528;      .083;    27.117;    88.446; 
 529;      .081;    27.119;    88.446; 
 530;      .077;    27.123;    88.446; 
 531;      .074;    27.125;    88.446; 
 532;      .071;    27.127;    88.446; 
 533;      .066;    27.131;    88.446; 
 534;      .065;    27.131;    88.446; 
 535;      .060;    27.134;    88.446; 
 536;      .058;    27.135;    88.446; 
 537;      .053;    27.137;    88.446; 
 538;      .043;    27.143;    88.446; 
 539;      .038;    27.146;    88.446; 
 540;      .029;    27.150;    88.446; 
 541;      .023;    27.153;    88.446; 
 542;      .019;    27.154;    88.446; 
 543;      .018;    27.155;    88.446; 
 544;      .017;    27.155;    88.446; 
 545;      .013;    27.156;    88.446; 
 546;      .013;    27.156;    88.446; 
 547;      .009;    27.157;    88.446; 
 548;      .002;    27.159;    88.446; 
 549;     -.006;    27.161;    88.446; 
 550;     -.014;    27.162;    88.446; 
 551;     -.018;    27.163;    88.446; 
 552;     -.028;    27.165;    88.446; 
 553;     -.036;    27.166;    88.446; 
 554;     -.045;    27.168;    88.446; 
 555;     -.050;    27.168;    88.446; 
 556;     -.055;    27.169;    88.446; 
 557;     -.060;    27.169;    88.446; 
 558;     -.065;    27.170;    88.446; 
 559;     -.069;    27.170;    88.446; 
 560;     -.076;    27.170;    88.446; 
 561;     -.082;    27.170;    88.446; 
 562;     -.089;    27.170;    88.446; 
 563;     -.096;    27.170;    88.446; 
 564;     -.105;    27.170;    88.446; 
 565;     -.116;    27.170;    88.446; 
 566;     -.131;    27.170;    88.446; 
 567;     -.140;    27.169;    88.446; 
 568;     -.148;    27.169;    88.446; 
 569;     -.159;    27.169;    88.446; 
 570;     -.168;    27.169;    88.446; 
 571;     -.182;    27.169;    88.446; 
 572;     -.194;    27.169;    88.446; 
 573;     -.205;    27.169;    88.446; 
 574;     -.216;    27.169;    88.446; 
 575;     -.227;    27.169;    88.446; 
 576;     -.235;    27.168;    88.446; 
 577;     -.245;    27.168;    88.446; 
 578;     -.254;    27.168;    88.446; 
 579;     -.260;    27.168;    88.446; 
 580;     -.269;    27.168;    88.446; 
 581;     -.281;    27.167;    88.446; 
 582;     -.293;    27.167;    88.446; 
 583;     -.309;    27.167;    88.446; 
 584;     -.326;    27.167;    88.446; 
 585;     -.334;    27.167;    88.446; 
 586;     -.342;    27.167;    88.446; 
 587;     -.351;    27.167;    88.446; 
 588;     -.358;    27.167;    88.446; 
 589;     -.366;    27.167;    88.446; 
 590;     -.379;    27.166;    88.446; 
 591;     -.399;    27.166;    88.446; 
 592;     -.411;    27.167;    88.446; 
 593;     -.421;    27.167;    88.446; 
 594;     -.429;    27.167;    88.446; 
 595;     -.436;    27.167;    88.446; 
 596;     -.445;    27.166;    88.446; 
 597;     -.453;    27.166;    88.446; 
 598;     -.465;    27.166;    88.446; 
 599;     -.479;    27.166;    88.446; 
 600;     -.495;    27.166;    88.446; 
 601;     -.506;    27.166;    88.446; 
 602;     -.517;    27.166;    88.446; 
 603;     -.525;    27.166;    88.446; 
 604;     -.536;    27.166;    88.446; 
 605;     -.544;    27.166;    88.446; 
 606;     -.552;    27.166;    88.446; 
 607;     -.560;    27.166;    88.446; 
 608;     -.566;    27.166;    88.446; 
 609;     -.574;    27.165;    88.446; 
 610;     -.580;    27.165;    88.446; 
 611;     -.586;    27.164;    88.446; 
 612;     -.593;    27.164;    88.446; 
 613;     -.597;    27.163;    88.446; 
 614;     -.602;    27.162;    88.446; 
 615;     -.609;    27.161;    88.446; 
 616;     -.615;    27.160;    88.446; 
 617;     -.621;    27.159;    88.446; 
 618;     -.626;    27.157;    88.446; 
 619;     -.630;    27.156;    88.446; 
 620;     -.635;    27.154;    88.446; 
 621;     -.641;    27.153;    88.446; 
 622;     -.648;    27.150;    88.446; 
 623;     -.650;    27.149;    88.446; 
 624;     -.655;    27.147;    88.446; 
 625;     -.661;    27.145;    88.446; 
 626;     -.663;    27.144;    88.446; 
 627;     -.668;    27.141;    88.446; 
 628;     -.668;    27.141;    88.446; 
 629;     -.672;    27.138;    88.446; 
 630;     -.676;    27.136;    88.446; 
 631;     -.686;    27.130;    88.446; 
 632;     -.690;    27.128;    88.446; 
 633;     -.695;    27.124;    88.446; 
 634;     -.697;    27.123;    88.446; 
 635;     -.704;    27.117;    88.446; 
 636;     -.708;    27.114;    88.446; 
 637;     -.711;    27.111;    88.446; 
 638;     -.714;    27.109;    88.446; 
 639;     -.716;    27.107;    88.446; 
 640;     -.722;    27.102;    88.446; 
 641;     -.723;    27.100;    88.446; 
 642;     -.727;    27.095;    88.446; 
 643;     -.727;    27.095;    88.446; 
 644;     -.732;    27.088;    88.446; 
 645;     -.731;    27.090;    88.446; 
 646;     -.732;    27.088;    88.446; 
 647;     -.743;    27.072;    88.446; 
 648;     -.748;    27.066;    88.446; 
 649;     -.751;    27.061;    88.446; 
 650;     -.758;    27.051;    88.446; 
 651;     -.758;    27.051;    88.446; 
 652;     -.761;    27.045;    88.446; 
 653;     -.762;    27.044;    88.446; 
 654;     -.764;    27.038;    88.446; 
 655;     -.767;    27.032;    88.446; 
 656;     -.769;    27.028;    88.446; 
 657;     -.773;    27.018;    88.446; 
 658;     -.775;    27.013;    88.446; 
 659;     -.780;    27.002;    88.446; 
 660;     -.784;    26.992;    88.446; 
 661;     -.788;    26.981;    88.446; 
 662;     -.793;    26.971;    88.446; 
 663;     -.797;    26.962;    88.446; 
 664;     -.802;    26.950;    88.446; 
 665;     -.806;    26.940;    88.446; 
 666;     -.808;    26.934;    88.446; 
 667;     -.812;    26.924;    88.446; 
 668;     -.815;    26.917;    88.446; 
 669;     -.816;    26.913;    88.446; 
 670;     -.822;    26.898;    88.446; 
 671;     -.826;    26.888;    88.446; 
 672;     -.829;    26.880;    88.446; 
 673;     -.835;    26.865;    88.446; 
 674;     -.838;    26.856;    88.446; 
 675;     -.840;    26.850;    88.446; 
 676;     -.843;    26.842;    88.446; 
 677;     -.846;    26.833;    88.446; 
 678;     -.851;    26.821;    88.446; 
 679;     -.858;    26.803;    88.446; 
 680;     -.863;    26.792;    88.446; 
 681;     -.864;    26.788;    88.446; 
 682;     -.868;    26.778;    88.446; 
 683;     -.870;    26.772;    88.446; 
 684;     -.875;    26.759;    88.446; 
 685;     -.878;    26.749;    88.446; 
 686;     -.883;    26.738;    88.446; 
 687;     -.887;    26.726;    88.446; 
 688;     -.893;    26.713;    88.446; 
 689;     -.900;    26.697;    88.446; 
 690;     -.901;    26.694;    88.446; 
 691;     -.903;    26.688;    88.446; 
 692;     -.904;    26.683;    88.446; 
 693;     -.912;    26.664;    88.446; 
 694;     -.914;    26.657;    88.446; 
 695;     -.919;    26.645;    88.446; 
 696;     -.921;    26.639;    88.446; 
 697;     -.925;    26.629;    88.446; 
 698;     -.928;    26.621;    88.446; 
 699;     -.931;    26.613;    88.446; 
 700;     -.934;    26.604;    88.446; 
 701;     -.938;    26.592;    88.446; 
 702;     -.940;    26.585;    88.446; 
 703;     -.942;    26.580;    88.446; 
 704;     -.945;    26.570;    88.446; 
 705;     -.949;    26.558;    88.446; 
 706;     -.953;    26.546;    88.446; 
 707;     -.958;    26.533;    88.446; 
 708;     -.962;    26.521;    88.446; 
 709;     -.967;    26.507;    88.446; 
 710;     -.971;    26.498;    88.446; 
 711;     -.973;    26.491;    88.446; 
 712;     -.976;    26.483;    88.446; 
 713;     -.980;    26.472;    88.446; 
 714;     -.981;    26.467;    88.446; 
 715;     -.983;    26.460;    88.446; 
 716;     -.985;    26.456;    88.446; 
 717;     -.987;    26.448;    88.446; 
 718;     -.994;    26.426;    88.446; 
 719;    -1.002;    26.404;    88.446; 
 720;    -1.008;    26.391;    88.446; 
 721;    -1.011;    26.383;    88.446; 
 722;    -1.012;    26.379;    88.446; 
 723;    -1.017;    26.367;    88.446; 
 724;    -1.019;    26.362;    88.446; 
 725;    -1.023;    26.351;    88.446; 
 726;    -1.024;    26.347;    88.446; 
 727;    -1.028;    26.336;    88.446; 
 728;    -1.031;    26.326;    88.446; 
 729;    -1.033;    26.320;    88.446; 
 730;    -1.037;    26.307;    88.446; 
 731;    -1.041;    26.296;    88.446; 
 732;    -1.043;    26.290;    88.446; 
 733;    -1.045;    26.282;    88.446; 
 734;    -1.047;    26.275;    88.446; 
 735;    -1.051;    26.264;    88.446; 
 736;    -1.056;    26.247;    88.446; 
 737;    -1.061;    26.232;    88.446; 
 738;    -1.064;    26.226;    88.446; 
 739;    -1.066;    26.220;    88.446; 
 740;    -1.069;    26.210;    88.446; 
 741;    -1.071;    26.202;    88.446; 
 742;    -1.074;    26.192;    88.446; 
 743;    -1.078;    26.178;    88.446; 
 744;    -1.081;    26.169;    88.446; 
 745;    -1.084;    26.161;    88.446; 
 746;    -1.088;    26.148;    88.446; 
 747;    -1.091;    26.138;    88.446; 
 748;    -1.094;    26.129;    88.446; 
 749;    -1.099;    26.114;    88.446; 
 750;    -1.102;    26.103;    88.446; 
 751;    -1.107;    26.090;    88.446; 
 752;    -1.110;    26.082;    88.446; 
 753;    -1.111;    26.077;    88.446; 
 754;    -1.112;    26.074;    88.446; 
 755;    -1.114;    26.068;    88.446; 
 756;    -1.118;    26.055;    88.446; 
 757;    -1.121;    26.042;    88.446; 
 758;    -1.127;    26.024;    88.446; 
 759;    -1.131;    26.013;    88.446; 
 760;    -1.135;    26.003;    88.446; 
 761;    -1.136;    25.998;    88.446; 
 762;    -1.139;    25.989;    88.446; 
 763;    -1.140;    25.984;    88.446; 
 764;    -1.142;    25.976;    88.446; 
 765;    -1.145;    25.967;    88.446; 
 766;    -1.147;    25.959;    88.446; 
 767;    -1.151;    25.946;    88.446; 
 768;    -1.152;    25.941;    88.446; 
 769;    -1.155;    25.928;    88.446; 
 770;    -1.157;    25.922;    88.446; 
 771;    -1.158;    25.916;    88.446; 
 772;    -1.159;    25.911;    88.446; 
 773;    -1.161;    25.903;    88.446; 
 774;    -1.166;    25.884;    88.446; 
 775;    -1.172;    25.862;    88.446; 
 776;    -1.178;    25.843;    88.446; 
 777;    -1.180;    25.836;    88.446; 
 778;    -1.183;    25.828;    88.446; 
 779;    -1.184;    25.825;    88.446; 
 780;    -1.187;    25.813;    88.446; 
 781;    -1.189;    25.804;    88.446; 
 782;    -1.193;    25.791;    88.446; 
 783;    -1.195;    25.785;    88.446; 
 784;    -1.198;    25.774;    88.446; 
 785;    -1.201;    25.764;    88.446; 
 786;    -1.203;    25.754;    88.446; 
 787;    -1.206;    25.746;    88.446; 
 788;    -1.209;    25.735;    88.446; 
 789;    -1.211;    25.728;    88.446; 
 790;    -1.213;    25.718;    88.446; 
 791;    -1.215;    25.710;    88.446; 
 792;    -1.218;    25.697;    88.446; 
 793;    -1.220;    25.690;    88.446; 
 794;    -1.222;    25.681;    88.446; 
 795;    -1.223;    25.678;    88.446; 
 796;    -1.224;    25.671;    88.446; 
 797;    -1.226;    25.663;    88.446; 
 798;    -1.229;    25.647;    88.446; 
 799;    -1.234;    25.624;    88.446; 
 800;    -1.240;    25.605;    88.446; 
 801;    -1.242;    25.597;    88.446; 
 802;    -1.243;    25.594;    88.446; 
 803;    -1.245;    25.586;    88.446; 
 804;    -1.246;    25.582;    88.446; 
 805;    -1.248;    25.572;    88.446; 
 806;    -1.251;    25.560;    88.446; 
 807;    -1.254;    25.549;    88.446; 
 808;    -1.254;    25.545;    88.446; 
 809;    -1.256;    25.537;    88.446; 
 810;    -1.257;    25.529;    88.446; 
 811;    -1.261;    25.512;    88.446; 
 812;    -1.267;    25.487;    88.446; 
 813;    -1.270;    25.477;    88.446; 
 814;    -1.272;    25.468;    88.446; 
 815;    -1.274;    25.460;    88.446; 
 816;    -1.276;    25.455;    88.446; 
 817;    -1.276;    25.451;    88.446; 
 818;    -1.278;    25.441;    88.446; 
 819;    -1.280;    25.431;    88.446; 
 820;    -1.283;    25.420;    88.446; 
 821;    -1.285;    25.409;    88.446; 
 822;    -1.286;    25.401;    88.446; 
 823;    -1.288;    25.391;    88.446; 
 824;    -1.290;    25.381;    88.446; 
 825;    -1.291;    25.373;    88.446; 
 826;    -1.293;    25.364;    88.446; 
 827;    -1.294;    25.355;    88.446; 
 828;    -1.296;    25.342;    88.446; 
 829;    -1.302;    25.318;    88.446; 
 830;    -1.305;    25.304;    88.446; 
 831;    -1.306;    25.299;    88.446; 
 832;    -1.307;    25.292;    88.446; 
 833;    -1.308;    25.286;    88.446; 
 834;    -1.309;    25.280;    88.446; 
 835;    -1.311;    25.272;    88.446; 
 836;    -1.311;    25.268;    88.446; 
 837;    -1.311;    25.264;    88.446; 
 838;    -1.312;    25.257;    88.446; 
 839;    -1.315;    25.235;    88.446; 
 840;    -1.318;    25.212;    88.446; 
 841;    -1.325;    25.186;    88.446; 
 842;    -1.327;    25.178;    88.446; 
 843;    -1.328;    25.170;    88.446; 
 844;    -1.330;    25.164;    88.446; 
 845;    -1.331;    25.156;    88.446; 
 846;    -1.333;    25.147;    88.446; 
 847;    -1.336;    25.133;    88.446; 
 848;    -1.339;    25.120;    88.446; 
 849;    -1.342;    25.110;    88.446; 
 850;    -1.344;    25.098;    88.446; 
 851;    -1.347;    25.088;    88.446; 
 852;    -1.349;    25.080;    88.446; 
 853;    -1.353;    25.065;    88.446; 
 854;    -1.361;    25.039;    88.446; 
 855;    -1.383;    24.990;    88.446; 
 856;    -1.397;    24.966;    88.446; 
 857;    -1.416;    24.939;    88.446; 
 858;    -1.552;    24.849;    88.446; 
 859;    -1.584;    24.841;    88.446; 
 860;    -1.604;    24.838;    88.446; 
 861;    -1.622;    24.835;    88.446; 
 862;    -1.641;    24.834;    88.446; 
 863;    -1.663;    24.832;    88.446; 
 864;    -1.681;    24.832;    88.446; 
 865;    -1.688;    24.831;    88.446; 
 866;    -1.692;    24.831;    88.446; 
 867;    -1.696;    24.831;    88.446; 
 868;    -1.706;    24.830;    88.446; 
 869;    -1.720;    24.828;    88.446; 
 870;    -1.727;    24.828;    88.446; 
 871;    -1.734;    24.827;    88.446; 
 872;    -1.744;    24.826;    88.446; 
 873;    -1.765;    24.824;    88.446; 
 874;    -1.779;    24.823;    88.446; 
 875;    -1.784;    24.823;    88.446; 
 876;    -1.796;    24.822;    88.446; 
 877;    -1.816;    24.821;    88.446; 
 878;    -1.829;    24.821;    88.446; 
 879;    -1.833;    24.820;    88.446; 
 880;    -1.839;    24.820;    88.446; 
 881;    -1.843;    24.820;    88.446; 
 882;    -1.848;    24.819;    88.446; 
 883;    -1.860;    24.818;    88.446; 
 884;    -1.872;    24.816;    88.446; 
 885;    -1.894;    24.815;    88.446; 
 886;    -1.908;    24.814;    88.446; 
 887;    -1.919;    24.813;    88.446; 
 888;    -1.932;    24.813;    88.446; 
 889;    -1.942;    24.813;    88.446; 
 890;    -1.951;    24.812;    88.446; 
 891;    -1.967;    24.812;    88.446; 
 892;    -1.984;    24.812;    88.446; 
 893;    -2.000;    24.812;    88.446; 
 894;    -2.075;    24.826;    88.446; 
 895;    -2.163;    24.874;    88.446; 
 896;    -2.231;    24.955;    88.446; 
 897;    -2.245;    24.983;    88.446; 
 898;    -2.256;    25.010;    88.446; 
 899;    -2.260;    25.020;    88.446; 
 900;    -2.266;    25.036;    88.446; 
 901;    -2.269;    25.045;    88.446; 
 902;    -2.272;    25.056;    88.446; 
 903;    -2.274;    25.060;    88.446; 
 904;    -2.275;    25.062;    88.446; 
 905;    -2.281;    25.076;    88.446; 
 906;    -2.288;    25.096;    88.446; 
 907;    -2.296;    25.125;    88.446; 
 908;    -2.298;    25.133;    88.446; 
 909;    -2.301;    25.142;    88.446; 
 910;    -2.303;    25.148;    88.446; 
 911;    -2.305;    25.155;    88.446; 
 912;    -2.308;    25.163;    88.446; 
 913;    -2.309;    25.166;    88.446; 
 914;    -2.312;    25.174;    88.446; 
 915;    -2.313;    25.176;    88.446; 
 916;    -2.319;    25.192;    88.446; 
 917;    -2.324;    25.208;    88.446; 
 918;    -2.333;    25.236;    88.446; 
 919;    -2.335;    25.247;    88.446; 
 920;    -2.338;    25.258;    88.446; 
 921;    -2.340;    25.266;    88.446; 
 922;    -2.340;    25.264;    88.446; 
 923;    -2.343;    25.273;    88.446; 
 924;    -2.344;    25.276;    88.446; 
 925;    -2.346;    25.280;    88.446; 
 926;    -2.350;    25.289;    88.446; 
 927;    -2.353;    25.297;    88.446; 
 928;    -2.357;    25.305;    88.446; 
 929;    -2.363;    25.323;    88.446; 
 930;    -2.369;    25.340;    88.446; 
 931;    -2.373;    25.350;    88.446; 
 932;    -2.376;    25.361;    88.446; 
 933;    -2.380;    25.369;    88.446; 
 934;    -2.381;    25.373;    88.446; 
 935;    -2.384;    25.380;    88.446; 
 936;    -2.386;    25.384;    88.446; 
 937;    -2.391;    25.397;    88.446; 
 938;    -2.393;    25.403;    88.446; 
 939;    -2.400;    25.419;    88.446; 
 940;    -2.404;    25.429;    88.446; 
 941;    -2.407;    25.438;    88.446; 
 942;    -2.409;    25.441;    88.446; 
 943;    -2.413;    25.451;    88.446; 
 944;    -2.420;    25.471;    88.446; 
 945;    -2.426;    25.486;    88.446; 
 946;    -2.430;    25.497;    88.446; 
 947;    -2.434;    25.510;    88.446; 
 948;    -2.436;    25.516;    88.446; 
 949;    -2.439;    25.523;    88.446; 
 950;    -2.441;    25.529;    88.446; 
 951;    -2.443;    25.535;    88.446; 
 952;    -2.446;    25.540;    88.446; 
 953;    -2.451;    25.554;    88.446; 
 954;    -2.455;    25.563;    88.446; 
 955;    -2.460;    25.575;    88.446; 
 956;    -2.463;    25.583;    88.446; 
 957;    -2.466;    25.589;    88.446; 
 958;    -2.471;    25.601;    88.446; 
 959;    -2.474;    25.608;    88.446; 
 960;    -2.481;    25.625;    88.446; 
 961;    -2.484;    25.632;    88.446; 
 962;    -2.487;    25.639;    88.446; 
 963;    -2.491;    25.649;    88.446; 
 964;    -2.496;    25.660;    88.446; 
 965;    -2.499;    25.667;    88.446; 
 966;    -2.501;    25.673;    88.446; 
 967;    -2.508;    25.688;    88.446; 
 968;    -2.513;    25.700;    88.446; 
 969;    -2.517;    25.711;    88.446; 
 970;    -2.520;    25.720;    88.446; 
 971;    -2.523;    25.725;    88.446; 
 972;    -2.526;    25.731;    88.446; 
 973;    -2.529;    25.739;    88.446; 
 974;    -2.532;    25.746;    88.446; 
 975;    -2.539;    25.761;    88.446; 
 976;    -2.542;    25.768;    88.446; 
 977;    -2.545;    25.772;    88.446; 
 978;    -2.552;    25.789;    88.446; 
 979;    -2.558;    25.804;    88.446; 
 980;    -2.564;    25.819;    88.446; 
 981;    -2.568;    25.829;    88.446; 
 982;    -2.571;    25.834;    88.446; 
 983;    -2.572;    25.836;    88.446; 
 984;    -2.575;    25.842;    88.446; 
 985;    -2.580;    25.853;    88.446; 
 986;    -2.584;    25.862;    88.446; 
 987;    -2.589;    25.872;    88.446; 
 988;    -2.591;    25.877;    88.446; 
 989;    -2.595;    25.885;    88.446; 
 990;    -2.599;    25.892;    88.446; 
 991;    -2.603;    25.899;    88.446; 
 992;    -2.608;    25.908;    88.446; 
 993;    -2.619;    25.931;    88.446; 
 994;    -2.627;    25.950;    88.446; 
 995;    -2.632;    25.964;    88.446; 
 996;    -2.634;    25.967;    88.446; 
 997;    -2.637;    25.973;    88.446; 
 998;    -2.640;    25.980;    88.446; 
 999;    -2.642;    25.984;    88.446; 
1000;    -2.648;    25.997;    88.446; 
1001;    -2.653;    26.008;    88.446; 
1002;    -2.657;    26.016;    88.446; 
1003;    -2.660;    26.022;    88.446; 
1004;    -2.662;    26.027;    88.446; 
1005;    -2.667;    26.036;    88.446; 
1006;    -2.674;    26.050;    88.446; 
1007;    -2.681;    26.064;    88.446; 
1008;    -2.685;    26.072;    88.446; 
1009;    -2.689;    26.081;    88.446; 
1010;    -2.691;    26.085;    88.446; 
1011;    -2.698;    26.100;    88.446; 
1012;    -2.703;    26.111;    88.446; 
1013;    -2.708;    26.121;    88.446; 
1014;    -2.712;    26.129;    88.446; 
1015;    -2.716;    26.137;    88.446; 
1016;    -2.721;    26.146;    88.446; 
1017;    -2.725;    26.156;    88.446; 
1018;    -2.729;    26.163;    88.446; 
1019;    -2.734;    26.173;    88.446; 
1020;    -2.740;    26.185;    88.446; 
1021;    -2.744;    26.193;    88.446; 
1022;    -2.750;    26.205;    88.446; 
1023;    -2.752;    26.210;    88.446; 
1024;    -2.757;    26.218;    88.446; 
1025;    -2.761;    26.226;    88.446; 
1026;    -2.765;    26.235;    88.446; 
1027;    -2.769;    26.241;    88.446; 
1028;    -2.774;    26.250;    88.446; 
1029;    -2.781;    26.264;    88.446; 
1030;    -2.789;    26.278;    88.446; 
1031;    -2.793;    26.287;    88.446; 
1032;    -2.797;    26.294;    88.446; 
1033;    -2.799;    26.297;    88.446; 
1034;    -2.800;    26.300;    88.446; 
1035;    -2.809;    26.315;    88.446; 
1036;    -2.817;    26.329;    88.446; 
1037;    -2.820;    26.336;    88.446; 
1038;    -2.827;    26.349;    88.446; 
1039;    -2.832;    26.358;    88.446; 
1040;    -2.837;    26.367;    88.446; 
1041;    -2.840;    26.374;    88.446; 
1042;    -2.845;    26.382;    88.446; 
1043;    -2.849;    26.388;    88.446; 
1044;    -2.855;    26.400;    88.446; 
1045;    -2.862;    26.412;    88.446; 
1046;    -2.865;    26.419;    88.446; 
1047;    -2.874;    26.436;    88.446; 
1048;    -2.883;    26.456;    88.446; 
1049;    -2.885;    26.458;    88.446; 
1050;    -2.888;    26.464;    88.446; 
1051;    -2.890;    26.468;    88.446; 
1052;    -2.892;    26.472;    88.446; 
1053;    -2.896;    26.479;    88.446; 
1054;    -2.902;    26.489;    88.446; 
1055;    -2.906;    26.496;    88.446; 
1056;    -2.908;    26.498;    88.446; 
1057;    -2.910;    26.501;    88.446; 
1058;    -2.914;    26.507;    88.446; 
1059;    -2.932;    26.537;    88.446; 
1060;    -2.950;    26.576;    88.446; 
1061;    -2.951;    26.579;    88.446; 
1062;    -2.954;    26.583;    88.446; 
1063;    -2.955;    26.585;    88.446; 
1064;    -2.957;    26.590;    88.446; 
1065;    -2.961;    26.595;    88.446; 
1066;    -2.965;    26.604;    88.446; 
1067;    -2.971;    26.613;    88.446; 
1068;    -2.978;    26.627;    88.446; 
1069;    -2.982;    26.634;    88.446; 
1070;    -2.986;    26.641;    88.446; 
1071;    -2.989;    26.647;    88.446; 
1072;    -2.992;    26.650;    88.446; 
1073;    -2.996;    26.657;    88.446; 
1074;    -3.002;    26.666;    88.446; 
1075;    -3.010;    26.679;    88.446; 
1076;    -3.014;    26.685;    88.446; 
1077;    -3.029;    26.712;    88.446; 
1078;    -3.038;    26.730;    88.446; 
1079;    -3.040;    26.734;    88.446; 
1080;    -3.041;    26.736;    88.446; 
1081;    -3.044;    26.741;    88.446; 
1082;    -3.046;    26.743;    88.446; 
1083;    -3.051;    26.752;    88.446; 
1084;    -3.054;    26.756;    88.446; 
1085;    -3.061;    26.767;    88.446; 
1086;    -3.071;    26.785;    88.446; 
1087;    -3.081;    26.802;    88.446; 
1088;    -3.090;    26.821;    88.446; 
1089;    -3.093;    26.826;    88.446; 
1090;    -3.097;    26.834;    88.446; 
1091;    -3.101;    26.841;    88.446; 
1092;    -3.102;    26.842;    88.446; 
1093;    -3.103;    26.844;    88.446; 
1094;    -3.105;    26.847;    88.446; 
1095;    -3.111;    26.856;    88.446; 
1096;    -3.112;    26.857;    88.446; 
1097;    -3.122;    26.870;    88.446; 
1098;    -3.125;    26.875;    88.446; 
1099;    -3.129;    26.880;    88.446; 
1100;    -3.129;    26.880;    88.446; 
1101;    -3.132;    26.883;    88.446; 
1102;    -3.136;    26.887;    88.446; 
1103;    -3.139;    26.890;    88.446; 
1104;    -3.141;    26.893;    88.446; 
1105;    -3.147;    26.898;    88.446; 
1106;    -3.154;    26.904;    88.446; 
1107;    -3.158;    26.908;    88.446; 
1108;    -3.166;    26.915;    88.446; 
1109;    -3.168;    26.916;    88.446; 
1110;    -3.174;    26.922;    88.446; 
1111;    -3.178;    26.925;    88.446; 
1112;    -3.179;    26.925;    88.446; 
1113;    -3.185;    26.929;    88.446; 
1114;    -3.190;    26.932;    88.446; 
1115;    -3.191;    26.933;    88.446; 
1116;    -3.195;    26.935;    88.446; 
1117;    -3.200;    26.938;    88.446; 
1118;    -3.199;    26.937;    88.446; 
1119;    -3.202;    26.938;    88.446; 
1120;    -3.210;    26.942;    88.446; 
1121;    -3.215;    26.944;    88.446; 
1122;    -3.223;    26.947;    88.446; 
1123;    -3.230;    26.949;    88.446; 
1124;    -3.235;    26.951;    88.446; 
1125;    -3.242;    26.953;    88.446; 
1126;    -3.250;    26.956;    88.446; 
1127;    -3.255;    26.957;    88.446; 
1128;    -3.259;    26.958;    88.446; 
1129;    -3.260;    26.958;    88.446; 
1130;    -3.265;    26.959;    88.446; 
1131;    -3.268;    26.959;    88.446; 
1132;    -3.274;    26.960;    88.446; 
1133;    -3.278;    26.960;    88.446; 
1134;    -3.280;    26.960;    88.446; 
1135;    -3.286;    26.960;    88.446; 
1136;    -3.291;    26.960;    88.446; 
1137;    -3.295;    26.960;    88.446; 
1138;    -3.300;    26.960;    88.446; 
1139;    -3.303;    26.960;    88.446; 
1140;    -3.309;    26.960;    88.446; 
1141;    -3.313;    26.959;    88.446; 
1142;    -3.321;    26.958;    88.446; 
1143;    -3.327;    26.957;    88.446; 
1144;    -3.336;    26.956;    88.446; 
1145;    -3.344;    26.955;    88.446; 
1146;    -3.351;    26.954;    88.446; 
1147;    -3.366;    26.952;    88.446; 
1148;    -3.380;    26.950;    88.446; 
1149;    -3.392;    26.948;    88.446; 
1150;    -3.400;    26.947;    88.446; 
1151;    -3.411;    26.946;    88.446; 
1152;    -3.420;    26.945;    88.446; 
1153;    -3.431;    26.943;    88.446; 
1154;    -3.442;    26.942;    88.446; 
1155;    -3.453;    26.940;    88.446; 
