[A]
   1;     3.516;    26.825;    88.446; 
   2;     3.506;    26.826;    88.446; 
   3;     3.493;    26.828;    88.446; 
   4;     3.480;    26.830;    88.446; 
   5;     3.470;    26.832;    88.446; 
   6;     3.463;    26.833;    88.446; 
   7;     3.454;    26.834;    88.446; 
   8;     3.448;    26.835;    88.446; 
   9;     3.438;    26.836;    88.446; 
  10;     3.426;    26.837;    88.446; 
  11;     3.413;    26.839;    88.446; 
  12;     3.392;    26.842;    88.446; 
  13;     3.387;    26.843;    88.446; 
  14;     3.380;    26.844;    88.446; 
  15;     3.371;    26.845;    88.446; 
  16;     3.355;    26.847;    88.446; 
  17;     3.340;    26.849;    88.446; 
  18;     3.330;    26.850;    88.446; 
  19;     3.325;    26.851;    88.446; 
  20;     3.316;    26.852;    88.446; 
  21;     3.304;    26.854;    88.446; 
  22;     3.287;    26.856;    88.446; 
  23;     3.275;    26.858;    88.446; 
  24;     3.266;    26.859;    88.446; 
  25;     3.255;    26.861;    88.446; 
  26;     3.245;    26.862;    88.446; 
  27;     3.233;    26.864;    88.446; 
  28;     3.224;    26.866;    88.446; 
  29;     3.212;    26.867;    88.446; 
  30;     3.203;    26.869;    88.446; 
  31;     3.196;    26.870;    88.446; 
  32;     3.189;    26.870;    88.446; 
  33;     3.185;    26.871;    88.446; 
  34;     3.178;    26.871;    88.446; 
  35;     3.172;    26.872;    88.446; 
  36;     3.163;    26.872;    88.446; 
  37;     3.153;    26.873;    88.446; 
  38;     3.141;    26.873;    88.446; 
  39;     3.129;    26.874;    88.446; 
  40;     3.124;    26.874;    88.446; 
  41;     3.116;    26.874;    88.446; 
  42;     3.113;    26.874;    88.446; 
  43;     3.108;    26.874;    88.446; 
  44;     3.104;    26.874;    88.446; 
  45;     3.100;    26.873;    88.446; 
  46;     3.096;    26.873;    88.446; 
  47;     3.090;    26.872;    88.446; 
  48;     3.088;    26.871;    88.446; 
  49;     3.082;    26.870;    88.446; 
  50;     3.081;    26.870;    88.446; 
  51;     3.076;    26.868;    88.446; 
  52;     3.073;    26.867;    88.446; 
  53;     3.067;    26.866;    88.446; 
  54;     3.061;    26.864;    88.446; 
  55;     3.060;    26.863;    88.446; 
  56;     3.053;    26.861;    88.446; 
  57;     3.052;    26.860;    88.446; 
  58;     3.049;    26.858;    88.446; 
  59;     3.045;    26.856;    88.446; 
  60;     3.044;    26.855;    88.446; 
  61;     3.043;    26.855;    88.446; 
  62;     3.037;    26.851;    88.446; 
  63;     3.029;    26.846;    88.446; 
  64;     3.022;    26.842;    88.446; 
  65;     3.013;    26.837;    88.446; 
  66;     3.009;    26.833;    88.446; 
  67;     3.005;    26.830;    88.446; 
  68;     2.999;    26.826;    88.446; 
  69;     2.997;    26.824;    88.446; 
  70;     2.995;    26.823;    88.446; 
  71;     2.994;    26.822;    88.446; 
  72;     2.990;    26.818;    88.446; 
  73;     2.987;    26.815;    88.446; 
  74;     2.984;    26.811;    88.446; 
  75;     2.982;    26.808;    88.446; 
  76;     2.978;    26.804;    88.446; 
  77;     2.975;    26.800;    88.446; 
  78;     2.972;    26.796;    88.446; 
  79;     2.968;    26.790;    88.446; 
  80;     2.965;    26.786;    88.446; 
  81;     2.959;    26.777;    88.446; 
  82;     2.952;    26.767;    88.446; 
  83;     2.950;    26.763;    88.446; 
  84;     2.946;    26.757;    88.446; 
  85;     2.940;    26.748;    88.446; 
  86;     2.937;    26.742;    88.446; 
  87;     2.935;    26.739;    88.446; 
  88;     2.925;    26.721;    88.446; 
  89;     2.922;    26.717;    88.446; 
  90;     2.915;    26.705;    88.446; 
  91;     2.910;    26.697;    88.446; 
  92;     2.906;    26.689;    88.446; 
  93;     2.899;    26.678;    88.446; 
  94;     2.892;    26.667;    88.446; 
  95;     2.890;    26.662;    88.446; 
  96;     2.883;    26.651;    88.446; 
  97;     2.877;    26.641;    88.446; 
  98;     2.875;    26.636;    88.446; 
  99;     2.867;    26.623;    88.446; 
 100;     2.864;    26.617;    88.446; 
 101;     2.858;    26.607;    88.446; 
 102;     2.852;    26.597;    88.446; 
 103;     2.846;    26.587;    88.446; 
 104;     2.841;    26.577;    88.446; 
 105;     2.837;    26.571;    88.446; 
 106;     2.834;    26.566;    88.446; 
 107;     2.830;    26.558;    88.446; 
 108;     2.823;    26.546;    88.446; 
 109;     2.819;    26.538;    88.446; 
 110;     2.815;    26.530;    88.446; 
 111;     2.809;    26.519;    88.446; 
 112;     2.806;    26.513;    88.446; 
 113;     2.800;    26.503;    88.446; 
 114;     2.794;    26.491;    88.446; 
 115;     2.787;    26.479;    88.446; 
 116;     2.783;    26.472;    88.446; 
 117;     2.775;    26.458;    88.446; 
 118;     2.769;    26.448;    88.446; 
 119;     2.764;    26.439;    88.446; 
 120;     2.762;    26.435;    88.446; 
 121;     2.755;    26.423;    88.446; 
 122;     2.749;    26.411;    88.446; 
 123;     2.745;    26.405;    88.446; 
 124;     2.738;    26.393;    88.446; 
 125;     2.733;    26.384;    88.446; 
 126;     2.729;    26.377;    88.446; 
 127;     2.727;    26.374;    88.446; 
 128;     2.724;    26.368;    88.446; 
 129;     2.719;    26.357;    88.446; 
 130;     2.713;    26.346;    88.446; 
 131;     2.707;    26.336;    88.446; 
 132;     2.698;    26.320;    88.446; 
 133;     2.693;    26.310;    88.446; 
 134;     2.687;    26.300;    88.446; 
 135;     2.683;    26.293;    88.446; 
 136;     2.678;    26.285;    88.446; 
 137;     2.675;    26.279;    88.446; 
 138;     2.672;    26.274;    88.446; 
 139;     2.667;    26.264;    88.446; 
 140;     2.662;    26.254;    88.446; 
 141;     2.656;    26.243;    88.446; 
 142;     2.652;    26.235;    88.446; 
 143;     2.645;    26.223;    88.446; 
 144;     2.641;    26.216;    88.446; 
 145;     2.635;    26.205;    88.446; 
 146;     2.630;    26.195;    88.446; 
 147;     2.627;    26.189;    88.446; 
 148;     2.622;    26.180;    88.446; 
 149;     2.617;    26.171;    88.446; 
 150;     2.613;    26.162;    88.446; 
 151;     2.608;    26.154;    88.446; 
 152;     2.604;    26.145;    88.446; 
 153;     2.599;    26.136;    88.446; 
 154;     2.593;    26.125;    88.446; 
 155;     2.589;    26.116;    88.446; 
 156;     2.583;    26.105;    88.446; 
 157;     2.581;    26.100;    88.446; 
 158;     2.577;    26.093;    88.446; 
 159;     2.575;    26.088;    88.446; 
 160;     2.570;    26.077;    88.446; 
 161;     2.568;    26.073;    88.446; 
 162;     2.564;    26.064;    88.446; 
 163;     2.563;    26.061;    88.446; 
 164;     2.551;    26.035;    88.446; 
 165;     2.541;    26.016;    88.446; 
 166;     2.533;    26.003;    88.446; 
 167;     2.529;    25.996;    88.446; 
 168;     2.525;    25.989;    88.446; 
 169;     2.521;    25.981;    88.446; 
 170;     2.519;    25.977;    88.446; 
 171;     2.516;    25.971;    88.446; 
 172;     2.514;    25.965;    88.446; 
 173;     2.506;    25.949;    88.446; 
 174;     2.502;    25.941;    88.446; 
 175;     2.496;    25.929;    88.446; 
 176;     2.492;    25.921;    88.446; 
 177;     2.487;    25.910;    88.446; 
 178;     2.481;    25.900;    88.446; 
 179;     2.477;    25.890;    88.446; 
 180;     2.471;    25.879;    88.446; 
 181;     2.470;    25.876;    88.446; 
 182;     2.466;    25.867;    88.446; 
 183;     2.458;    25.851;    88.446; 
 184;     2.452;    25.840;    88.446; 
 185;     2.448;    25.831;    88.446; 
 186;     2.444;    25.824;    88.446; 
 187;     2.441;    25.818;    88.446; 
 188;     2.441;    25.816;    88.446; 
 189;     2.438;    25.809;    88.446; 
 190;     2.431;    25.792;    88.446; 
 191;     2.424;    25.777;    88.446; 
 192;     2.419;    25.767;    88.446; 
 193;     2.414;    25.757;    88.446; 
 194;     2.410;    25.748;    88.446; 
 195;     2.406;    25.740;    88.446; 
 196;     2.400;    25.727;    88.446; 
 197;     2.395;    25.716;    88.446; 
 198;     2.392;    25.711;    88.446; 
 199;     2.389;    25.703;    88.446; 
 200;     2.385;    25.695;    88.446; 
 201;     2.381;    25.686;    88.446; 
 202;     2.377;    25.677;    88.446; 
 203;     2.374;    25.668;    88.446; 
 204;     2.369;    25.657;    88.446; 
 205;     2.365;    25.648;    88.446; 
 206;     2.361;    25.638;    88.446; 
 207;     2.356;    25.627;    88.446; 
 208;     2.350;    25.612;    88.446; 
 209;     2.343;    25.599;    88.446; 
 210;     2.341;    25.594;    88.446; 
 211;     2.338;    25.587;    88.446; 
 212;     2.334;    25.578;    88.446; 
 213;     2.330;    25.567;    88.446; 
 214;     2.325;    25.557;    88.446; 
 215;     2.322;    25.548;    88.446; 
 216;     2.318;    25.540;    88.446; 
 217;     2.312;    25.526;    88.446; 
 218;     2.308;    25.516;    88.446; 
 219;     2.304;    25.508;    88.446; 
 220;     2.299;    25.497;    88.446; 
 221;     2.296;    25.490;    88.446; 
 222;     2.295;    25.487;    88.446; 
 223;     2.293;    25.482;    88.446; 
 224;     2.290;    25.474;    88.446; 
 225;     2.289;    25.470;    88.446; 
 226;     2.286;    25.460;    88.446; 
 227;     2.283;    25.451;    88.446; 
 228;     2.280;    25.442;    88.446; 
 229;     2.276;    25.431;    88.446; 
 230;     2.270;    25.414;    88.446; 
 231;     2.264;    25.399;    88.446; 
 232;     2.255;    25.379;    88.446; 
 233;     2.249;    25.366;    88.446; 
 234;     2.246;    25.359;    88.446; 
 235;     2.243;    25.352;    88.446; 
 236;     2.241;    25.348;    88.446; 
 237;     2.235;    25.334;    88.446; 
 238;     2.230;    25.323;    88.446; 
 239;     2.226;    25.313;    88.446; 
 240;     2.223;    25.306;    88.446; 
 241;     2.218;    25.296;    88.446; 
 242;     2.216;    25.291;    88.446; 
 243;     2.214;    25.285;    88.446; 
 244;     2.213;    25.282;    88.446; 
 245;     2.210;    25.273;    88.446; 
 246;     2.208;    25.269;    88.446; 
 247;     2.205;    25.258;    88.446; 
 248;     2.201;    25.245;    88.446; 
 249;     2.194;    25.228;    88.446; 
 250;     2.190;    25.216;    88.446; 
 251;     2.188;    25.210;    88.446; 
 252;     2.185;    25.203;    88.446; 
 253;     2.183;    25.197;    88.446; 
 254;     2.180;    25.189;    88.446; 
 255;     2.175;    25.175;    88.446; 
 256;     2.170;    25.159;    88.446; 
 257;     2.162;    25.141;    88.446; 
 258;     2.159;    25.135;    88.446; 
 259;     2.156;    25.127;    88.446; 
 260;     2.156;    25.125;    88.446; 
 261;     2.154;    25.119;    88.446; 
 262;     2.152;    25.113;    88.446; 
 263;     2.151;    25.110;    88.446; 
 264;     2.146;    25.094;    88.446; 
 265;     2.140;    25.076;    88.446; 
 266;     2.136;    25.065;    88.446; 
 267;     2.132;    25.055;    88.446; 
 268;     2.130;    25.048;    88.446; 
 269;     2.127;    25.041;    88.446; 
 270;     2.126;    25.036;    88.446; 
 271;     2.124;    25.030;    88.446; 
 272;     2.123;    25.025;    88.446; 
 273;     2.117;    25.005;    88.446; 
 274;     2.103;    24.968;    88.446; 
 275;     2.095;    24.952;    88.446; 
 276;     2.093;    24.948;    88.446; 
 277;     2.093;    24.946;    88.446; 
 278;     2.090;    24.939;    88.446; 
 279;     2.084;    24.924;    88.446; 
 280;     2.071;    24.896;    88.446; 
 281;     2.063;    24.881;    88.446; 
 282;     2.053;    24.864;    88.446; 
 283;     2.026;    24.826;    88.446; 
 284;     1.934;    24.755;    88.446; 
 285;     1.828;    24.729;    88.446; 
 286;     1.779;    24.731;    88.446; 
 287;     1.770;    24.731;    88.446; 
 288;     1.763;    24.732;    88.446; 
 289;     1.756;    24.732;    88.446; 
 290;     1.747;    24.733;    88.446; 
 291;     1.740;    24.733;    88.446; 
 292;     1.736;    24.733;    88.446; 
 293;     1.727;    24.733;    88.446; 
 294;     1.719;    24.733;    88.446; 
 295;     1.704;    24.733;    88.446; 
 296;     1.673;    24.735;    88.446; 
 297;     1.660;    24.737;    88.446; 
 298;     1.648;    24.738;    88.446; 
 299;     1.643;    24.738;    88.446; 
 300;     1.638;    24.739;    88.446; 
 301;     1.623;    24.740;    88.446; 
 302;     1.606;    24.742;    88.446; 
 303;     1.597;    24.743;    88.446; 
 304;     1.594;    24.743;    88.446; 
 305;     1.592;    24.743;    88.446; 
 306;     1.576;    24.744;    88.446; 
 307;     1.550;    24.746;    88.446; 
 308;     1.540;    24.747;    88.446; 
 309;     1.535;    24.748;    88.446; 
 310;     1.527;    24.748;    88.446; 
 311;     1.516;    24.749;    88.446; 
 312;     1.505;    24.750;    88.446; 
 313;     1.491;    24.752;    88.446; 
 314;     1.484;    24.752;    88.446; 
 315;     1.474;    24.753;    88.446; 
 316;     1.466;    24.754;    88.446; 
 317;     1.452;    24.755;    88.446; 
 318;     1.436;    24.757;    88.446; 
 319;     1.419;    24.759;    88.446; 
 320;     1.381;    24.767;    88.446; 
 321;     1.254;    24.848;    88.446; 
 322;     1.205;    24.926;    88.446; 
 323;     1.201;    24.934;    88.446; 
 324;     1.193;    24.955;    88.446; 
 325;     1.181;    24.997;    88.446; 
 326;     1.176;    25.020;    88.446; 
 327;     1.174;    25.033;    88.446; 
 328;     1.172;    25.044;    88.446; 
 329;     1.170;    25.056;    88.446; 
 330;     1.168;    25.067;    88.446; 
 331;     1.167;    25.073;    88.446; 
 332;     1.164;    25.091;    88.446; 
 333;     1.163;    25.104;    88.446; 
 334;     1.161;    25.117;    88.446; 
 335;     1.161;    25.117;    88.446; 
 336;     1.160;    25.121;    88.446; 
 337;     1.159;    25.124;    88.446; 
 338;     1.157;    25.130;    88.446; 
 339;     1.153;    25.148;    88.446; 
 340;     1.150;    25.165;    88.446; 
 341;     1.147;    25.182;    88.446; 
 342;     1.145;    25.196;    88.446; 
 343;     1.143;    25.209;    88.446; 
 344;     1.141;    25.226;    88.446; 
 345;     1.140;    25.237;    88.446; 
 346;     1.139;    25.246;    88.446; 
 347;     1.138;    25.251;    88.446; 
 348;     1.138;    25.252;    88.446; 
 349;     1.136;    25.259;    88.446; 
 350;     1.136;    25.259;    88.446; 
 351;     1.134;    25.268;    88.446; 
 352;     1.132;    25.275;    88.446; 
 353;     1.129;    25.291;    88.446; 
 354;     1.126;    25.303;    88.446; 
 355;     1.124;    25.311;    88.446; 
 356;     1.122;    25.318;    88.446; 
 357;     1.119;    25.332;    88.446; 
 358;     1.116;    25.349;    88.446; 
 359;     1.114;    25.355;    88.446; 
 360;     1.111;    25.374;    88.446; 
 361;     1.109;    25.384;    88.446; 
 362;     1.106;    25.399;    88.446; 
 363;     1.104;    25.410;    88.446; 
 364;     1.103;    25.415;    88.446; 
 365;     1.102;    25.425;    88.446; 
 366;     1.100;    25.432;    88.446; 
 367;     1.099;    25.438;    88.446; 
 368;     1.097;    25.448;    88.446; 
 369;     1.093;    25.464;    88.446; 
 370;     1.091;    25.474;    88.446; 
 371;     1.089;    25.486;    88.446; 
 372;     1.087;    25.494;    88.446; 
 373;     1.086;    25.503;    88.446; 
 374;     1.084;    25.512;    88.446; 
 375;     1.083;    25.513;    88.446; 
 376;     1.081;    25.522;    88.446; 
 377;     1.077;    25.539;    88.446; 
 378;     1.074;    25.550;    88.446; 
 379;     1.071;    25.563;    88.446; 
 380;     1.069;    25.572;    88.446; 
 381;     1.067;    25.581;    88.446; 
 382;     1.066;    25.587;    88.446; 
 383;     1.064;    25.594;    88.446; 
 384;     1.061;    25.604;    88.446; 
 385;     1.059;    25.615;    88.446; 
 386;     1.056;    25.625;    88.446; 
 387;     1.056;    25.626;    88.446; 
 388;     1.052;    25.639;    88.446; 
 389;     1.048;    25.653;    88.446; 
 390;     1.044;    25.669;    88.446; 
 391;     1.042;    25.682;    88.446; 
 392;     1.039;    25.691;    88.446; 
 393;     1.037;    25.699;    88.446; 
 394;     1.036;    25.706;    88.446; 
 395;     1.034;    25.714;    88.446; 
 396;     1.031;    25.723;    88.446; 
 397;     1.028;    25.734;    88.446; 
 398;     1.025;    25.745;    88.446; 
 399;     1.023;    25.752;    88.446; 
 400;     1.020;    25.764;    88.446; 
 401;     1.017;    25.777;    88.446; 
 402;     1.014;    25.789;    88.446; 
 403;     1.011;    25.799;    88.446; 
 404;     1.009;    25.806;    88.446; 
 405;     1.007;    25.813;    88.446; 
 406;     1.004;    25.826;    88.446; 
 407;     1.003;    25.829;    88.446; 
 408;     1.000;    25.836;    88.446; 
 409;     1.000;    25.836;    88.446; 
 410;      .996;    25.848;    88.446; 
 411;      .986;    25.882;    88.446; 
 412;      .982;    25.900;    88.446; 
 413;      .980;    25.907;    88.446; 
 414;      .979;    25.910;    88.446; 
 415;      .977;    25.917;    88.446; 
 416;      .976;    25.923;    88.446; 
 417;      .973;    25.930;    88.446; 
 418;      .970;    25.942;    88.446; 
 419;      .967;    25.950;    88.446; 
 420;      .963;    25.964;    88.446; 
 421;      .959;    25.977;    88.446; 
 422;      .956;    25.992;    88.446; 
 423;      .954;    26.000;    88.446; 
 424;      .952;    26.007;    88.446; 
 425;      .950;    26.013;    88.446; 
 426;      .948;    26.017;    88.446; 
 427;      .945;    26.027;    88.446; 
 428;      .943;    26.033;    88.446; 
 429;      .939;    26.045;    88.446; 
 430;      .935;    26.056;    88.446; 
 431;      .931;    26.072;    88.446; 
 432;      .927;    26.084;    88.446; 
 433;      .925;    26.091;    88.446; 
 434;      .923;    26.096;    88.446; 
 435;      .920;    26.107;    88.446; 
 436;      .917;    26.114;    88.446; 
 437;      .911;    26.132;    88.446; 
 438;      .907;    26.149;    88.446; 
 439;      .905;    26.154;    88.446; 
 440;      .903;    26.160;    88.446; 
 441;      .900;    26.171;    88.446; 
 442;      .897;    26.180;    88.446; 
 443;      .894;    26.190;    88.446; 
 444;      .891;    26.199;    88.446; 
 445;      .888;    26.209;    88.446; 
 446;      .884;    26.220;    88.446; 
 447;      .883;    26.222;    88.446; 
 448;      .880;    26.230;    88.446; 
 449;      .876;    26.241;    88.446; 
 450;      .871;    26.258;    88.446; 
 451;      .866;    26.272;    88.446; 
 452;      .863;    26.284;    88.446; 
 453;      .862;    26.287;    88.446; 
 454;      .858;    26.297;    88.446; 
 455;      .856;    26.303;    88.446; 
 456;      .853;    26.311;    88.446; 
 457;      .850;    26.320;    88.446; 
 458;      .846;    26.330;    88.446; 
 459;      .842;    26.342;    88.446; 
 460;      .838;    26.355;    88.446; 
 461;      .835;    26.363;    88.446; 
 462;      .831;    26.373;    88.446; 
 463;      .827;    26.386;    88.446; 
 464;      .822;    26.402;    88.446; 
 465;      .820;    26.407;    88.446; 
 466;      .818;    26.414;    88.446; 
 467;      .815;    26.422;    88.446; 
 468;      .812;    26.431;    88.446; 
 469;      .808;    26.442;    88.446; 
 470;      .804;    26.454;    88.446; 
 471;      .802;    26.458;    88.446; 
 472;      .799;    26.468;    88.446; 
 473;      .798;    26.468;    88.446; 
 474;      .796;    26.473;    88.446; 
 475;      .789;    26.489;    88.446; 
 476;      .783;    26.504;    88.446; 
 477;      .775;    26.530;    88.446; 
 478;      .772;    26.540;    88.446; 
 479;      .770;    26.545;    88.446; 
 480;      .769;    26.548;    88.446; 
 481;      .766;    26.555;    88.446; 
 482;      .763;    26.563;    88.446; 
 483;      .758;    26.575;    88.446; 
 484;      .753;    26.589;    88.446; 
 485;      .752;    26.593;    88.446; 
 486;      .747;    26.606;    88.446; 
 487;      .744;    26.612;    88.446; 
 488;      .742;    26.619;    88.446; 
 489;      .739;    26.625;    88.446; 
 490;      .737;    26.630;    88.446; 
 491;      .728;    26.652;    88.446; 
 492;      .719;    26.677;    88.446; 
 493;      .716;    26.688;    88.446; 
 494;      .714;    26.693;    88.446; 
 495;      .713;    26.698;    88.446; 
 496;      .709;    26.707;    88.446; 
 497;      .708;    26.711;    88.446; 
 498;      .704;    26.722;    88.446; 
 499;      .699;    26.733;    88.446; 
 500;      .698;    26.736;    88.446; 
 501;      .694;    26.744;    88.446; 
 502;      .692;    26.750;    88.446; 
 503;      .686;    26.762;    88.446; 
 504;      .684;    26.768;    88.446; 
 505;      .678;    26.782;    88.446; 
 506;      .675;    26.787;    88.446; 
 507;      .673;    26.791;    88.446; 
 508;      .670;    26.798;    88.446; 
 509;      .668;    26.801;    88.446; 
 510;      .663;    26.811;    88.446; 
 511;      .644;    26.855;    88.446; 
 512;      .634;    26.889;    88.446; 
 513;      .633;    26.892;    88.446; 
 514;      .631;    26.900;    88.446; 
 515;      .629;    26.907;    88.446; 
 516;      .626;    26.915;    88.446; 
 517;      .626;    26.915;    88.446; 
 518;      .623;    26.922;    88.446; 
 519;      .620;    26.929;    88.446; 
 520;      .616;    26.940;    88.446; 
 521;      .614;    26.946;    88.446; 
 522;      .611;    26.952;    88.446; 
 523;      .607;    26.962;    88.446; 
 524;      .607;    26.959;    88.446; 
 525;      .605;    26.965;    88.446; 
 526;      .602;    26.968;    88.446; 
 527;      .601;    26.971;    88.446; 
 528;      .598;    26.975;    88.446; 
 529;      .596;    26.978;    88.446; 
 530;      .595;    26.979;    88.446; 
 531;      .592;    26.983;    88.446; 
 532;      .588;    26.988;    88.446; 
 533;      .583;    26.994;    88.446; 
 534;      .575;    27.004;    88.446; 
 535;      .567;    27.014;    88.446; 
 536;      .563;    27.018;    88.446; 
 537;      .562;    27.019;    88.446; 
 538;      .561;    27.020;    88.446; 
 539;      .557;    27.024;    88.446; 
 540;      .556;    27.024;    88.446; 
 541;      .555;    27.025;    88.446; 
 542;      .549;    27.030;    88.446; 
 543;      .552;    27.027;    88.446; 
 544;      .547;    27.031;    88.446; 
 545;      .543;    27.033;    88.446; 
 546;      .538;    27.036;    88.446; 
 547;      .534;    27.038;    88.446; 
 548;      .523;    27.045;    88.446; 
 549;      .509;    27.054;    88.446; 
 550;      .501;    27.058;    88.446; 
 551;      .500;    27.059;    88.446; 
 552;      .495;    27.061;    88.446; 
 553;      .495;    27.061;    88.446; 
 554;      .492;    27.062;    88.446; 
 555;      .489;    27.063;    88.446; 
 556;      .487;    27.063;    88.446; 
 557;      .483;    27.065;    88.446; 
 558;      .481;    27.065;    88.446; 
 559;      .474;    27.067;    88.446; 
 560;      .469;    27.068;    88.446; 
 561;      .463;    27.069;    88.446; 
 562;      .459;    27.070;    88.446; 
 563;      .453;    27.071;    88.446; 
 564;      .449;    27.072;    88.446; 
 565;      .443;    27.072;    88.446; 
 566;      .438;    27.073;    88.446; 
 567;      .435;    27.073;    88.446; 
 568;      .430;    27.073;    88.446; 
 569;      .425;    27.073;    88.446; 
 570;      .417;    27.074;    88.446; 
 571;      .409;    27.074;    88.446; 
 572;      .399;    27.074;    88.446; 
 573;      .385;    27.074;    88.446; 
 574;      .378;    27.074;    88.446; 
 575;      .369;    27.074;    88.446; 
 576;      .357;    27.074;    88.446; 
 577;      .345;    27.074;    88.446; 
 578;      .337;    27.074;    88.446; 
 579;      .327;    27.074;    88.446; 
 580;      .317;    27.074;    88.446; 
 581;      .301;    27.075;    88.446; 
 582;      .283;    27.075;    88.446; 
 583;      .271;    27.076;    88.446; 
 584;      .261;    27.076;    88.446; 
 585;      .254;    27.077;    88.446; 
 586;      .245;    27.077;    88.446; 
 587;      .234;    27.077;    88.446; 
 588;      .224;    27.078;    88.446; 
 589;      .216;    27.078;    88.446; 
 590;      .208;    27.078;    88.446; 
 591;      .199;    27.078;    88.446; 
 592;      .188;    27.078;    88.446; 
 593;      .178;    27.078;    88.446; 
 594;      .168;    27.078;    88.446; 
 595;      .151;    27.079;    88.446; 
 596;      .140;    27.079;    88.446; 
 597;      .129;    27.079;    88.446; 
 598;      .120;    27.079;    88.446; 
 599;      .114;    27.079;    88.446; 
 600;      .106;    27.079;    88.446; 
 601;      .098;    27.079;    88.446; 
 602;      .091;    27.079;    88.446; 
 603;      .073;    27.079;    88.446; 
 604;      .054;    27.080;    88.446; 
 605;      .038;    27.080;    88.446; 
 606;      .032;    27.081;    88.446; 
 607;      .025;    27.081;    88.446; 
 608;      .017;    27.081;    88.446; 
 609;      .009;    27.081;    88.446; 
 610;     -.006;    27.081;    88.446; 
 611;     -.019;    27.081;    88.446; 
 612;     -.030;    27.082;    88.446; 
 613;     -.036;    27.082;    88.446; 
 614;     -.052;    27.082;    88.446; 
 615;     -.066;    27.083;    88.446; 
 616;     -.076;    27.083;    88.446; 
 617;     -.082;    27.083;    88.446; 
 618;     -.088;    27.083;    88.446; 
 619;     -.095;    27.083;    88.446; 
 620;     -.100;    27.083;    88.446; 
 621;     -.106;    27.082;    88.446; 
 622;     -.114;    27.082;    88.446; 
 623;     -.119;    27.081;    88.446; 
 624;     -.126;    27.081;    88.446; 
 625;     -.133;    27.080;    88.446; 
 626;     -.136;    27.079;    88.446; 
 627;     -.141;    27.078;    88.446; 
 628;     -.147;    27.077;    88.446; 
 629;     -.149;    27.077;    88.446; 
 630;     -.157;    27.075;    88.446; 
 631;     -.159;    27.074;    88.446; 
 632;     -.167;    27.072;    88.446; 
 633;     -.168;    27.071;    88.446; 
 634;     -.173;    27.069;    88.446; 
 635;     -.177;    27.068;    88.446; 
 636;     -.180;    27.066;    88.446; 
 637;     -.186;    27.064;    88.446; 
 638;     -.189;    27.062;    88.446; 
 639;     -.193;    27.060;    88.446; 
 640;     -.197;    27.058;    88.446; 
 641;     -.200;    27.056;    88.446; 
 642;     -.203;    27.054;    88.446; 
 643;     -.205;    27.052;    88.446; 
 644;     -.203;    27.053;    88.446; 
 645;     -.211;    27.047;    88.446; 
 646;     -.213;    27.045;    88.446; 
 647;     -.216;    27.043;    88.446; 
 648;     -.221;    27.038;    88.446; 
 649;     -.222;    27.037;    88.446; 
 650;     -.223;    27.036;    88.446; 
 651;     -.229;    27.030;    88.446; 
 652;     -.234;    27.025;    88.446; 
 653;     -.238;    27.020;    88.446; 
 654;     -.241;    27.016;    88.446; 
 655;     -.247;    27.009;    88.446; 
 656;     -.251;    27.004;    88.446; 
 657;     -.256;    26.997;    88.446; 
 658;     -.257;    26.996;    88.446; 
 659;     -.264;    26.987;    88.446; 
 660;     -.269;    26.980;    88.446; 
 661;     -.273;    26.973;    88.446; 
 662;     -.274;    26.972;    88.446; 
 663;     -.279;    26.964;    88.446; 
 664;     -.281;    26.960;    88.446; 
 665;     -.285;    26.953;    88.446; 
 666;     -.287;    26.949;    88.446; 
 667;     -.290;    26.944;    88.446; 
 668;     -.293;    26.937;    88.446; 
 669;     -.295;    26.932;    88.446; 
 670;     -.299;    26.924;    88.446; 
 671;     -.305;    26.911;    88.446; 
 672;     -.307;    26.905;    88.446; 
 673;     -.311;    26.897;    88.446; 
 674;     -.313;    26.892;    88.446; 
 675;     -.316;    26.885;    88.446; 
 676;     -.320;    26.875;    88.446; 
 677;     -.326;    26.860;    88.446; 
 678;     -.328;    26.854;    88.446; 
 679;     -.336;    26.836;    88.446; 
 680;     -.342;    26.824;    88.446; 
 681;     -.348;    26.811;    88.446; 
 682;     -.352;    26.803;    88.446; 
 683;     -.356;    26.794;    88.446; 
 684;     -.359;    26.787;    88.446; 
 685;     -.363;    26.779;    88.446; 
 686;     -.366;    26.771;    88.446; 
 687;     -.371;    26.760;    88.446; 
 688;     -.374;    26.752;    88.446; 
 689;     -.377;    26.744;    88.446; 
 690;     -.381;    26.735;    88.446; 
 691;     -.385;    26.726;    88.446; 
 692;     -.389;    26.715;    88.446; 
 693;     -.393;    26.707;    88.446; 
 694;     -.399;    26.693;    88.446; 
 695;     -.401;    26.687;    88.446; 
 696;     -.404;    26.679;    88.446; 
 697;     -.409;    26.668;    88.446; 
 698;     -.413;    26.656;    88.446; 
 699;     -.420;    26.641;    88.446; 
 700;     -.422;    26.635;    88.446; 
 701;     -.427;    26.624;    88.446; 
 702;     -.429;    26.618;    88.446; 
 703;     -.434;    26.607;    88.446; 
 704;     -.436;    26.600;    88.446; 
 705;     -.439;    26.592;    88.446; 
 706;     -.442;    26.584;    88.446; 
 707;     -.447;    26.571;    88.446; 
 708;     -.452;    26.558;    88.446; 
 709;     -.459;    26.543;    88.446; 
 710;     -.463;    26.533;    88.446; 
 711;     -.467;    26.525;    88.446; 
 712;     -.468;    26.520;    88.446; 
 713;     -.472;    26.511;    88.446; 
 714;     -.474;    26.504;    88.446; 
 715;     -.480;    26.490;    88.446; 
 716;     -.483;    26.482;    88.446; 
 717;     -.488;    26.468;    88.446; 
 718;     -.492;    26.460;    88.446; 
 719;     -.494;    26.454;    88.446; 
 720;     -.496;    26.448;    88.446; 
 721;     -.501;    26.434;    88.446; 
 722;     -.505;    26.424;    88.446; 
 723;     -.511;    26.409;    88.446; 
 724;     -.516;    26.396;    88.446; 
 725;     -.518;    26.391;    88.446; 
 726;     -.523;    26.380;    88.446; 
 727;     -.526;    26.372;    88.446; 
 728;     -.527;    26.369;    88.446; 
 729;     -.529;    26.362;    88.446; 
 730;     -.530;    26.360;    88.446; 
 731;     -.533;    26.349;    88.446; 
 732;     -.539;    26.333;    88.446; 
 733;     -.548;    26.309;    88.446; 
 734;     -.552;    26.300;    88.446; 
 735;     -.559;    26.284;    88.446; 
 736;     -.561;    26.279;    88.446; 
 737;     -.563;    26.274;    88.446; 
 738;     -.566;    26.266;    88.446; 
 739;     -.568;    26.260;    88.446; 
 740;     -.569;    26.256;    88.446; 
 741;     -.572;    26.248;    88.446; 
 742;     -.577;    26.234;    88.446; 
 743;     -.581;    26.222;    88.446; 
 744;     -.586;    26.209;    88.446; 
 745;     -.590;    26.199;    88.446; 
 746;     -.595;    26.186;    88.446; 
 747;     -.597;    26.180;    88.446; 
 748;     -.600;    26.172;    88.446; 
 749;     -.604;    26.160;    88.446; 
 750;     -.607;    26.153;    88.446; 
 751;     -.612;    26.140;    88.446; 
 752;     -.613;    26.135;    88.446; 
 753;     -.618;    26.122;    88.446; 
 754;     -.621;    26.115;    88.446; 
 755;     -.622;    26.110;    88.446; 
 756;     -.627;    26.096;    88.446; 
 757;     -.631;    26.083;    88.446; 
 758;     -.634;    26.075;    88.446; 
 759;     -.637;    26.067;    88.446; 
 760;     -.642;    26.053;    88.446; 
 761;     -.644;    26.047;    88.446; 
 762;     -.648;    26.034;    88.446; 
 763;     -.651;    26.026;    88.446; 
 764;     -.654;    26.017;    88.446; 
 765;     -.656;    26.009;    88.446; 
 766;     -.661;    25.997;    88.446; 
 767;     -.664;    25.987;    88.446; 
 768;     -.668;    25.974;    88.446; 
 769;     -.670;    25.970;    88.446; 
 770;     -.674;    25.957;    88.446; 
 771;     -.677;    25.947;    88.446; 
 772;     -.679;    25.940;    88.446; 
 773;     -.683;    25.929;    88.446; 
 774;     -.688;    25.915;    88.446; 
 775;     -.691;    25.904;    88.446; 
 776;     -.694;    25.897;    88.446; 
 777;     -.696;    25.889;    88.446; 
 778;     -.699;    25.880;    88.446; 
 779;     -.703;    25.868;    88.446; 
 780;     -.705;    25.860;    88.446; 
 781;     -.708;    25.851;    88.446; 
 782;     -.710;    25.844;    88.446; 
 783;     -.713;    25.834;    88.446; 
 784;     -.717;    25.820;    88.446; 
 785;     -.722;    25.806;    88.446; 
 786;     -.724;    25.798;    88.446; 
 787;     -.727;    25.788;    88.446; 
 788;     -.731;    25.778;    88.446; 
 789;     -.733;    25.770;    88.446; 
 790;     -.737;    25.758;    88.446; 
 791;     -.740;    25.748;    88.446; 
 792;     -.742;    25.740;    88.446; 
 793;     -.744;    25.733;    88.446; 
 794;     -.746;    25.724;    88.446; 
 795;     -.748;    25.719;    88.446; 
 796;     -.750;    25.709;    88.446; 
 797;     -.754;    25.694;    88.446; 
 798;     -.760;    25.677;    88.446; 
 799;     -.764;    25.663;    88.446; 
 800;     -.768;    25.652;    88.446; 
 801;     -.768;    25.651;    88.446; 
 802;     -.770;    25.644;    88.446; 
 803;     -.773;    25.633;    88.446; 
 804;     -.776;    25.621;    88.446; 
 805;     -.780;    25.608;    88.446; 
 806;     -.783;    25.599;    88.446; 
 807;     -.786;    25.587;    88.446; 
 808;     -.789;    25.577;    88.446; 
 809;     -.791;    25.569;    88.446; 
 810;     -.794;    25.559;    88.446; 
 811;     -.797;    25.550;    88.446; 
 812;     -.800;    25.539;    88.446; 
 813;     -.802;    25.531;    88.446; 
 814;     -.806;    25.517;    88.446; 
 815;     -.808;    25.510;    88.446; 
 816;     -.810;    25.501;    88.446; 
 817;     -.812;    25.493;    88.446; 
 818;     -.814;    25.485;    88.446; 
 819;     -.818;    25.470;    88.446; 
 820;     -.820;    25.461;    88.446; 
 821;     -.823;    25.453;    88.446; 
 822;     -.825;    25.443;    88.446; 
 823;     -.828;    25.432;    88.446; 
 824;     -.830;    25.425;    88.446; 
 825;     -.832;    25.414;    88.446; 
 826;     -.835;    25.403;    88.446; 
 827;     -.835;    25.400;    88.446; 
 828;     -.839;    25.386;    88.446; 
 829;     -.843;    25.368;    88.446; 
 830;     -.846;    25.359;    88.446; 
 831;     -.848;    25.350;    88.446; 
 832;     -.850;    25.342;    88.446; 
 833;     -.854;    25.328;    88.446; 
 834;     -.856;    25.320;    88.446; 
 835;     -.858;    25.312;    88.446; 
 836;     -.860;    25.302;    88.446; 
 837;     -.862;    25.295;    88.446; 
 838;     -.864;    25.286;    88.446; 
 839;     -.866;    25.278;    88.446; 
 840;     -.868;    25.268;    88.446; 
 841;     -.869;    25.260;    88.446; 
 842;     -.871;    25.251;    88.446; 
 843;     -.872;    25.246;    88.446; 
 844;     -.874;    25.233;    88.446; 
 845;     -.878;    25.216;    88.446; 
 846;     -.881;    25.200;    88.446; 
 847;     -.884;    25.189;    88.446; 
 848;     -.887;    25.177;    88.446; 
 849;     -.889;    25.169;    88.446; 
 850;     -.891;    25.162;    88.446; 
 851;     -.892;    25.157;    88.446; 
 852;     -.893;    25.150;    88.446; 
 853;     -.894;    25.143;    88.446; 
 854;     -.895;    25.140;    88.446; 
 855;     -.897;    25.126;    88.446; 
 856;     -.901;    25.107;    88.446; 
 857;     -.902;    25.100;    88.446; 
 858;     -.905;    25.086;    88.446; 
 859;     -.909;    25.067;    88.446; 
 860;     -.917;    25.039;    88.446; 
 861;     -.921;    25.028;    88.446; 
 862;     -.924;    25.019;    88.446; 
 863;     -.926;    25.012;    88.446; 
 864;     -.928;    25.004;    88.446; 
 865;     -.932;    24.991;    88.446; 
 866;     -.948;    24.952;    88.446; 
 867;     -.987;    24.891;    88.446; 
 868;    -1.091;    24.816;    88.446; 
 869;    -1.147;    24.799;    88.446; 
 870;    -1.179;    24.794;    88.446; 
 871;    -1.203;    24.792;    88.446; 
 872;    -1.214;    24.791;    88.446; 
 873;    -1.219;    24.791;    88.446; 
 874;    -1.238;    24.790;    88.446; 
 875;    -1.268;    24.789;    88.446; 
 876;    -1.282;    24.790;    88.446; 
 877;    -1.286;    24.790;    88.446; 
 878;    -1.289;    24.790;    88.446; 
 879;    -1.293;    24.789;    88.446; 
 880;    -1.299;    24.789;    88.446; 
 881;    -1.310;    24.788;    88.446; 
 882;    -1.318;    24.788;    88.446; 
 883;    -1.322;    24.787;    88.446; 
 884;    -1.336;    24.786;    88.446; 
 885;    -1.359;    24.785;    88.446; 
 886;    -1.380;    24.785;    88.446; 
 887;    -1.388;    24.785;    88.446; 
 888;    -1.395;    24.785;    88.446; 
 889;    -1.404;    24.784;    88.446; 
 890;    -1.414;    24.784;    88.446; 
 891;    -1.424;    24.784;    88.446; 
 892;    -1.431;    24.783;    88.446; 
 893;    -1.438;    24.783;    88.446; 
 894;    -1.444;    24.782;    88.446; 
 895;    -1.457;    24.781;    88.446; 
 896;    -1.473;    24.781;    88.446; 
 897;    -1.487;    24.780;    88.446; 
 898;    -1.497;    24.780;    88.446; 
 899;    -1.508;    24.779;    88.446; 
 900;    -1.518;    24.779;    88.446; 
 901;    -1.529;    24.778;    88.446; 
 902;    -1.536;    24.778;    88.446; 
 903;    -1.559;    24.778;    88.446; 
 904;    -1.623;    24.786;    88.446; 
 905;    -1.697;    24.816;    88.446; 
 906;    -1.769;    24.875;    88.446; 
 907;    -1.814;    24.947;    88.446; 
 908;    -1.822;    24.963;    88.446; 
 909;    -1.827;    24.976;    88.446; 
 910;    -1.832;    24.990;    88.446; 
 911;    -1.838;    25.006;    88.446; 
 912;    -1.840;    25.012;    88.446; 
 913;    -1.845;    25.026;    88.446; 
 914;    -1.848;    25.034;    88.446; 
 915;    -1.851;    25.041;    88.446; 
 916;    -1.859;    25.065;    88.446; 
 917;    -1.863;    25.081;    88.446; 
 918;    -1.869;    25.102;    88.446; 
 919;    -1.871;    25.109;    88.446; 
 920;    -1.872;    25.116;    88.446; 
 921;    -1.874;    25.123;    88.446; 
 922;    -1.877;    25.131;    88.446; 
 923;    -1.879;    25.138;    88.446; 
 924;    -1.881;    25.145;    88.446; 
 925;    -1.885;    25.156;    88.446; 
 926;    -1.887;    25.161;    88.446; 
 927;    -1.892;    25.177;    88.446; 
 928;    -1.897;    25.196;    88.446; 
 929;    -1.899;    25.202;    88.446; 
 930;    -1.901;    25.209;    88.446; 
 931;    -1.903;    25.216;    88.446; 
 932;    -1.907;    25.227;    88.446; 
 933;    -1.908;    25.229;    88.446; 
 934;    -1.912;    25.241;    88.446; 
 935;    -1.913;    25.244;    88.446; 
 936;    -1.915;    25.250;    88.446; 
 937;    -1.920;    25.261;    88.446; 
 938;    -1.925;    25.276;    88.446; 
 939;    -1.931;    25.292;    88.446; 
 940;    -1.936;    25.309;    88.446; 
 941;    -1.941;    25.326;    88.446; 
 942;    -1.944;    25.336;    88.446; 
 943;    -1.945;    25.338;    88.446; 
 944;    -1.948;    25.349;    88.446; 
 945;    -1.950;    25.354;    88.446; 
 946;    -1.953;    25.363;    88.446; 
 947;    -1.955;    25.372;    88.446; 
 948;    -1.959;    25.380;    88.446; 
 949;    -1.962;    25.390;    88.446; 
 950;    -1.965;    25.398;    88.446; 
 951;    -1.968;    25.407;    88.446; 
 952;    -1.971;    25.416;    88.446; 
 953;    -1.975;    25.425;    88.446; 
 954;    -1.978;    25.434;    88.446; 
 955;    -1.982;    25.446;    88.446; 
 956;    -1.985;    25.452;    88.446; 
 957;    -1.990;    25.467;    88.446; 
 958;    -1.994;    25.479;    88.446; 
 959;    -1.997;    25.486;    88.446; 
 960;    -2.000;    25.495;    88.446; 
 961;    -2.004;    25.504;    88.446; 
 962;    -2.007;    25.512;    88.446; 
 963;    -2.011;    25.524;    88.446; 
 964;    -2.016;    25.536;    88.446; 
 965;    -2.020;    25.549;    88.446; 
 966;    -2.023;    25.556;    88.446; 
 967;    -2.026;    25.564;    88.446; 
 968;    -2.027;    25.568;    88.446; 
 969;    -2.031;    25.576;    88.446; 
 970;    -2.035;    25.587;    88.446; 
 971;    -2.039;    25.596;    88.446; 
 972;    -2.043;    25.606;    88.446; 
 973;    -2.048;    25.618;    88.446; 
 974;    -2.053;    25.630;    88.446; 
 975;    -2.056;    25.638;    88.446; 
 976;    -2.059;    25.645;    88.446; 
 977;    -2.060;    25.647;    88.446; 
 978;    -2.063;    25.652;    88.446; 
 979;    -2.073;    25.676;    88.446; 
 980;    -2.082;    25.703;    88.446; 
 981;    -2.084;    25.708;    88.446; 
 982;    -2.087;    25.716;    88.446; 
 983;    -2.090;    25.725;    88.446; 
 984;    -2.092;    25.730;    88.446; 
 985;    -2.093;    25.733;    88.446; 
 986;    -2.098;    25.744;    88.446; 
 987;    -2.102;    25.753;    88.446; 
 988;    -2.104;    25.759;    88.446; 
 989;    -2.109;    25.770;    88.446; 
 990;    -2.113;    25.781;    88.446; 
 991;    -2.116;    25.787;    88.446; 
 992;    -2.120;    25.796;    88.446; 
 993;    -2.126;    25.810;    88.446; 
 994;    -2.131;    25.821;    88.446; 
 995;    -2.134;    25.829;    88.446; 
 996;    -2.136;    25.835;    88.446; 
 997;    -2.137;    25.836;    88.446; 
 998;    -2.142;    25.846;    88.446; 
 999;    -2.149;    25.860;    88.446; 
1000;    -2.156;    25.878;    88.446; 
1001;    -2.159;    25.886;    88.446; 
1002;    -2.164;    25.895;    88.446; 
1003;    -2.170;    25.911;    88.446; 
1004;    -2.175;    25.922;    88.446; 
1005;    -2.179;    25.932;    88.446; 
1006;    -2.181;    25.937;    88.446; 
1007;    -2.183;    25.943;    88.446; 
1008;    -2.188;    25.953;    88.446; 
1009;    -2.188;    25.952;    88.446; 
1010;    -2.194;    25.964;    88.446; 
1011;    -2.199;    25.975;    88.446; 
1012;    -2.205;    25.989;    88.446; 
1013;    -2.210;    26.000;    88.446; 
1014;    -2.214;    26.010;    88.446; 
1015;    -2.218;    26.018;    88.446; 
1016;    -2.222;    26.027;    88.446; 
1017;    -2.226;    26.035;    88.446; 
1018;    -2.230;    26.045;    88.446; 
1019;    -2.236;    26.057;    88.446; 
1020;    -2.238;    26.061;    88.446; 
1021;    -2.243;    26.071;    88.446; 
1022;    -2.247;    26.080;    88.446; 
1023;    -2.251;    26.089;    88.446; 
1024;    -2.256;    26.099;    88.446; 
1025;    -2.262;    26.112;    88.446; 
1026;    -2.266;    26.120;    88.446; 
1027;    -2.271;    26.130;    88.446; 
1028;    -2.271;    26.131;    88.446; 
1029;    -2.275;    26.138;    88.446; 
1030;    -2.279;    26.146;    88.446; 
1031;    -2.287;    26.160;    88.446; 
1032;    -2.298;    26.185;    88.446; 
1033;    -2.304;    26.199;    88.446; 
1034;    -2.309;    26.211;    88.446; 
1035;    -2.311;    26.215;    88.446; 
1036;    -2.312;    26.219;    88.446; 
1037;    -2.316;    26.226;    88.446; 
1038;    -2.319;    26.232;    88.446; 
1039;    -2.323;    26.240;    88.446; 
1040;    -2.327;    26.249;    88.446; 
1041;    -2.332;    26.259;    88.446; 
1042;    -2.336;    26.267;    88.446; 
1043;    -2.341;    26.277;    88.446; 
1044;    -2.346;    26.286;    88.446; 
1045;    -2.350;    26.295;    88.446; 
1046;    -2.353;    26.301;    88.446; 
1047;    -2.357;    26.309;    88.446; 
1048;    -2.362;    26.318;    88.446; 
1049;    -2.371;    26.337;    88.446; 
1050;    -2.374;    26.342;    88.446; 
1051;    -2.375;    26.344;    88.446; 
1052;    -2.378;    26.349;    88.446; 
1053;    -2.389;    26.370;    88.446; 
1054;    -2.395;    26.383;    88.446; 
1055;    -2.401;    26.396;    88.446; 
1056;    -2.402;    26.399;    88.446; 
1057;    -2.407;    26.407;    88.446; 
1058;    -2.411;    26.416;    88.446; 
1059;    -2.411;    26.416;    88.446; 
1060;    -2.416;    26.425;    88.446; 
1061;    -2.423;    26.437;    88.446; 
1062;    -2.430;    26.451;    88.446; 
1063;    -2.435;    26.462;    88.446; 
1064;    -2.439;    26.469;    88.446; 
1065;    -2.443;    26.476;    88.446; 
1066;    -2.448;    26.486;    88.446; 
1067;    -2.454;    26.497;    88.446; 
1068;    -2.459;    26.508;    88.446; 
1069;    -2.463;    26.515;    88.446; 
1070;    -2.465;    26.519;    88.446; 
1071;    -2.467;    26.522;    88.446; 
1072;    -2.472;    26.529;    88.446; 
1073;    -2.482;    26.547;    88.446; 
1074;    -2.487;    26.556;    88.446; 
1075;    -2.495;    26.573;    88.446; 
1076;    -2.502;    26.588;    88.446; 
1077;    -2.507;    26.597;    88.446; 
1078;    -2.512;    26.609;    88.446; 
1079;    -2.516;    26.616;    88.446; 
1080;    -2.517;    26.619;    88.446; 
1081;    -2.521;    26.626;    88.446; 
1082;    -2.525;    26.633;    88.446; 
1083;    -2.530;    26.643;    88.446; 
1084;    -2.535;    26.651;    88.446; 
1085;    -2.540;    26.660;    88.446; 
1086;    -2.545;    26.670;    88.446; 
1087;    -2.551;    26.681;    88.446; 
1088;    -2.557;    26.692;    88.446; 
1089;    -2.563;    26.704;    88.446; 
1090;    -2.567;    26.712;    88.446; 
1091;    -2.571;    26.720;    88.446; 
1092;    -2.576;    26.729;    88.446; 
1093;    -2.579;    26.734;    88.446; 
1094;    -2.583;    26.741;    88.446; 
1095;    -2.586;    26.746;    88.446; 
1096;    -2.590;    26.753;    88.446; 
1097;    -2.598;    26.766;    88.446; 
1098;    -2.603;    26.775;    88.446; 
1099;    -2.610;    26.787;    88.446; 
1100;    -2.616;    26.799;    88.446; 
1101;    -2.622;    26.809;    88.446; 
1102;    -2.628;    26.820;    88.446; 
1103;    -2.634;    26.831;    88.446; 
1104;    -2.637;    26.838;    88.446; 
1105;    -2.639;    26.841;    88.446; 
1106;    -2.642;    26.846;    88.446; 
1107;    -2.644;    26.848;    88.446; 
1108;    -2.646;    26.851;    88.446; 
1109;    -2.652;    26.859;    88.446; 
1110;    -2.656;    26.865;    88.446; 
1111;    -2.660;    26.870;    88.446; 
1112;    -2.666;    26.878;    88.446; 
1113;    -2.667;    26.879;    88.446; 
1114;    -2.669;    26.882;    88.446; 
1115;    -2.672;    26.885;    88.446; 
1116;    -2.679;    26.892;    88.446; 
1117;    -2.679;    26.892;    88.446; 
1118;    -2.684;    26.897;    88.446; 
1119;    -2.690;    26.902;    88.446; 
1120;    -2.695;    26.907;    88.446; 
1121;    -2.703;    26.915;    88.446; 
1122;    -2.707;    26.918;    88.446; 
1123;    -2.711;    26.921;    88.446; 
1124;    -2.714;    26.923;    88.446; 
1125;    -2.718;    26.926;    88.446; 
1126;    -2.719;    26.927;    88.446; 
1127;    -2.721;    26.927;    88.446; 
1128;    -2.726;    26.930;    88.446; 
1129;    -2.728;    26.932;    88.446; 
1130;    -2.731;    26.933;    88.446; 
1131;    -2.732;    26.933;    88.446; 
1132;    -2.736;    26.934;    88.446; 
1133;    -2.738;    26.935;    88.446; 
1134;    -2.746;    26.937;    88.446; 
1135;    -2.756;    26.941;    88.446; 
1136;    -2.765;    26.944;    88.446; 
1137;    -2.773;    26.947;    88.446; 
1138;    -2.778;    26.948;    88.446; 
1139;    -2.779;    26.949;    88.446; 
1140;    -2.783;    26.949;    88.446; 
1141;    -2.787;    26.950;    88.446; 
1142;    -2.793;    26.951;    88.446; 
1143;    -2.798;    26.952;    88.446; 
1144;    -2.800;    26.952;    88.446; 
1145;    -2.803;    26.952;    88.446; 
1146;    -2.812;    26.953;    88.446; 
1147;    -2.819;    26.954;    88.446; 
1148;    -2.826;    26.954;    88.446; 
1149;    -2.833;    26.955;    88.446; 
1150;    -2.838;    26.955;    88.446; 
1151;    -2.843;    26.955;    88.446; 
1152;    -2.849;    26.954;    88.446; 
1153;    -2.851;    26.954;    88.446; 
1154;    -2.854;    26.954;    88.446; 
1155;    -2.860;    26.953;    88.446; 
1156;    -2.868;    26.952;    88.446; 
1157;    -2.877;    26.951;    88.446; 
1158;    -2.884;    26.950;    88.446; 
1159;    -2.896;    26.949;    88.446; 
1160;    -2.909;    26.948;    88.446; 
1161;    -2.917;    26.947;    88.446; 
1162;    -2.924;    26.946;    88.446; 
1163;    -2.928;    26.945;    88.446; 
1164;    -2.933;    26.944;    88.446; 
1165;    -2.936;    26.943;    88.446; 
1166;    -2.963;    26.939;    88.446; 
1167;    -2.996;    26.936;    88.446; 
1168;    -3.012;    26.936;    88.446; 
1169;    -3.018;    26.935;    88.446; 
1170;    -3.022;    26.935;    88.446; 
1171;    -3.029;    26.934;    88.446; 
1172;    -3.039;    26.933;    88.446; 
1173;    -3.049;    26.933;    88.446; 
1174;    -3.060;    26.931;    88.446; 
1175;    -3.067;    26.931;    88.446; 
