[A]
   1;     3.253;    26.740;    88.447; 
   2;     3.242;    26.741;    88.447; 
   3;     3.230;    26.743;    88.447; 
   4;     3.213;    26.745;    88.447; 
   5;     3.203;    26.747;    88.447; 
   6;     3.191;    26.748;    88.447; 
   7;     3.184;    26.749;    88.447; 
   8;     3.175;    26.750;    88.447; 
   9;     3.170;    26.751;    88.447; 
  10;     3.166;    26.751;    88.447; 
  11;     3.158;    26.751;    88.447; 
  12;     3.151;    26.752;    88.447; 
  13;     3.145;    26.752;    88.447; 
  14;     3.139;    26.752;    88.447; 
  15;     3.134;    26.752;    88.447; 
  16;     3.131;    26.752;    88.447; 
  17;     3.126;    26.751;    88.447; 
  18;     3.124;    26.751;    88.447; 
  19;     3.117;    26.750;    88.447; 
  20;     3.114;    26.749;    88.447; 
  21;     3.111;    26.749;    88.447; 
  22;     3.110;    26.748;    88.447; 
  23;     3.105;    26.747;    88.447; 
  24;     3.106;    26.747;    88.447; 
  25;     3.105;    26.747;    88.447; 
  26;     3.103;    26.745;    88.447; 
  27;     3.088;    26.740;    88.447; 
  28;     3.075;    26.735;    88.447; 
  29;     3.062;    26.731;    88.447; 
  30;     3.052;    26.728;    88.447; 
  31;     3.052;    26.727;    88.447; 
  32;     3.050;    26.726;    88.447; 
  33;     3.050;    26.726;    88.447; 
  34;     3.048;    26.725;    88.447; 
  35;     3.047;    26.724;    88.447; 
  36;     3.047;    26.724;    88.447; 
  37;     3.046;    26.723;    88.447; 
  38;     3.045;    26.722;    88.447; 
  39;     3.041;    26.719;    88.447; 
  40;     3.033;    26.712;    88.447; 
  41;     3.019;    26.702;    88.447; 
  42;     3.006;    26.692;    88.447; 
  43;     2.994;    26.684;    88.447; 
  44;     2.984;    26.677;    88.447; 
  45;     2.986;    26.678;    88.447; 
  46;     2.984;    26.676;    88.447; 
  47;     2.981;    26.674;    88.447; 
  48;     2.979;    26.672;    88.447; 
  49;     2.979;    26.671;    88.447; 
  50;     2.978;    26.670;    88.447; 
  51;     2.976;    26.668;    88.447; 
  52;     2.973;    26.664;    88.447; 
  53;     2.969;    26.658;    88.447; 
  54;     2.963;    26.652;    88.447; 
  55;     2.962;    26.649;    88.447; 
  56;     2.958;    26.643;    88.447; 
  57;     2.952;    26.635;    88.447; 
  58;     2.949;    26.630;    88.447; 
  59;     2.944;    26.622;    88.447; 
  60;     2.937;    26.610;    88.447; 
  61;     2.933;    26.604;    88.447; 
  62;     2.930;    26.600;    88.447; 
  63;     2.926;    26.593;    88.447; 
  64;     2.923;    26.586;    88.447; 
  65;     2.918;    26.578;    88.447; 
  66;     2.914;    26.570;    88.447; 
  67;     2.904;    26.554;    88.447; 
  68;     2.902;    26.549;    88.447; 
  69;     2.892;    26.533;    88.447; 
  70;     2.890;    26.530;    88.447; 
  71;     2.886;    26.521;    88.447; 
  72;     2.883;    26.516;    88.447; 
  73;     2.878;    26.507;    88.447; 
  74;     2.870;    26.494;    88.447; 
  75;     2.866;    26.486;    88.447; 
  76;     2.862;    26.478;    88.447; 
  77;     2.855;    26.466;    88.447; 
  78;     2.852;    26.460;    88.447; 
  79;     2.844;    26.447;    88.447; 
  80;     2.839;    26.438;    88.447; 
  81;     2.835;    26.431;    88.447; 
  82;     2.829;    26.420;    88.447; 
  83;     2.825;    26.413;    88.447; 
  84;     2.818;    26.400;    88.447; 
  85;     2.811;    26.389;    88.447; 
  86;     2.806;    26.380;    88.447; 
  87;     2.802;    26.373;    88.447; 
  88;     2.798;    26.365;    88.447; 
  89;     2.793;    26.357;    88.447; 
  90;     2.789;    26.350;    88.447; 
  91;     2.786;    26.343;    88.447; 
  92;     2.781;    26.333;    88.447; 
  93;     2.775;    26.324;    88.447; 
  94;     2.775;    26.322;    88.447; 
  95;     2.767;    26.307;    88.447; 
  96;     2.761;    26.296;    88.447; 
  97;     2.756;    26.286;    88.447; 
  98;     2.749;    26.273;    88.447; 
  99;     2.745;    26.266;    88.447; 
 100;     2.738;    26.253;    88.447; 
 101;     2.735;    26.249;    88.447; 
 102;     2.728;    26.236;    88.447; 
 103;     2.725;    26.230;    88.447; 
 104;     2.719;    26.219;    88.447; 
 105;     2.715;    26.212;    88.447; 
 106;     2.711;    26.203;    88.447; 
 107;     2.704;    26.191;    88.447; 
 108;     2.701;    26.184;    88.447; 
 109;     2.698;    26.179;    88.447; 
 110;     2.693;    26.169;    88.447; 
 111;     2.688;    26.159;    88.447; 
 112;     2.683;    26.150;    88.447; 
 113;     2.677;    26.138;    88.447; 
 114;     2.673;    26.130;    88.447; 
 115;     2.669;    26.121;    88.447; 
 116;     2.665;    26.113;    88.447; 
 117;     2.660;    26.104;    88.447; 
 118;     2.655;    26.093;    88.447; 
 119;     2.649;    26.082;    88.447; 
 120;     2.644;    26.071;    88.447; 
 121;     2.638;    26.060;    88.447; 
 122;     2.635;    26.055;    88.447; 
 123;     2.629;    26.044;    88.447; 
 124;     2.625;    26.035;    88.447; 
 125;     2.619;    26.024;    88.447; 
 126;     2.616;    26.017;    88.447; 
 127;     2.614;    26.013;    88.447; 
 128;     2.609;    26.002;    88.447; 
 129;     2.604;    25.992;    88.447; 
 130;     2.596;    25.977;    88.447; 
 131;     2.591;    25.967;    88.447; 
 132;     2.587;    25.958;    88.447; 
 133;     2.582;    25.947;    88.447; 
 134;     2.579;    25.943;    88.447; 
 135;     2.574;    25.931;    88.447; 
 136;     2.568;    25.920;    88.447; 
 137;     2.564;    25.912;    88.447; 
 138;     2.559;    25.901;    88.447; 
 139;     2.555;    25.893;    88.447; 
 140;     2.550;    25.883;    88.447; 
 141;     2.545;    25.874;    88.447; 
 142;     2.542;    25.868;    88.447; 
 143;     2.539;    25.860;    88.447; 
 144;     2.534;    25.849;    88.447; 
 145;     2.529;    25.840;    88.447; 
 146;     2.524;    25.828;    88.447; 
 147;     2.518;    25.816;    88.447; 
 148;     2.516;    25.812;    88.447; 
 149;     2.510;    25.799;    88.447; 
 150;     2.506;    25.791;    88.447; 
 151;     2.503;    25.784;    88.447; 
 152;     2.497;    25.772;    88.447; 
 153;     2.493;    25.764;    88.447; 
 154;     2.488;    25.754;    88.447; 
 155;     2.483;    25.742;    88.447; 
 156;     2.480;    25.736;    88.447; 
 157;     2.475;    25.725;    88.447; 
 158;     2.472;    25.718;    88.447; 
 159;     2.468;    25.709;    88.447; 
 160;     2.463;    25.699;    88.447; 
 161;     2.459;    25.690;    88.447; 
 162;     2.455;    25.680;    88.447; 
 163;     2.450;    25.669;    88.447; 
 164;     2.445;    25.659;    88.447; 
 165;     2.441;    25.651;    88.447; 
 166;     2.434;    25.636;    88.447; 
 167;     2.432;    25.631;    88.447; 
 168;     2.428;    25.622;    88.447; 
 169;     2.425;    25.615;    88.447; 
 170;     2.422;    25.608;    88.447; 
 171;     2.421;    25.605;    88.447; 
 172;     2.417;    25.594;    88.447; 
 173;     2.411;    25.580;    88.447; 
 174;     2.400;    25.557;    88.447; 
 175;     2.398;    25.553;    88.447; 
 176;     2.395;    25.544;    88.447; 
 177;     2.390;    25.534;    88.447; 
 178;     2.388;    25.528;    88.447; 
 179;     2.385;    25.523;    88.447; 
 180;     2.379;    25.509;    88.447; 
 181;     2.377;    25.503;    88.447; 
 182;     2.372;    25.491;    88.447; 
 183;     2.368;    25.482;    88.447; 
 184;     2.367;    25.479;    88.447; 
 185;     2.364;    25.470;    88.447; 
 186;     2.360;    25.460;    88.447; 
 187;     2.356;    25.450;    88.447; 
 188;     2.348;    25.431;    88.447; 
 189;     2.344;    25.421;    88.447; 
 190;     2.339;    25.410;    88.447; 
 191;     2.336;    25.403;    88.447; 
 192;     2.333;    25.395;    88.447; 
 193;     2.331;    25.390;    88.447; 
 194;     2.328;    25.384;    88.447; 
 195;     2.323;    25.370;    88.447; 
 196;     2.315;    25.353;    88.447; 
 197;     2.311;    25.342;    88.447; 
 198;     2.307;    25.333;    88.447; 
 199;     2.304;    25.327;    88.447; 
 200;     2.302;    25.321;    88.447; 
 201;     2.299;    25.314;    88.447; 
 202;     2.298;    25.309;    88.447; 
 203;     2.295;    25.302;    88.447; 
 204;     2.292;    25.294;    88.447; 
 205;     2.284;    25.271;    88.447; 
 206;     2.277;    25.255;    88.447; 
 207;     2.274;    25.247;    88.447; 
 208;     2.272;    25.242;    88.447; 
 209;     2.270;    25.237;    88.447; 
 210;     2.269;    25.233;    88.447; 
 211;     2.265;    25.222;    88.447; 
 212;     2.260;    25.209;    88.447; 
 213;     2.255;    25.195;    88.447; 
 214;     2.249;    25.181;    88.447; 
 215;     2.244;    25.167;    88.447; 
 216;     2.242;    25.162;    88.447; 
 217;     2.239;    25.153;    88.447; 
 218;     2.237;    25.149;    88.447; 
 219;     2.232;    25.135;    88.447; 
 220;     2.229;    25.126;    88.447; 
 221;     2.226;    25.117;    88.447; 
 222;     2.221;    25.104;    88.447; 
 223;     2.219;    25.100;    88.447; 
 224;     2.216;    25.090;    88.447; 
 225;     2.213;    25.081;    88.447; 
 226;     2.209;    25.071;    88.447; 
 227;     2.207;    25.064;    88.447; 
 228;     2.205;    25.057;    88.447; 
 229;     2.201;    25.044;    88.447; 
 230;     2.198;    25.035;    88.447; 
 231;     2.192;    25.017;    88.447; 
 232;     2.185;    25.000;    88.447; 
 233;     2.182;    24.992;    88.447; 
 234;     2.179;    24.984;    88.447; 
 235;     2.180;    24.985;    88.447; 
 236;     2.176;    24.974;    88.447; 
 237;     2.175;    24.970;    88.447; 
 238;     2.170;    24.956;    88.447; 
 239;     2.167;    24.946;    88.447; 
 240;     2.166;    24.943;    88.447; 
 241;     2.163;    24.931;    88.447; 
 242;     2.162;    24.928;    88.447; 
 243;     2.160;    24.921;    88.447; 
 244;     2.160;    24.919;    88.447; 
 245;     2.156;    24.905;    88.447; 
 246;     2.153;    24.893;    88.447; 
 247;     2.147;    24.872;    88.447; 
 248;     2.131;    24.831;    88.447; 
 249;     2.123;    24.814;    88.447; 
 250;     2.121;    24.810;    88.447; 
 251;     2.120;    24.807;    88.447; 
 252;     2.118;    24.803;    88.447; 
 253;     2.114;    24.792;    88.447; 
 254;     2.110;    24.782;    88.447; 
 255;     2.096;    24.753;    88.447; 
 256;     2.083;    24.731;    88.447; 
 257;     2.072;    24.713;    88.447; 
 258;     2.031;    24.665;    88.447; 
 259;     1.928;    24.603;    88.447; 
 260;     1.852;    24.589;    88.447; 
 261;     1.827;    24.589;    88.447; 
 262;     1.809;    24.589;    88.447; 
 263;     1.797;    24.590;    88.447; 
 264;     1.789;    24.590;    88.447; 
 265;     1.784;    24.590;    88.447; 
 266;     1.769;    24.590;    88.447; 
 267;     1.751;    24.590;    88.447; 
 268;     1.731;    24.592;    88.447; 
 269;     1.716;    24.593;    88.447; 
 270;     1.693;    24.596;    88.447; 
 271;     1.684;    24.598;    88.447; 
 272;     1.680;    24.598;    88.447; 
 273;     1.676;    24.599;    88.447; 
 274;     1.673;    24.599;    88.447; 
 275;     1.668;    24.599;    88.447; 
 276;     1.657;    24.599;    88.447; 
 277;     1.637;    24.601;    88.447; 
 278;     1.618;    24.602;    88.447; 
 279;     1.612;    24.603;    88.447; 
 280;     1.604;    24.604;    88.447; 
 281;     1.593;    24.604;    88.447; 
 282;     1.584;    24.605;    88.447; 
 283;     1.573;    24.606;    88.447; 
 284;     1.566;    24.606;    88.447; 
 285;     1.555;    24.607;    88.447; 
 286;     1.549;    24.607;    88.447; 
 287;     1.541;    24.607;    88.447; 
 288;     1.524;    24.608;    88.447; 
 289;     1.501;    24.610;    88.447; 
 290;     1.488;    24.612;    88.447; 
 291;     1.480;    24.613;    88.447; 
 292;     1.471;    24.614;    88.447; 
 293;     1.457;    24.615;    88.447; 
 294;     1.437;    24.618;    88.447; 
 295;     1.396;    24.628;    88.447; 
 296;     1.290;    24.690;    88.447; 
 297;     1.217;    24.810;    88.447; 
 298;     1.213;    24.826;    88.447; 
 299;     1.209;    24.839;    88.447; 
 300;     1.206;    24.850;    88.447; 
 301;     1.204;    24.858;    88.447; 
 302;     1.199;    24.877;    88.447; 
 303;     1.197;    24.887;    88.447; 
 304;     1.195;    24.895;    88.447; 
 305;     1.192;    24.909;    88.447; 
 306;     1.187;    24.934;    88.447; 
 307;     1.186;    24.940;    88.447; 
 308;     1.185;    24.947;    88.447; 
 309;     1.183;    24.954;    88.447; 
 310;     1.181;    24.963;    88.447; 
 311;     1.178;    24.980;    88.447; 
 312;     1.175;    24.995;    88.447; 
 313;     1.174;    25.003;    88.447; 
 314;     1.172;    25.016;    88.447; 
 315;     1.171;    25.019;    88.447; 
 316;     1.169;    25.029;    88.447; 
 317;     1.169;    25.032;    88.447; 
 318;     1.168;    25.035;    88.447; 
 319;     1.166;    25.039;    88.447; 
 320;     1.161;    25.058;    88.447; 
 321;     1.155;    25.092;    88.447; 
 322;     1.153;    25.109;    88.447; 
 323;     1.152;    25.113;    88.447; 
 324;     1.152;    25.115;    88.447; 
 325;     1.151;    25.120;    88.447; 
 326;     1.150;    25.124;    88.447; 
 327;     1.147;    25.138;    88.447; 
 328;     1.145;    25.146;    88.447; 
 329;     1.141;    25.168;    88.447; 
 330;     1.139;    25.180;    88.447; 
 331;     1.136;    25.193;    88.447; 
 332;     1.135;    25.204;    88.447; 
 333;     1.134;    25.207;    88.447; 
 334;     1.133;    25.212;    88.447; 
 335;     1.132;    25.216;    88.447; 
 336;     1.130;    25.221;    88.447; 
 337;     1.128;    25.228;    88.447; 
 338;     1.124;    25.245;    88.447; 
 339;     1.120;    25.265;    88.447; 
 340;     1.118;    25.272;    88.447; 
 341;     1.117;    25.278;    88.447; 
 342;     1.115;    25.282;    88.447; 
 343;     1.114;    25.287;    88.447; 
 344;     1.110;    25.303;    88.447; 
 345;     1.104;    25.329;    88.447; 
 346;     1.101;    25.346;    88.447; 
 347;     1.100;    25.348;    88.447; 
 348;     1.099;    25.351;    88.447; 
 349;     1.097;    25.362;    88.447; 
 350;     1.093;    25.378;    88.447; 
 351;     1.091;    25.392;    88.447; 
 352;     1.089;    25.399;    88.447; 
 353;     1.087;    25.410;    88.447; 
 354;     1.085;    25.416;    88.447; 
 355;     1.084;    25.421;    88.447; 
 356;     1.082;    25.429;    88.447; 
 357;     1.079;    25.438;    88.447; 
 358;     1.076;    25.450;    88.447; 
 359;     1.073;    25.462;    88.447; 
 360;     1.070;    25.476;    88.447; 
 361;     1.068;    25.484;    88.447; 
 362;     1.065;    25.493;    88.447; 
 363;     1.063;    25.503;    88.447; 
 364;     1.061;    25.511;    88.447; 
 365;     1.057;    25.524;    88.447; 
 366;     1.055;    25.533;    88.447; 
 367;     1.053;    25.541;    88.447; 
 368;     1.050;    25.552;    88.447; 
 369;     1.048;    25.559;    88.447; 
 370;     1.044;    25.573;    88.447; 
 371;     1.043;    25.579;    88.447; 
 372;     1.040;    25.590;    88.447; 
 373;     1.037;    25.600;    88.447; 
 374;     1.035;    25.607;    88.447; 
 375;     1.032;    25.619;    88.447; 
 376;     1.029;    25.626;    88.447; 
 377;     1.026;    25.639;    88.447; 
 378;     1.023;    25.651;    88.447; 
 379;     1.020;    25.660;    88.447; 
 380;     1.018;    25.665;    88.447; 
 381;     1.017;    25.670;    88.447; 
 382;     1.015;    25.675;    88.447; 
 383;     1.011;    25.688;    88.447; 
 384;     1.006;    25.702;    88.447; 
 385;     1.003;    25.710;    88.447; 
 386;      .999;    25.725;    88.447; 
 387;      .995;    25.739;    88.447; 
 388;      .993;    25.745;    88.447; 
 389;      .988;    25.763;    88.447; 
 390;      .986;    25.770;    88.447; 
 391;      .983;    25.781;    88.447; 
 392;      .981;    25.788;    88.447; 
 393;      .979;    25.796;    88.447; 
 394;      .977;    25.802;    88.447; 
 395;      .973;    25.813;    88.447; 
 396;      .969;    25.826;    88.447; 
 397;      .967;    25.833;    88.447; 
 398;      .963;    25.846;    88.447; 
 399;      .959;    25.858;    88.447; 
 400;      .958;    25.864;    88.447; 
 401;      .954;    25.874;    88.447; 
 402;      .951;    25.884;    88.447; 
 403;      .946;    25.900;    88.447; 
 404;      .943;    25.912;    88.447; 
 405;      .941;    25.919;    88.447; 
 406;      .938;    25.926;    88.447; 
 407;      .936;    25.934;    88.447; 
 408;      .932;    25.945;    88.447; 
 409;      .928;    25.957;    88.447; 
 410;      .924;    25.970;    88.447; 
 411;      .922;    25.978;    88.447; 
 412;      .919;    25.987;    88.447; 
 413;      .917;    25.994;    88.447; 
 414;      .913;    26.004;    88.447; 
 415;      .911;    26.010;    88.447; 
 416;      .908;    26.016;    88.447; 
 417;      .903;    26.032;    88.447; 
 418;      .899;    26.044;    88.447; 
 419;      .894;    26.059;    88.447; 
 420;      .891;    26.067;    88.447; 
 421;      .888;    26.077;    88.447; 
 422;      .886;    26.084;    88.447; 
 423;      .884;    26.090;    88.447; 
 424;      .879;    26.103;    88.447; 
 425;      .875;    26.118;    88.447; 
 426;      .870;    26.133;    88.447; 
 427;      .868;    26.139;    88.447; 
 428;      .868;    26.140;    88.447; 
 429;      .865;    26.146;    88.447; 
 430;      .861;    26.157;    88.447; 
 431;      .858;    26.166;    88.447; 
 432;      .853;    26.180;    88.447; 
 433;      .849;    26.192;    88.447; 
 434;      .847;    26.195;    88.447; 
 435;      .842;    26.208;    88.447; 
 436;      .839;    26.217;    88.447; 
 437;      .835;    26.229;    88.447; 
 438;      .833;    26.234;    88.447; 
 439;      .830;    26.242;    88.447; 
 440;      .822;    26.263;    88.447; 
 441;      .818;    26.276;    88.447; 
 442;      .815;    26.285;    88.447; 
 443;      .814;    26.288;    88.447; 
 444;      .811;    26.295;    88.447; 
 445;      .807;    26.308;    88.447; 
 446;      .804;    26.315;    88.447; 
 447;      .802;    26.320;    88.447; 
 448;      .799;    26.328;    88.447; 
 449;      .794;    26.341;    88.447; 
 450;      .790;    26.352;    88.447; 
 451;      .785;    26.364;    88.447; 
 452;      .783;    26.371;    88.447; 
 453;      .778;    26.384;    88.447; 
 454;      .774;    26.393;    88.447; 
 455;      .772;    26.398;    88.447; 
 456;      .770;    26.403;    88.447; 
 457;      .766;    26.413;    88.447; 
 458;      .761;    26.426;    88.447; 
 459;      .755;    26.443;    88.447; 
 460;      .751;    26.452;    88.447; 
 461;      .748;    26.459;    88.447; 
 462;      .744;    26.469;    88.447; 
 463;      .739;    26.483;    88.447; 
 464;      .737;    26.488;    88.447; 
 465;      .734;    26.496;    88.447; 
 466;      .729;    26.508;    88.447; 
 467;      .725;    26.519;    88.447; 
 468;      .720;    26.532;    88.447; 
 469;      .718;    26.538;    88.447; 
 470;      .716;    26.543;    88.447; 
 471;      .711;    26.555;    88.447; 
 472;      .706;    26.565;    88.447; 
 473;      .702;    26.578;    88.447; 
 474;      .699;    26.583;    88.447; 
 475;      .695;    26.593;    88.447; 
 476;      .690;    26.604;    88.447; 
 477;      .684;    26.621;    88.447; 
 478;      .679;    26.635;    88.447; 
 479;      .677;    26.640;    88.447; 
 480;      .674;    26.646;    88.447; 
 481;      .670;    26.658;    88.447; 
 482;      .668;    26.663;    88.447; 
 483;      .664;    26.672;    88.447; 
 484;      .659;    26.683;    88.447; 
 485;      .655;    26.694;    88.447; 
 486;      .652;    26.701;    88.447; 
 487;      .647;    26.712;    88.447; 
 488;      .641;    26.726;    88.447; 
 489;      .639;    26.732;    88.447; 
 490;      .634;    26.742;    88.447; 
 491;      .632;    26.747;    88.447; 
 492;      .626;    26.762;    88.447; 
 493;      .622;    26.772;    88.447; 
 494;      .616;    26.786;    88.447; 
 495;      .611;    26.798;    88.447; 
 496;      .610;    26.801;    88.447; 
 497;      .609;    26.803;    88.447; 
 498;      .607;    26.805;    88.447; 
 499;      .605;    26.809;    88.447; 
 500;      .605;    26.808;    88.447; 
 501;      .601;    26.814;    88.447; 
 502;      .600;    26.816;    88.447; 
 503;      .595;    26.824;    88.447; 
 504;      .589;    26.832;    88.447; 
 505;      .583;    26.840;    88.447; 
 506;      .581;    26.843;    88.447; 
 507;      .581;    26.843;    88.447; 
 508;      .577;    26.847;    88.447; 
 509;      .575;    26.849;    88.447; 
 510;      .571;    26.853;    88.447; 
 511;      .567;    26.857;    88.447; 
 512;      .564;    26.859;    88.447; 
 513;      .563;    26.861;    88.447; 
 514;      .558;    26.864;    88.447; 
 515;      .556;    26.866;    88.447; 
 516;      .549;    26.871;    88.447; 
 517;      .538;    26.880;    88.447; 
 518;      .530;    26.886;    88.447; 
 519;      .522;    26.893;    88.447; 
 520;      .521;    26.893;    88.447; 
 521;      .517;    26.895;    88.447; 
 522;      .518;    26.894;    88.447; 
 523;      .511;    26.898;    88.447; 
 524;      .514;    26.896;    88.447; 
 525;      .506;    26.900;    88.447; 
 526;      .502;    26.902;    88.447; 
 527;      .499;    26.903;    88.447; 
 528;      .494;    26.904;    88.447; 
 529;      .489;    26.906;    88.447; 
 530;      .485;    26.908;    88.447; 
 531;      .481;    26.909;    88.447; 
 532;      .477;    26.910;    88.447; 
 533;      .470;    26.911;    88.447; 
 534;      .466;    26.912;    88.447; 
 535;      .461;    26.913;    88.447; 
 536;      .455;    26.914;    88.447; 
 537;      .449;    26.915;    88.447; 
 538;      .443;    26.915;    88.447; 
 539;      .440;    26.916;    88.447; 
 540;      .434;    26.916;    88.447; 
 541;      .429;    26.916;    88.447; 
 542;      .422;    26.916;    88.447; 
 543;      .419;    26.916;    88.447; 
 544;      .414;    26.916;    88.447; 
 545;      .402;    26.916;    88.447; 
 546;      .389;    26.916;    88.447; 
 547;      .374;    26.916;    88.447; 
 548;      .360;    26.916;    88.447; 
 549;      .353;    26.916;    88.447; 
 550;      .345;    26.917;    88.447; 
 551;      .335;    26.917;    88.447; 
 552;      .329;    26.916;    88.447; 
 553;      .321;    26.916;    88.447; 
 554;      .308;    26.916;    88.447; 
 555;      .295;    26.916;    88.447; 
 556;      .281;    26.916;    88.447; 
 557;      .271;    26.916;    88.447; 
 558;      .254;    26.917;    88.447; 
 559;      .246;    26.917;    88.447; 
 560;      .238;    26.917;    88.447; 
 561;      .225;    26.917;    88.447; 
 562;      .214;    26.918;    88.447; 
 563;      .207;    26.918;    88.447; 
 564;      .198;    26.918;    88.447; 
 565;      .188;    26.918;    88.447; 
 566;      .177;    26.918;    88.447; 
 567;      .166;    26.918;    88.447; 
 568;      .156;    26.918;    88.447; 
 569;      .149;    26.918;    88.447; 
 570;      .141;    26.918;    88.447; 
 571;      .135;    26.917;    88.447; 
 572;      .124;    26.917;    88.447; 
 573;      .105;    26.917;    88.447; 
 574;      .091;    26.917;    88.447; 
 575;      .082;    26.918;    88.447; 
 576;      .076;    26.917;    88.447; 
 577;      .071;    26.917;    88.447; 
 578;      .061;    26.917;    88.447; 
 579;      .050;    26.917;    88.447; 
 580;      .038;    26.917;    88.447; 
 581;      .025;    26.916;    88.447; 
 582;      .016;    26.916;    88.447; 
 583;      .001;    26.916;    88.447; 
 584;     -.018;    26.917;    88.447; 
 585;     -.029;    26.918;    88.447; 
 586;     -.041;    26.918;    88.447; 
 587;     -.048;    26.918;    88.447; 
 588;     -.055;    26.918;    88.447; 
 589;     -.060;    26.918;    88.447; 
 590;     -.062;    26.918;    88.447; 
 591;     -.065;    26.918;    88.447; 
 592;     -.069;    26.917;    88.447; 
 593;     -.072;    26.917;    88.447; 
 594;     -.090;    26.915;    88.447; 
 595;     -.102;    26.914;    88.447; 
 596;     -.110;    26.913;    88.447; 
 597;     -.118;    26.912;    88.447; 
 598;     -.129;    26.911;    88.447; 
 599;     -.140;    26.910;    88.447; 
 600;     -.144;    26.909;    88.447; 
 601;     -.154;    26.907;    88.447; 
 602;     -.158;    26.907;    88.447; 
 603;     -.163;    26.906;    88.447; 
 604;     -.167;    26.905;    88.447; 
 605;     -.169;    26.904;    88.447; 
 606;     -.175;    26.902;    88.447; 
 607;     -.177;    26.902;    88.447; 
 608;     -.179;    26.901;    88.447; 
 609;     -.181;    26.900;    88.447; 
 610;     -.186;    26.898;    88.447; 
 611;     -.188;    26.897;    88.447; 
 612;     -.190;    26.895;    88.447; 
 613;     -.194;    26.893;    88.447; 
 614;     -.197;    26.891;    88.447; 
 615;     -.201;    26.889;    88.447; 
 616;     -.201;    26.889;    88.447; 
 617;     -.205;    26.885;    88.447; 
 618;     -.206;    26.885;    88.447; 
 619;     -.207;    26.884;    88.447; 
 620;     -.210;    26.880;    88.447; 
 621;     -.212;    26.879;    88.447; 
 622;     -.212;    26.878;    88.447; 
 623;     -.217;    26.873;    88.447; 
 624;     -.223;    26.866;    88.447; 
 625;     -.221;    26.869;    88.447; 
 626;     -.231;    26.857;    88.447; 
 627;     -.246;    26.841;    88.447; 
 628;     -.255;    26.832;    88.447; 
 629;     -.257;    26.829;    88.447; 
 630;     -.259;    26.827;    88.447; 
 631;     -.262;    26.824;    88.447; 
 632;     -.264;    26.820;    88.447; 
 633;     -.265;    26.819;    88.447; 
 634;     -.269;    26.812;    88.447; 
 635;     -.275;    26.804;    88.447; 
 636;     -.279;    26.798;    88.447; 
 637;     -.284;    26.791;    88.447; 
 638;     -.286;    26.787;    88.447; 
 639;     -.288;    26.783;    88.447; 
 640;     -.291;    26.778;    88.447; 
 641;     -.291;    26.777;    88.447; 
 642;     -.294;    26.770;    88.447; 
 643;     -.297;    26.764;    88.447; 
 644;     -.299;    26.759;    88.447; 
 645;     -.303;    26.749;    88.447; 
 646;     -.308;    26.738;    88.447; 
 647;     -.312;    26.727;    88.447; 
 648;     -.316;    26.719;    88.447; 
 649;     -.317;    26.715;    88.447; 
 650;     -.319;    26.711;    88.447; 
 651;     -.322;    26.704;    88.447; 
 652;     -.327;    26.689;    88.447; 
 653;     -.332;    26.678;    88.447; 
 654;     -.334;    26.671;    88.447; 
 655;     -.342;    26.652;    88.447; 
 656;     -.343;    26.648;    88.447; 
 657;     -.349;    26.633;    88.447; 
 658;     -.355;    26.620;    88.447; 
 659;     -.358;    26.612;    88.447; 
 660;     -.362;    26.604;    88.447; 
 661;     -.365;    26.596;    88.447; 
 662;     -.367;    26.591;    88.447; 
 663;     -.373;    26.576;    88.447; 
 664;     -.378;    26.564;    88.447; 
 665;     -.381;    26.556;    88.447; 
 666;     -.386;    26.544;    88.447; 
 667;     -.393;    26.529;    88.447; 
 668;     -.394;    26.525;    88.447; 
 669;     -.399;    26.514;    88.447; 
 670;     -.403;    26.505;    88.447; 
 671;     -.407;    26.495;    88.447; 
 672;     -.409;    26.490;    88.447; 
 673;     -.413;    26.480;    88.447; 
 674;     -.416;    26.472;    88.447; 
 675;     -.421;    26.458;    88.447; 
 676;     -.425;    26.450;    88.447; 
 677;     -.428;    26.441;    88.447; 
 678;     -.430;    26.435;    88.447; 
 679;     -.435;    26.422;    88.447; 
 680;     -.441;    26.408;    88.447; 
 681;     -.445;    26.399;    88.447; 
 682;     -.449;    26.389;    88.447; 
 683;     -.452;    26.381;    88.447; 
 684;     -.455;    26.373;    88.447; 
 685;     -.457;    26.367;    88.447; 
 686;     -.461;    26.357;    88.447; 
 687;     -.464;    26.347;    88.447; 
 688;     -.467;    26.338;    88.447; 
 689;     -.471;    26.328;    88.447; 
 690;     -.477;    26.314;    88.447; 
 691;     -.482;    26.300;    88.447; 
 692;     -.486;    26.290;    88.447; 
 693;     -.488;    26.285;    88.447; 
 694;     -.494;    26.272;    88.447; 
 695;     -.497;    26.264;    88.447; 
 696;     -.500;    26.255;    88.447; 
 697;     -.503;    26.247;    88.447; 
 698;     -.507;    26.238;    88.447; 
 699;     -.511;    26.226;    88.447; 
 700;     -.514;    26.218;    88.447; 
 701;     -.518;    26.207;    88.447; 
 702;     -.522;    26.198;    88.447; 
 703;     -.526;    26.187;    88.447; 
 704;     -.530;    26.175;    88.447; 
 705;     -.533;    26.169;    88.447; 
 706;     -.537;    26.159;    88.447; 
 707;     -.540;    26.149;    88.447; 
 708;     -.543;    26.141;    88.447; 
 709;     -.547;    26.131;    88.447; 
 710;     -.548;    26.128;    88.447; 
 711;     -.550;    26.121;    88.447; 
 712;     -.553;    26.111;    88.447; 
 713;     -.556;    26.100;    88.447; 
 714;     -.563;    26.082;    88.447; 
 715;     -.569;    26.066;    88.447; 
 716;     -.571;    26.061;    88.447; 
 717;     -.576;    26.048;    88.447; 
 718;     -.578;    26.041;    88.447; 
 719;     -.581;    26.033;    88.447; 
 720;     -.583;    26.026;    88.447; 
 721;     -.587;    26.014;    88.447; 
 722;     -.590;    26.005;    88.447; 
 723;     -.593;    25.995;    88.447; 
 724;     -.596;    25.986;    88.447; 
 725;     -.602;    25.970;    88.447; 
 726;     -.609;    25.953;    88.447; 
 727;     -.612;    25.945;    88.447; 
 728;     -.614;    25.939;    88.447; 
 729;     -.616;    25.933;    88.447; 
 730;     -.619;    25.924;    88.447; 
 731;     -.622;    25.915;    88.447; 
 732;     -.624;    25.908;    88.447; 
 733;     -.627;    25.898;    88.447; 
 734;     -.630;    25.889;    88.447; 
 735;     -.633;    25.878;    88.447; 
 736;     -.636;    25.869;    88.447; 
 737;     -.642;    25.853;    88.447; 
 738;     -.644;    25.847;    88.447; 
 739;     -.648;    25.834;    88.447; 
 740;     -.650;    25.828;    88.447; 
 741;     -.655;    25.812;    88.447; 
 742;     -.658;    25.804;    88.447; 
 743;     -.661;    25.794;    88.447; 
 744;     -.665;    25.782;    88.447; 
 745;     -.668;    25.774;    88.447; 
 746;     -.671;    25.765;    88.447; 
 747;     -.674;    25.756;    88.447; 
 748;     -.676;    25.749;    88.447; 
 749;     -.679;    25.738;    88.447; 
 750;     -.681;    25.732;    88.447; 
 751;     -.685;    25.719;    88.447; 
 752;     -.687;    25.710;    88.447; 
 753;     -.691;    25.700;    88.447; 
 754;     -.694;    25.689;    88.447; 
 755;     -.697;    25.680;    88.447; 
 756;     -.701;    25.667;    88.447; 
 757;     -.703;    25.660;    88.447; 
 758;     -.705;    25.652;    88.447; 
 759;     -.710;    25.637;    88.447; 
 760;     -.712;    25.630;    88.447; 
 761;     -.715;    25.617;    88.447; 
 762;     -.719;    25.607;    88.447; 
 763;     -.722;    25.596;    88.447; 
 764;     -.725;    25.586;    88.447; 
 765;     -.727;    25.580;    88.447; 
 766;     -.730;    25.571;    88.447; 
 767;     -.732;    25.563;    88.447; 
 768;     -.734;    25.556;    88.447; 
 769;     -.739;    25.538;    88.447; 
 770;     -.740;    25.534;    88.447; 
 771;     -.744;    25.520;    88.447; 
 772;     -.746;    25.514;    88.447; 
 773;     -.748;    25.505;    88.447; 
 774;     -.750;    25.496;    88.447; 
 775;     -.754;    25.483;    88.447; 
 776;     -.757;    25.470;    88.447; 
 777;     -.760;    25.461;    88.447; 
 778;     -.763;    25.449;    88.447; 
 779;     -.766;    25.441;    88.447; 
 780;     -.767;    25.434;    88.447; 
 781;     -.770;    25.424;    88.447; 
 782;     -.771;    25.419;    88.447; 
 783;     -.774;    25.408;    88.447; 
 784;     -.777;    25.396;    88.447; 
 785;     -.781;    25.380;    88.447; 
 786;     -.784;    25.369;    88.447; 
 787;     -.787;    25.359;    88.447; 
 788;     -.788;    25.352;    88.447; 
 789;     -.789;    25.349;    88.447; 
 790;     -.792;    25.334;    88.447; 
 791;     -.796;    25.318;    88.447; 
 792;     -.799;    25.307;    88.447; 
 793;     -.801;    25.301;    88.447; 
 794;     -.803;    25.292;    88.447; 
 795;     -.805;    25.283;    88.447; 
 796;     -.809;    25.266;    88.447; 
 797;     -.810;    25.262;    88.447; 
 798;     -.813;    25.250;    88.447; 
 799;     -.815;    25.241;    88.447; 
 800;     -.819;    25.226;    88.447; 
 801;     -.819;    25.223;    88.447; 
 802;     -.822;    25.213;    88.447; 
 803;     -.824;    25.202;    88.447; 
 804;     -.829;    25.182;    88.447; 
 805;     -.832;    25.171;    88.447; 
 806;     -.833;    25.167;    88.447; 
 807;     -.834;    25.164;    88.447; 
 808;     -.837;    25.150;    88.447; 
 809;     -.839;    25.140;    88.447; 
 810;     -.841;    25.130;    88.447; 
 811;     -.844;    25.119;    88.447; 
 812;     -.846;    25.109;    88.447; 
 813;     -.848;    25.100;    88.447; 
 814;     -.851;    25.087;    88.447; 
 815;     -.852;    25.079;    88.447; 
 816;     -.854;    25.072;    88.447; 
 817;     -.855;    25.066;    88.447; 
 818;     -.857;    25.054;    88.447; 
 819;     -.858;    25.047;    88.447; 
 820;     -.862;    25.029;    88.447; 
 821;     -.865;    25.016;    88.447; 
 822;     -.867;    25.005;    88.447; 
 823;     -.868;    25.003;    88.447; 
 824;     -.870;    24.992;    88.447; 
 825;     -.872;    24.981;    88.447; 
 826;     -.873;    24.972;    88.447; 
 827;     -.875;    24.962;    88.447; 
 828;     -.876;    24.955;    88.447; 
 829;     -.880;    24.938;    88.447; 
 830;     -.881;    24.931;    88.447; 
 831;     -.882;    24.923;    88.447; 
 832;     -.884;    24.912;    88.447; 
 833;     -.885;    24.907;    88.447; 
 834;     -.891;    24.879;    88.447; 
 835;     -.897;    24.857;    88.447; 
 836;     -.902;    24.840;    88.447; 
 837;     -.909;    24.821;    88.447; 
 838;     -.915;    24.805;    88.447; 
 839;     -.921;    24.792;    88.447; 
 840;     -.929;    24.773;    88.447; 
 841;     -.956;    24.729;    88.447; 
 842;    -1.046;    24.649;    88.447; 
 843;    -1.126;    24.620;    88.447; 
 844;    -1.163;    24.614;    88.447; 
 845;    -1.185;    24.612;    88.447; 
 846;    -1.198;    24.612;    88.447; 
 847;    -1.206;    24.611;    88.447; 
 848;    -1.223;    24.610;    88.447; 
 849;    -1.238;    24.610;    88.447; 
 850;    -1.244;    24.610;    88.447; 
 851;    -1.253;    24.609;    88.447; 
 852;    -1.261;    24.609;    88.447; 
 853;    -1.270;    24.608;    88.447; 
 854;    -1.283;    24.608;    88.447; 
 855;    -1.293;    24.607;    88.447; 
 856;    -1.304;    24.607;    88.447; 
 857;    -1.314;    24.606;    88.447; 
 858;    -1.322;    24.606;    88.447; 
 859;    -1.327;    24.605;    88.447; 
 860;    -1.334;    24.604;    88.447; 
 861;    -1.343;    24.603;    88.447; 
 862;    -1.347;    24.603;    88.447; 
 863;    -1.361;    24.601;    88.447; 
 864;    -1.394;    24.599;    88.447; 
 865;    -1.415;    24.599;    88.447; 
 866;    -1.422;    24.599;    88.447; 
 867;    -1.427;    24.599;    88.447; 
 868;    -1.432;    24.599;    88.447; 
 869;    -1.438;    24.599;    88.447; 
 870;    -1.449;    24.598;    88.447; 
 871;    -1.463;    24.597;    88.447; 
 872;    -1.474;    24.597;    88.447; 
 873;    -1.481;    24.596;    88.447; 
 874;    -1.484;    24.596;    88.447; 
 875;    -1.497;    24.595;    88.447; 
 876;    -1.524;    24.594;    88.447; 
 877;    -1.547;    24.595;    88.447; 
 878;    -1.575;    24.597;    88.447; 
 879;    -1.663;    24.624;    88.447; 
 880;    -1.750;    24.693;    88.447; 
 881;    -1.775;    24.725;    88.447; 
 882;    -1.782;    24.737;    88.447; 
 883;    -1.803;    24.775;    88.447; 
 884;    -1.820;    24.821;    88.447; 
 885;    -1.827;    24.848;    88.447; 
 886;    -1.827;    24.851;    88.447; 
 887;    -1.829;    24.855;    88.447; 
 888;    -1.830;    24.860;    88.447; 
 889;    -1.833;    24.868;    88.447; 
 890;    -1.834;    24.872;    88.447; 
 891;    -1.837;    24.881;    88.447; 
 892;    -1.842;    24.895;    88.447; 
 893;    -1.845;    24.905;    88.447; 
 894;    -1.850;    24.919;    88.447; 
 895;    -1.854;    24.933;    88.447; 
 896;    -1.856;    24.939;    88.447; 
 897;    -1.859;    24.948;    88.447; 
 898;    -1.861;    24.957;    88.447; 
 899;    -1.864;    24.966;    88.447; 
 900;    -1.868;    24.976;    88.447; 
 901;    -1.872;    24.988;    88.447; 
 902;    -1.877;    25.005;    88.447; 
 903;    -1.880;    25.014;    88.447; 
 904;    -1.882;    25.022;    88.447; 
 905;    -1.883;    25.025;    88.447; 
 906;    -1.884;    25.028;    88.447; 
 907;    -1.884;    25.028;    88.447; 
 908;    -1.886;    25.031;    88.447; 
 909;    -1.900;    25.067;    88.447; 
 910;    -1.903;    25.078;    88.447; 
 911;    -1.909;    25.101;    88.447; 
 912;    -1.913;    25.116;    88.447; 
 913;    -1.915;    25.124;    88.447; 
 914;    -1.914;    25.121;    88.447; 
 915;    -1.916;    25.126;    88.447; 
 916;    -1.919;    25.134;    88.447; 
 917;    -1.922;    25.142;    88.447; 
 918;    -1.926;    25.155;    88.447; 
 919;    -1.930;    25.166;    88.447; 
 920;    -1.933;    25.175;    88.447; 
 921;    -1.935;    25.181;    88.447; 
 922;    -1.938;    25.189;    88.447; 
 923;    -1.940;    25.193;    88.447; 
 924;    -1.943;    25.200;    88.447; 
 925;    -1.944;    25.203;    88.447; 
 926;    -1.951;    25.219;    88.447; 
 927;    -1.958;    25.239;    88.447; 
 928;    -1.961;    25.247;    88.447; 
 929;    -1.964;    25.255;    88.447; 
 930;    -1.967;    25.262;    88.447; 
 931;    -1.970;    25.270;    88.447; 
 932;    -1.975;    25.284;    88.447; 
 933;    -1.982;    25.303;    88.447; 
 934;    -1.986;    25.315;    88.447; 
 935;    -1.990;    25.327;    88.447; 
 936;    -1.991;    25.331;    88.447; 
 937;    -1.994;    25.339;    88.447; 
 938;    -1.997;    25.346;    88.447; 
 939;    -2.001;    25.356;    88.447; 
 940;    -2.004;    25.364;    88.447; 
 941;    -2.009;    25.377;    88.447; 
 942;    -2.012;    25.386;    88.447; 
 943;    -2.016;    25.397;    88.447; 
 944;    -2.018;    25.402;    88.447; 
 945;    -2.022;    25.411;    88.447; 
 946;    -2.023;    25.415;    88.447; 
 947;    -2.027;    25.423;    88.447; 
 948;    -2.030;    25.429;    88.447; 
 949;    -2.033;    25.437;    88.447; 
 950;    -2.041;    25.456;    88.447; 
 951;    -2.046;    25.469;    88.447; 
 952;    -2.051;    25.480;    88.447; 
 953;    -2.056;    25.496;    88.447; 
 954;    -2.059;    25.503;    88.447; 
 955;    -2.063;    25.513;    88.447; 
 956;    -2.065;    25.519;    88.447; 
 957;    -2.067;    25.524;    88.447; 
 958;    -2.069;    25.528;    88.447; 
 959;    -2.074;    25.540;    88.447; 
 960;    -2.083;    25.561;    88.447; 
 961;    -2.085;    25.566;    88.447; 
 962;    -2.088;    25.574;    88.447; 
 963;    -2.093;    25.585;    88.447; 
 964;    -2.097;    25.596;    88.447; 
 965;    -2.099;    25.600;    88.447; 
 966;    -2.103;    25.610;    88.447; 
 967;    -2.104;    25.610;    88.447; 
 968;    -2.106;    25.615;    88.447; 
 969;    -2.111;    25.624;    88.447; 
 970;    -2.114;    25.629;    88.447; 
 971;    -2.121;    25.643;    88.447; 
 972;    -2.127;    25.656;    88.447; 
 973;    -2.128;    25.658;    88.447; 
 974;    -2.135;    25.671;    88.447; 
 975;    -2.145;    25.694;    88.447; 
 976;    -2.156;    25.722;    88.447; 
 977;    -2.161;    25.736;    88.447; 
 978;    -2.164;    25.745;    88.447; 
 979;    -2.165;    25.749;    88.447; 
 980;    -2.167;    25.753;    88.447; 
 981;    -2.169;    25.757;    88.447; 
 982;    -2.170;    25.760;    88.447; 
 983;    -2.173;    25.766;    88.447; 
 984;    -2.178;    25.775;    88.447; 
 985;    -2.183;    25.786;    88.447; 
 986;    -2.190;    25.802;    88.447; 
 987;    -2.194;    25.811;    88.447; 
 988;    -2.199;    25.824;    88.447; 
 989;    -2.202;    25.830;    88.447; 
 990;    -2.205;    25.837;    88.447; 
 991;    -2.208;    25.843;    88.447; 
 992;    -2.211;    25.847;    88.447; 
 993;    -2.214;    25.854;    88.447; 
 994;    -2.219;    25.862;    88.447; 
 995;    -2.225;    25.874;    88.447; 
 996;    -2.232;    25.889;    88.447; 
 997;    -2.240;    25.905;    88.447; 
 998;    -2.248;    25.923;    88.447; 
 999;    -2.252;    25.933;    88.447; 
1000;    -2.254;    25.937;    88.447; 
1001;    -2.254;    25.938;    88.447; 
1002;    -2.257;    25.944;    88.447; 
1003;    -2.265;    25.959;    88.447; 
1004;    -2.270;    25.971;    88.447; 
1005;    -2.274;    25.978;    88.447; 
1006;    -2.278;    25.988;    88.447; 
1007;    -2.283;    25.997;    88.447; 
1008;    -2.288;    26.008;    88.447; 
1009;    -2.291;    26.014;    88.447; 
1010;    -2.294;    26.020;    88.447; 
1011;    -2.296;    26.024;    88.447; 
1012;    -2.302;    26.035;    88.447; 
1013;    -2.310;    26.051;    88.447; 
1014;    -2.321;    26.075;    88.447; 
1015;    -2.323;    26.080;    88.447; 
1016;    -2.325;    26.084;    88.447; 
1017;    -2.327;    26.086;    88.447; 
1018;    -2.330;    26.092;    88.447; 
1019;    -2.333;    26.097;    88.447; 
1020;    -2.336;    26.103;    88.447; 
1021;    -2.344;    26.116;    88.447; 
1022;    -2.349;    26.126;    88.447; 
1023;    -2.353;    26.133;    88.447; 
1024;    -2.363;    26.151;    88.447; 
1025;    -2.371;    26.168;    88.447; 
1026;    -2.379;    26.188;    88.447; 
1027;    -2.381;    26.193;    88.447; 
1028;    -2.384;    26.198;    88.447; 
1029;    -2.387;    26.205;    88.447; 
1030;    -2.389;    26.208;    88.447; 
1031;    -2.392;    26.215;    88.447; 
1032;    -2.397;    26.223;    88.447; 
1033;    -2.402;    26.233;    88.447; 
1034;    -2.408;    26.244;    88.447; 
1035;    -2.413;    26.254;    88.447; 
1036;    -2.418;    26.264;    88.447; 
1037;    -2.422;    26.271;    88.447; 
1038;    -2.426;    26.279;    88.447; 
1039;    -2.430;    26.286;    88.447; 
1040;    -2.437;    26.300;    88.447; 
1041;    -2.443;    26.310;    88.447; 
1042;    -2.448;    26.321;    88.447; 
1043;    -2.452;    26.328;    88.447; 
1044;    -2.456;    26.337;    88.447; 
1045;    -2.462;    26.349;    88.447; 
1046;    -2.467;    26.358;    88.447; 
1047;    -2.472;    26.368;    88.447; 
1048;    -2.473;    26.370;    88.447; 
1049;    -2.477;    26.376;    88.447; 
1050;    -2.481;    26.384;    88.447; 
1051;    -2.488;    26.396;    88.447; 
1052;    -2.498;    26.415;    88.447; 
1053;    -2.500;    26.419;    88.447; 
1054;    -2.503;    26.425;    88.447; 
1055;    -2.504;    26.426;    88.447; 
1056;    -2.509;    26.434;    88.447; 
1057;    -2.516;    26.447;    88.447; 
1058;    -2.525;    26.463;    88.447; 
1059;    -2.531;    26.473;    88.447; 
1060;    -2.533;    26.478;    88.447; 
1061;    -2.539;    26.487;    88.447; 
1062;    -2.544;    26.496;    88.447; 
1063;    -2.548;    26.503;    88.447; 
1064;    -2.553;    26.512;    88.447; 
1065;    -2.560;    26.526;    88.447; 
1066;    -2.569;    26.541;    88.447; 
1067;    -2.573;    26.550;    88.447; 
1068;    -2.578;    26.560;    88.447; 
1069;    -2.580;    26.563;    88.447; 
1070;    -2.585;    26.572;    88.447; 
1071;    -2.587;    26.575;    88.447; 
1072;    -2.591;    26.582;    88.447; 
1073;    -2.595;    26.588;    88.447; 
1074;    -2.604;    26.603;    88.447; 
1075;    -2.614;    26.621;    88.447; 
1076;    -2.621;    26.635;    88.447; 
1077;    -2.624;    26.640;    88.447; 
1078;    -2.626;    26.644;    88.447; 
1079;    -2.628;    26.646;    88.447; 
1080;    -2.632;    26.653;    88.447; 
1081;    -2.632;    26.652;    88.447; 
1082;    -2.635;    26.656;    88.447; 
1083;    -2.636;    26.657;    88.447; 
1084;    -2.641;    26.664;    88.447; 
1085;    -2.642;    26.665;    88.447; 
1086;    -2.645;    26.669;    88.447; 
1087;    -2.650;    26.673;    88.447; 
1088;    -2.654;    26.677;    88.447; 
1089;    -2.658;    26.681;    88.447; 
1090;    -2.661;    26.683;    88.447; 
1091;    -2.665;    26.687;    88.447; 
1092;    -2.669;    26.690;    88.447; 
1093;    -2.671;    26.692;    88.447; 
1094;    -2.675;    26.695;    88.447; 
1095;    -2.679;    26.697;    88.447; 
1096;    -2.690;    26.705;    88.447; 
1097;    -2.704;    26.716;    88.447; 
1098;    -2.713;    26.723;    88.447; 
1099;    -2.718;    26.727;    88.447; 
1100;    -2.720;    26.728;    88.447; 
1101;    -2.723;    26.730;    88.447; 
1102;    -2.726;    26.732;    88.447; 
1103;    -2.728;    26.732;    88.447; 
1104;    -2.734;    26.736;    88.447; 
1105;    -2.741;    26.739;    88.447; 
1106;    -2.747;    26.742;    88.447; 
1107;    -2.752;    26.744;    88.447; 
1108;    -2.755;    26.745;    88.447; 
1109;    -2.758;    26.747;    88.447; 
1110;    -2.761;    26.747;    88.447; 
1111;    -2.767;    26.750;    88.447; 
1112;    -2.772;    26.751;    88.447; 
1113;    -2.774;    26.751;    88.447; 
1114;    -2.783;    26.753;    88.447; 
1115;    -2.787;    26.754;    88.447; 
1116;    -2.792;    26.755;    88.447; 
1117;    -2.796;    26.756;    88.447; 
1118;    -2.800;    26.756;    88.447; 
1119;    -2.806;    26.757;    88.447; 
1120;    -2.809;    26.757;    88.447; 
1121;    -2.814;    26.757;    88.447; 
1122;    -2.820;    26.757;    88.447; 
1123;    -2.823;    26.757;    88.447; 
1124;    -2.825;    26.757;    88.447; 
1125;    -2.828;    26.756;    88.447; 
1126;    -2.833;    26.756;    88.447; 
1127;    -2.835;    26.756;    88.447; 
1128;    -2.837;    26.755;    88.447; 
1129;    -2.843;    26.754;    88.447; 
1130;    -2.860;    26.751;    88.447; 
1131;    -2.891;    26.749;    88.447; 
1132;    -2.899;    26.748;    88.447; 
1133;    -2.906;    26.747;    88.447; 
1134;    -2.915;    26.746;    88.447; 
1135;    -2.924;    26.746;    88.447; 
1136;    -2.932;    26.745;    88.447; 
1137;    -2.941;    26.744;    88.447; 
1138;    -2.948;    26.743;    88.447; 
1139;    -2.966;    26.741;    88.447; 
1140;    -2.976;    26.740;    88.447; 
1141;    -2.980;    26.739;    88.447; 
1142;    -2.982;    26.739;    88.447; 
1143;    -2.992;    26.737;    88.447; 
