[A]
   1;     3.491;    26.821;    88.446; 
   2;     3.481;    26.822;    88.446; 
   3;     3.474;    26.823;    88.446; 
   4;     3.468;    26.823;    88.446; 
   5;     3.451;    26.825;    88.446; 
   6;     3.427;    26.829;    88.446; 
   7;     3.414;    26.831;    88.446; 
   8;     3.407;    26.832;    88.446; 
   9;     3.404;    26.833;    88.446; 
  10;     3.398;    26.833;    88.446; 
  11;     3.391;    26.834;    88.446; 
  12;     3.385;    26.835;    88.446; 
  13;     3.373;    26.836;    88.446; 
  14;     3.362;    26.837;    88.446; 
  15;     3.350;    26.838;    88.446; 
  16;     3.326;    26.841;    88.446; 
  17;     3.314;    26.843;    88.446; 
  18;     3.305;    26.844;    88.446; 
  19;     3.298;    26.845;    88.446; 
  20;     3.292;    26.846;    88.446; 
  21;     3.286;    26.847;    88.446; 
  22;     3.280;    26.847;    88.446; 
  23;     3.274;    26.848;    88.446; 
  24;     3.250;    26.850;    88.446; 
  25;     3.229;    26.853;    88.446; 
  26;     3.216;    26.856;    88.446; 
  27;     3.205;    26.858;    88.446; 
  28;     3.202;    26.858;    88.446; 
  29;     3.198;    26.859;    88.446; 
  30;     3.192;    26.859;    88.446; 
  31;     3.172;    26.862;    88.446; 
  32;     3.158;    26.864;    88.446; 
  33;     3.149;    26.866;    88.446; 
  34;     3.146;    26.866;    88.446; 
  35;     3.145;    26.866;    88.446; 
  36;     3.133;    26.867;    88.446; 
  37;     3.111;    26.870;    88.446; 
  38;     3.092;    26.873;    88.446; 
  39;     3.085;    26.874;    88.446; 
  40;     3.079;    26.875;    88.446; 
  41;     3.073;    26.875;    88.446; 
  42;     3.064;    26.876;    88.446; 
  43;     3.059;    26.877;    88.446; 
  44;     3.051;    26.878;    88.446; 
  45;     3.047;    26.878;    88.446; 
  46;     3.038;    26.878;    88.446; 
  47;     3.035;    26.878;    88.446; 
  48;     3.028;    26.878;    88.446; 
  49;     3.020;    26.878;    88.446; 
  50;     3.013;    26.878;    88.446; 
  51;     3.005;    26.877;    88.446; 
  52;     3.000;    26.877;    88.446; 
  53;     2.993;    26.877;    88.446; 
  54;     2.989;    26.876;    88.446; 
  55;     2.985;    26.876;    88.446; 
  56;     2.982;    26.875;    88.446; 
  57;     2.978;    26.874;    88.446; 
  58;     2.974;    26.873;    88.446; 
  59;     2.972;    26.873;    88.446; 
  60;     2.967;    26.871;    88.446; 
  61;     2.965;    26.870;    88.446; 
  62;     2.960;    26.869;    88.446; 
  63;     2.957;    26.868;    88.446; 
  64;     2.958;    26.867;    88.446; 
  65;     2.953;    26.865;    88.446; 
  66;     2.952;    26.865;    88.446; 
  67;     2.949;    26.863;    88.446; 
  68;     2.944;    26.860;    88.446; 
  69;     2.936;    26.856;    88.446; 
  70;     2.928;    26.851;    88.446; 
  71;     2.920;    26.846;    88.446; 
  72;     2.910;    26.841;    88.446; 
  73;     2.907;    26.838;    88.446; 
  74;     2.904;    26.836;    88.446; 
  75;     2.904;    26.836;    88.446; 
  76;     2.902;    26.835;    88.446; 
  77;     2.902;    26.834;    88.446; 
  78;     2.902;    26.834;    88.446; 
  79;     2.901;    26.832;    88.446; 
  80;     2.898;    26.829;    88.446; 
  81;     2.886;    26.817;    88.446; 
  82;     2.878;    26.809;    88.446; 
  83;     2.867;    26.798;    88.446; 
  84;     2.865;    26.796;    88.446; 
  85;     2.860;    26.791;    88.446; 
  86;     2.860;    26.790;    88.446; 
  87;     2.858;    26.788;    88.446; 
  88;     2.856;    26.785;    88.446; 
  89;     2.853;    26.780;    88.446; 
  90;     2.850;    26.776;    88.446; 
  91;     2.848;    26.772;    88.446; 
  92;     2.842;    26.763;    88.446; 
  93;     2.838;    26.756;    88.446; 
  94;     2.834;    26.750;    88.446; 
  95;     2.832;    26.745;    88.446; 
  96;     2.825;    26.733;    88.446; 
  97;     2.818;    26.722;    88.446; 
  98;     2.812;    26.711;    88.446; 
  99;     2.811;    26.709;    88.446; 
 100;     2.808;    26.704;    88.446; 
 101;     2.803;    26.695;    88.446; 
 102;     2.795;    26.680;    88.446; 
 103;     2.788;    26.667;    88.446; 
 104;     2.781;    26.657;    88.446; 
 105;     2.777;    26.648;    88.446; 
 106;     2.775;    26.645;    88.446; 
 107;     2.769;    26.634;    88.446; 
 108;     2.765;    26.627;    88.446; 
 109;     2.758;    26.615;    88.446; 
 110;     2.752;    26.605;    88.446; 
 111;     2.745;    26.593;    88.446; 
 112;     2.737;    26.580;    88.446; 
 113;     2.734;    26.576;    88.446; 
 114;     2.730;    26.567;    88.446; 
 115;     2.725;    26.559;    88.446; 
 116;     2.721;    26.552;    88.446; 
 117;     2.717;    26.545;    88.446; 
 118;     2.712;    26.535;    88.446; 
 119;     2.707;    26.527;    88.446; 
 120;     2.703;    26.519;    88.446; 
 121;     2.700;    26.513;    88.446; 
 122;     2.695;    26.503;    88.446; 
 123;     2.688;    26.491;    88.446; 
 124;     2.674;    26.467;    88.446; 
 125;     2.667;    26.456;    88.446; 
 126;     2.664;    26.451;    88.446; 
 127;     2.661;    26.445;    88.446; 
 128;     2.657;    26.438;    88.446; 
 129;     2.653;    26.432;    88.446; 
 130;     2.649;    26.424;    88.446; 
 131;     2.646;    26.418;    88.446; 
 132;     2.642;    26.410;    88.446; 
 133;     2.637;    26.399;    88.446; 
 134;     2.631;    26.389;    88.446; 
 135;     2.619;    26.368;    88.446; 
 136;     2.611;    26.355;    88.446; 
 137;     2.609;    26.351;    88.446; 
 138;     2.606;    26.345;    88.446; 
 139;     2.601;    26.337;    88.446; 
 140;     2.596;    26.328;    88.446; 
 141;     2.593;    26.322;    88.446; 
 142;     2.589;    26.315;    88.446; 
 143;     2.585;    26.306;    88.446; 
 144;     2.579;    26.294;    88.446; 
 145;     2.576;    26.288;    88.446; 
 146;     2.572;    26.280;    88.446; 
 147;     2.567;    26.271;    88.446; 
 148;     2.560;    26.258;    88.446; 
 149;     2.553;    26.244;    88.446; 
 150;     2.547;    26.234;    88.446; 
 151;     2.545;    26.230;    88.446; 
 152;     2.541;    26.223;    88.446; 
 153;     2.535;    26.211;    88.446; 
 154;     2.531;    26.202;    88.446; 
 155;     2.527;    26.195;    88.446; 
 156;     2.521;    26.183;    88.446; 
 157;     2.515;    26.171;    88.446; 
 158;     2.510;    26.163;    88.446; 
 159;     2.507;    26.157;    88.446; 
 160;     2.503;    26.148;    88.446; 
 161;     2.497;    26.137;    88.446; 
 162;     2.491;    26.125;    88.446; 
 163;     2.484;    26.113;    88.446; 
 164;     2.478;    26.102;    88.446; 
 165;     2.475;    26.097;    88.446; 
 166;     2.475;    26.095;    88.446; 
 167;     2.470;    26.086;    88.446; 
 168;     2.467;    26.079;    88.446; 
 169;     2.461;    26.067;    88.446; 
 170;     2.456;    26.058;    88.446; 
 171;     2.451;    26.047;    88.446; 
 172;     2.445;    26.035;    88.446; 
 173;     2.442;    26.030;    88.446; 
 174;     2.439;    26.022;    88.446; 
 175;     2.432;    26.009;    88.446; 
 176;     2.429;    26.002;    88.446; 
 177;     2.425;    25.994;    88.446; 
 178;     2.420;    25.984;    88.446; 
 179;     2.416;    25.976;    88.446; 
 180;     2.411;    25.966;    88.446; 
 181;     2.405;    25.953;    88.446; 
 182;     2.402;    25.947;    88.446; 
 183;     2.396;    25.936;    88.446; 
 184;     2.393;    25.928;    88.446; 
 185;     2.389;    25.921;    88.446; 
 186;     2.387;    25.914;    88.446; 
 187;     2.383;    25.907;    88.446; 
 188;     2.380;    25.899;    88.446; 
 189;     2.374;    25.884;    88.446; 
 190;     2.367;    25.871;    88.446; 
 191;     2.359;    25.854;    88.446; 
 192;     2.355;    25.847;    88.446; 
 193;     2.352;    25.840;    88.446; 
 194;     2.349;    25.833;    88.446; 
 195;     2.345;    25.825;    88.446; 
 196;     2.341;    25.817;    88.446; 
 197;     2.336;    25.805;    88.446; 
 198;     2.332;    25.796;    88.446; 
 199;     2.327;    25.786;    88.446; 
 200;     2.325;    25.781;    88.446; 
 201;     2.320;    25.770;    88.446; 
 202;     2.316;    25.761;    88.446; 
 203;     2.311;    25.750;    88.446; 
 204;     2.306;    25.740;    88.446; 
 205;     2.303;    25.733;    88.446; 
 206;     2.297;    25.720;    88.446; 
 207;     2.296;    25.717;    88.446; 
 208;     2.293;    25.709;    88.446; 
 209;     2.288;    25.697;    88.446; 
 210;     2.281;    25.683;    88.446; 
 211;     2.276;    25.671;    88.446; 
 212;     2.274;    25.667;    88.446; 
 213;     2.270;    25.658;    88.446; 
 214;     2.268;    25.653;    88.446; 
 215;     2.263;    25.640;    88.446; 
 216;     2.257;    25.626;    88.446; 
 217;     2.252;    25.615;    88.446; 
 218;     2.247;    25.604;    88.446; 
 219;     2.243;    25.595;    88.446; 
 220;     2.240;    25.590;    88.446; 
 221;     2.239;    25.586;    88.446; 
 222;     2.237;    25.580;    88.446; 
 223;     2.232;    25.567;    88.446; 
 224;     2.224;    25.550;    88.446; 
 225;     2.220;    25.540;    88.446; 
 226;     2.216;    25.531;    88.446; 
 227;     2.215;    25.527;    88.446; 
 228;     2.213;    25.524;    88.446; 
 229;     2.210;    25.515;    88.446; 
 230;     2.207;    25.505;    88.446; 
 231;     2.201;    25.491;    88.446; 
 232;     2.196;    25.477;    88.446; 
 233;     2.190;    25.464;    88.446; 
 234;     2.183;    25.447;    88.446; 
 235;     2.179;    25.438;    88.446; 
 236;     2.176;    25.433;    88.446; 
 237;     2.173;    25.425;    88.446; 
 238;     2.172;    25.422;    88.446; 
 239;     2.169;    25.413;    88.446; 
 240;     2.167;    25.407;    88.446; 
 241;     2.165;    25.402;    88.446; 
 242;     2.162;    25.392;    88.446; 
 243;     2.160;    25.385;    88.446; 
 244;     2.154;    25.368;    88.446; 
 245;     2.151;    25.360;    88.446; 
 246;     2.144;    25.341;    88.446; 
 247;     2.135;    25.320;    88.446; 
 248;     2.127;    25.302;    88.446; 
 249;     2.123;    25.295;    88.446; 
 250;     2.123;    25.294;    88.446; 
 251;     2.120;    25.287;    88.446; 
 252;     2.118;    25.282;    88.446; 
 253;     2.114;    25.271;    88.446; 
 254;     2.113;    25.267;    88.446; 
 255;     2.109;    25.257;    88.446; 
 256;     2.107;    25.250;    88.446; 
 257;     2.104;    25.241;    88.446; 
 258;     2.100;    25.229;    88.446; 
 259;     2.096;    25.219;    88.446; 
 260;     2.094;    25.212;    88.446; 
 261;     2.091;    25.202;    88.446; 
 262;     2.088;    25.194;    88.446; 
 263;     2.086;    25.187;    88.446; 
 264;     2.078;    25.165;    88.446; 
 265;     2.074;    25.154;    88.446; 
 266;     2.070;    25.144;    88.446; 
 267;     2.067;    25.136;    88.446; 
 268;     2.067;    25.134;    88.446; 
 269;     2.065;    25.127;    88.446; 
 270;     2.058;    25.109;    88.446; 
 271;     2.055;    25.099;    88.446; 
 272;     2.051;    25.088;    88.446; 
 273;     2.051;    25.088;    88.446; 
 274;     2.050;    25.084;    88.446; 
 275;     2.050;    25.084;    88.446; 
 276;     2.050;    25.080;    88.446; 
 277;     2.048;    25.073;    88.446; 
 278;     2.046;    25.061;    88.446; 
 279;     2.039;    25.033;    88.446; 
 280;     2.025;    24.996;    88.446; 
 281;     2.016;    24.975;    88.446; 
 282;     2.012;    24.967;    88.446; 
 283;     2.006;    24.954;    88.446; 
 284;     2.000;    24.943;    88.446; 
 285;     1.998;    24.939;    88.446; 
 286;     1.996;    24.934;    88.446; 
 287;     1.995;    24.930;    88.446; 
 288;     1.993;    24.925;    88.446; 
 289;     1.992;    24.921;    88.446; 
 290;     1.972;    24.877;    88.446; 
 291;     1.939;    24.829;    88.446; 
 292;     1.920;    24.808;    88.446; 
 293;     1.832;    24.746;    88.446; 
 294;     1.760;    24.725;    88.446; 
 295;     1.692;    24.723;    88.446; 
 296;     1.669;    24.726;    88.446; 
 297;     1.665;    24.726;    88.446; 
 298;     1.657;    24.726;    88.446; 
 299;     1.650;    24.727;    88.446; 
 300;     1.642;    24.727;    88.446; 
 301;     1.637;    24.727;    88.446; 
 302;     1.625;    24.728;    88.446; 
 303;     1.596;    24.730;    88.446; 
 304;     1.582;    24.732;    88.446; 
 305;     1.577;    24.732;    88.446; 
 306;     1.573;    24.732;    88.446; 
 307;     1.566;    24.733;    88.446; 
 308;     1.554;    24.734;    88.446; 
 309;     1.539;    24.735;    88.446; 
 310;     1.526;    24.736;    88.446; 
 311;     1.519;    24.737;    88.446; 
 312;     1.515;    24.737;    88.446; 
 313;     1.511;    24.737;    88.446; 
 314;     1.506;    24.737;    88.446; 
 315;     1.494;    24.737;    88.446; 
 316;     1.478;    24.738;    88.446; 
 317;     1.447;    24.740;    88.446; 
 318;     1.435;    24.742;    88.446; 
 319;     1.425;    24.743;    88.446; 
 320;     1.418;    24.744;    88.446; 
 321;     1.410;    24.745;    88.446; 
 322;     1.401;    24.746;    88.446; 
 323;     1.393;    24.746;    88.446; 
 324;     1.387;    24.747;    88.446; 
 325;     1.381;    24.747;    88.446; 
 326;     1.367;    24.748;    88.446; 
 327;     1.348;    24.749;    88.446; 
 328;     1.329;    24.752;    88.446; 
 329;     1.299;    24.757;    88.446; 
 330;     1.222;    24.787;    88.446; 
 331;     1.139;    24.861;    88.446; 
 332;     1.094;    24.951;    88.446; 
 333;     1.090;    24.963;    88.446; 
 334;     1.088;    24.971;    88.446; 
 335;     1.084;    24.984;    88.446; 
 336;     1.078;    25.010;    88.446; 
 337;     1.075;    25.023;    88.446; 
 338;     1.073;    25.034;    88.446; 
 339;     1.070;    25.049;    88.446; 
 340;     1.069;    25.057;    88.446; 
 341;     1.067;    25.064;    88.446; 
 342;     1.065;    25.078;    88.446; 
 343;     1.062;    25.092;    88.446; 
 344;     1.060;    25.105;    88.446; 
 345;     1.059;    25.111;    88.446; 
 346;     1.058;    25.119;    88.446; 
 347;     1.057;    25.123;    88.446; 
 348;     1.055;    25.130;    88.446; 
 349;     1.052;    25.145;    88.446; 
 350;     1.048;    25.165;    88.446; 
 351;     1.046;    25.184;    88.446; 
 352;     1.045;    25.192;    88.446; 
 353;     1.044;    25.198;    88.446; 
 354;     1.043;    25.200;    88.446; 
 355;     1.041;    25.209;    88.446; 
 356;     1.040;    25.214;    88.446; 
 357;     1.039;    25.219;    88.446; 
 358;     1.035;    25.235;    88.446; 
 359;     1.032;    25.252;    88.446; 
 360;     1.029;    25.273;    88.446; 
 361;     1.027;    25.285;    88.446; 
 362;     1.026;    25.289;    88.446; 
 363;     1.025;    25.293;    88.446; 
 364;     1.024;    25.301;    88.446; 
 365;     1.022;    25.309;    88.446; 
 366;     1.020;    25.319;    88.446; 
 367;     1.018;    25.329;    88.446; 
 368;     1.016;    25.338;    88.446; 
 369;     1.014;    25.347;    88.446; 
 370;     1.012;    25.356;    88.446; 
 371;     1.010;    25.364;    88.446; 
 372;     1.007;    25.377;    88.446; 
 373;     1.004;    25.389;    88.446; 
 374;     1.001;    25.402;    88.446; 
 375;      .999;    25.413;    88.446; 
 376;      .997;    25.421;    88.446; 
 377;      .995;    25.431;    88.446; 
 378;      .994;    25.438;    88.446; 
 379;      .992;    25.447;    88.446; 
 380;      .990;    25.451;    88.446; 
 381;      .988;    25.459;    88.446; 
 382;      .985;    25.472;    88.446; 
 383;      .981;    25.486;    88.446; 
 384;      .978;    25.498;    88.446; 
 385;      .976;    25.510;    88.446; 
 386;      .974;    25.518;    88.446; 
 387;      .971;    25.528;    88.446; 
 388;      .969;    25.539;    88.446; 
 389;      .967;    25.547;    88.446; 
 390;      .964;    25.556;    88.446; 
 391;      .962;    25.566;    88.446; 
 392;      .960;    25.575;    88.446; 
 393;      .957;    25.584;    88.446; 
 394;      .955;    25.592;    88.446; 
 395;      .952;    25.603;    88.446; 
 396;      .948;    25.618;    88.446; 
 397;      .945;    25.633;    88.446; 
 398;      .943;    25.637;    88.446; 
 399;      .940;    25.650;    88.446; 
 400;      .938;    25.658;    88.446; 
 401;      .936;    25.665;    88.446; 
 402;      .934;    25.672;    88.446; 
 403;      .931;    25.685;    88.446; 
 404;      .927;    25.698;    88.446; 
 405;      .924;    25.710;    88.446; 
 406;      .923;    25.715;    88.446; 
 407;      .920;    25.723;    88.446; 
 408;      .917;    25.734;    88.446; 
 409;      .915;    25.742;    88.446; 
 410;      .912;    25.754;    88.446; 
 411;      .908;    25.767;    88.446; 
 412;      .905;    25.778;    88.446; 
 413;      .903;    25.786;    88.446; 
 414;      .899;    25.798;    88.446; 
 415;      .896;    25.809;    88.446; 
 416;      .894;    25.817;    88.446; 
 417;      .891;    25.826;    88.446; 
 418;      .889;    25.834;    88.446; 
 419;      .886;    25.843;    88.446; 
 420;      .882;    25.856;    88.446; 
 421;      .880;    25.865;    88.446; 
 422;      .878;    25.872;    88.446; 
 423;      .875;    25.882;    88.446; 
 424;      .871;    25.894;    88.446; 
 425;      .869;    25.901;    88.446; 
 426;      .866;    25.912;    88.446; 
 427;      .864;    25.918;    88.446; 
 428;      .861;    25.925;    88.446; 
 429;      .857;    25.938;    88.446; 
 430;      .852;    25.954;    88.446; 
 431;      .849;    25.966;    88.446; 
 432;      .847;    25.972;    88.446; 
 433;      .845;    25.978;    88.446; 
 434;      .840;    25.993;    88.446; 
 435;      .837;    26.004;    88.446; 
 436;      .835;    26.011;    88.446; 
 437;      .831;    26.021;    88.446; 
 438;      .829;    26.028;    88.446; 
 439;      .828;    26.031;    88.446; 
 440;      .821;    26.050;    88.446; 
 441;      .815;    26.070;    88.446; 
 442;      .813;    26.078;    88.446; 
 443;      .810;    26.088;    88.446; 
 444;      .808;    26.093;    88.446; 
 445;      .805;    26.103;    88.446; 
 446;      .802;    26.113;    88.446; 
 447;      .799;    26.124;    88.446; 
 448;      .796;    26.131;    88.446; 
 449;      .793;    26.141;    88.446; 
 450;      .790;    26.148;    88.446; 
 451;      .787;    26.157;    88.446; 
 452;      .782;    26.171;    88.446; 
 453;      .779;    26.181;    88.446; 
 454;      .775;    26.192;    88.446; 
 455;      .772;    26.203;    88.446; 
 456;      .769;    26.212;    88.446; 
 457;      .767;    26.218;    88.446; 
 458;      .762;    26.232;    88.446; 
 459;      .759;    26.240;    88.446; 
 460;      .755;    26.251;    88.446; 
 461;      .751;    26.264;    88.446; 
 462;      .748;    26.274;    88.446; 
 463;      .747;    26.278;    88.446; 
 464;      .745;    26.283;    88.446; 
 465;      .741;    26.294;    88.446; 
 466;      .736;    26.307;    88.446; 
 467;      .731;    26.321;    88.446; 
 468;      .728;    26.330;    88.446; 
 469;      .725;    26.340;    88.446; 
 470;      .724;    26.341;    88.446; 
 471;      .721;    26.348;    88.446; 
 472;      .719;    26.353;    88.446; 
 473;      .713;    26.370;    88.446; 
 474;      .705;    26.391;    88.446; 
 475;      .701;    26.404;    88.446; 
 476;      .699;    26.410;    88.446; 
 477;      .696;    26.419;    88.446; 
 478;      .693;    26.426;    88.446; 
 479;      .688;    26.441;    88.446; 
 480;      .686;    26.447;    88.446; 
 481;      .683;    26.456;    88.446; 
 482;      .679;    26.465;    88.446; 
 483;      .677;    26.472;    88.446; 
 484;      .673;    26.482;    88.446; 
 485;      .669;    26.492;    88.446; 
 486;      .665;    26.503;    88.446; 
 487;      .661;    26.515;    88.446; 
 488;      .657;    26.525;    88.446; 
 489;      .653;    26.536;    88.446; 
 490;      .651;    26.541;    88.446; 
 491;      .649;    26.547;    88.446; 
 492;      .646;    26.553;    88.446; 
 493;      .643;    26.562;    88.446; 
 494;      .641;    26.564;    88.446; 
 495;      .636;    26.576;    88.446; 
 496;      .633;    26.581;    88.446; 
 497;      .632;    26.584;    88.446; 
 498;      .622;    26.605;    88.446; 
 499;      .610;    26.637;    88.446; 
 500;      .605;    26.654;    88.446; 
 501;      .602;    26.664;    88.446; 
 502;      .598;    26.674;    88.446; 
 503;      .597;    26.679;    88.446; 
 504;      .594;    26.688;    88.446; 
 505;      .590;    26.698;    88.446; 
 506;      .588;    26.707;    88.446; 
 507;      .586;    26.710;    88.446; 
 508;      .587;    26.708;    88.446; 
 509;      .581;    26.721;    88.446; 
 510;      .577;    26.733;    88.446; 
 511;      .571;    26.747;    88.446; 
 512;      .567;    26.757;    88.446; 
 513;      .564;    26.766;    88.446; 
 514;      .562;    26.769;    88.446; 
 515;      .557;    26.783;    88.446; 
 516;      .553;    26.793;    88.446; 
 517;      .549;    26.802;    88.446; 
 518;      .546;    26.811;    88.446; 
 519;      .542;    26.820;    88.446; 
 520;      .540;    26.825;    88.446; 
 521;      .537;    26.831;    88.446; 
 522;      .536;    26.833;    88.446; 
 523;      .532;    26.840;    88.446; 
 524;      .519;    26.870;    88.446; 
 525;      .511;    26.894;    88.446; 
 526;      .507;    26.903;    88.446; 
 527;      .506;    26.908;    88.446; 
 528;      .505;    26.910;    88.446; 
 529;      .503;    26.914;    88.446; 
 530;      .500;    26.921;    88.446; 
 531;      .496;    26.928;    88.446; 
 532;      .493;    26.935;    88.446; 
 533;      .490;    26.940;    88.446; 
 534;      .488;    26.945;    88.446; 
 535;      .487;    26.946;    88.446; 
 536;      .485;    26.949;    88.446; 
 537;      .479;    26.958;    88.446; 
 538;      .479;    26.959;    88.446; 
 539;      .469;    26.975;    88.446; 
 540;      .461;    26.988;    88.446; 
 541;      .454;    26.999;    88.446; 
 542;      .452;    27.002;    88.446; 
 543;      .452;    27.002;    88.446; 
 544;      .450;    27.004;    88.446; 
 545;      .450;    27.004;    88.446; 
 546;      .449;    27.005;    88.446; 
 547;      .448;    27.006;    88.446; 
 548;      .444;    27.009;    88.446; 
 549;      .440;    27.013;    88.446; 
 550;      .439;    27.013;    88.446; 
 551;      .435;    27.017;    88.446; 
 552;      .429;    27.022;    88.446; 
 553;      .426;    27.024;    88.446; 
 554;      .424;    27.025;    88.446; 
 555;      .419;    27.029;    88.446; 
 556;      .416;    27.030;    88.446; 
 557;      .412;    27.033;    88.446; 
 558;      .410;    27.033;    88.446; 
 559;      .407;    27.035;    88.446; 
 560;      .403;    27.036;    88.446; 
 561;      .397;    27.039;    88.446; 
 562;      .385;    27.044;    88.446; 
 563;      .376;    27.048;    88.446; 
 564;      .367;    27.052;    88.446; 
 565;      .370;    27.050;    88.446; 
 566;      .372;    27.049;    88.446; 
 567;      .363;    27.052;    88.446; 
 568;      .355;    27.054;    88.446; 
 569;      .352;    27.055;    88.446; 
 570;      .348;    27.056;    88.446; 
 571;      .343;    27.057;    88.446; 
 572;      .340;    27.057;    88.446; 
 573;      .337;    27.058;    88.446; 
 574;      .330;    27.058;    88.446; 
 575;      .328;    27.059;    88.446; 
 576;      .325;    27.059;    88.446; 
 577;      .321;    27.059;    88.446; 
 578;      .312;    27.059;    88.446; 
 579;      .301;    27.059;    88.446; 
 580;      .293;    27.059;    88.446; 
 581;      .287;    27.059;    88.446; 
 582;      .282;    27.059;    88.446; 
 583;      .272;    27.059;    88.446; 
 584;      .262;    27.059;    88.446; 
 585;      .250;    27.058;    88.446; 
 586;      .235;    27.058;    88.446; 
 587;      .224;    27.058;    88.446; 
 588;      .217;    27.058;    88.446; 
 589;      .209;    27.058;    88.446; 
 590;      .197;    27.058;    88.446; 
 591;      .181;    27.058;    88.446; 
 592;      .167;    27.058;    88.446; 
 593;      .156;    27.058;    88.446; 
 594;      .149;    27.058;    88.446; 
 595;      .139;    27.059;    88.446; 
 596;      .127;    27.059;    88.446; 
 597;      .119;    27.059;    88.446; 
 598;      .107;    27.059;    88.446; 
 599;      .092;    27.059;    88.446; 
 600;      .082;    27.059;    88.446; 
 601;      .073;    27.059;    88.446; 
 602;      .066;    27.059;    88.446; 
 603;      .061;    27.059;    88.446; 
 604;      .057;    27.059;    88.446; 
 605;      .045;    27.058;    88.446; 
 606;      .022;    27.058;    88.446; 
 607;     -.001;    27.059;    88.446; 
 608;     -.008;    27.059;    88.446; 
 609;     -.015;    27.059;    88.446; 
 610;     -.021;    27.060;    88.446; 
 611;     -.026;    27.059;    88.446; 
 612;     -.034;    27.059;    88.446; 
 613;     -.044;    27.059;    88.446; 
 614;     -.055;    27.059;    88.446; 
 615;     -.070;    27.059;    88.446; 
 616;     -.086;    27.059;    88.446; 
 617;     -.096;    27.059;    88.446; 
 618;     -.106;    27.059;    88.446; 
 619;     -.116;    27.059;    88.446; 
 620;     -.126;    27.059;    88.446; 
 621;     -.134;    27.059;    88.446; 
 622;     -.145;    27.059;    88.446; 
 623;     -.156;    27.059;    88.446; 
 624;     -.169;    27.060;    88.446; 
 625;     -.180;    27.060;    88.446; 
 626;     -.188;    27.060;    88.446; 
 627;     -.196;    27.060;    88.446; 
 628;     -.202;    27.060;    88.446; 
 629;     -.207;    27.059;    88.446; 
 630;     -.211;    27.059;    88.446; 
 631;     -.217;    27.058;    88.446; 
 632;     -.225;    27.058;    88.446; 
 633;     -.230;    27.057;    88.446; 
 634;     -.233;    27.056;    88.446; 
 635;     -.238;    27.055;    88.446; 
 636;     -.243;    27.054;    88.446; 
 637;     -.253;    27.053;    88.446; 
 638;     -.272;    27.049;    88.446; 
 639;     -.281;    27.048;    88.446; 
 640;     -.287;    27.047;    88.446; 
 641;     -.290;    27.046;    88.446; 
 642;     -.293;    27.045;    88.446; 
 643;     -.295;    27.044;    88.446; 
 644;     -.296;    27.044;    88.446; 
 645;     -.300;    27.043;    88.446; 
 646;     -.299;    27.043;    88.446; 
 647;     -.303;    27.041;    88.446; 
 648;     -.306;    27.039;    88.446; 
 649;     -.305;    27.039;    88.446; 
 650;     -.308;    27.038;    88.446; 
 651;     -.314;    27.034;    88.446; 
 652;     -.318;    27.031;    88.446; 
 653;     -.326;    27.027;    88.446; 
 654;     -.330;    27.024;    88.446; 
 655;     -.331;    27.023;    88.446; 
 656;     -.335;    27.020;    88.446; 
 657;     -.336;    27.019;    88.446; 
 658;     -.339;    27.016;    88.446; 
 659;     -.339;    27.016;    88.446; 
 660;     -.349;    27.006;    88.446; 
 661;     -.354;    27.002;    88.446; 
 662;     -.361;    26.995;    88.446; 
 663;     -.367;    26.989;    88.446; 
 664;     -.374;    26.982;    88.446; 
 665;     -.376;    26.979;    88.446; 
 666;     -.379;    26.976;    88.446; 
 667;     -.381;    26.974;    88.446; 
 668;     -.382;    26.972;    88.446; 
 669;     -.383;    26.970;    88.446; 
 670;     -.387;    26.964;    88.446; 
 671;     -.389;    26.961;    88.446; 
 672;     -.392;    26.957;    88.446; 
 673;     -.395;    26.951;    88.446; 
 674;     -.396;    26.949;    88.446; 
 675;     -.402;    26.938;    88.446; 
 676;     -.404;    26.933;    88.446; 
 677;     -.407;    26.927;    88.446; 
 678;     -.410;    26.921;    88.446; 
 679;     -.414;    26.911;    88.446; 
 680;     -.420;    26.898;    88.446; 
 681;     -.422;    26.893;    88.446; 
 682;     -.427;    26.882;    88.446; 
 683;     -.433;    26.868;    88.446; 
 684;     -.436;    26.862;    88.446; 
 685;     -.437;    26.858;    88.446; 
 686;     -.440;    26.850;    88.446; 
 687;     -.446;    26.837;    88.446; 
 688;     -.450;    26.827;    88.446; 
 689;     -.456;    26.813;    88.446; 
 690;     -.457;    26.809;    88.446; 
 691;     -.460;    26.801;    88.446; 
 692;     -.461;    26.798;    88.446; 
 693;     -.465;    26.787;    88.446; 
 694;     -.470;    26.773;    88.446; 
 695;     -.480;    26.750;    88.446; 
 696;     -.484;    26.740;    88.446; 
 697;     -.486;    26.735;    88.446; 
 698;     -.489;    26.727;    88.446; 
 699;     -.493;    26.718;    88.446; 
 700;     -.497;    26.709;    88.446; 
 701;     -.503;    26.693;    88.446; 
 702;     -.508;    26.683;    88.446; 
 703;     -.511;    26.675;    88.446; 
 704;     -.516;    26.663;    88.446; 
 705;     -.519;    26.657;    88.446; 
 706;     -.521;    26.651;    88.446; 
 707;     -.526;    26.638;    88.446; 
 708;     -.529;    26.632;    88.446; 
 709;     -.533;    26.620;    88.446; 
 710;     -.539;    26.607;    88.446; 
 711;     -.543;    26.597;    88.446; 
 712;     -.547;    26.587;    88.446; 
 713;     -.549;    26.583;    88.446; 
 714;     -.552;    26.574;    88.446; 
 715;     -.558;    26.561;    88.446; 
 716;     -.561;    26.552;    88.446; 
 717;     -.565;    26.541;    88.446; 
 718;     -.568;    26.533;    88.446; 
 719;     -.569;    26.532;    88.446; 
 720;     -.573;    26.520;    88.446; 
 721;     -.578;    26.506;    88.446; 
 722;     -.583;    26.493;    88.446; 
 723;     -.589;    26.477;    88.446; 
 724;     -.590;    26.475;    88.446; 
 725;     -.592;    26.469;    88.446; 
 726;     -.595;    26.459;    88.446; 
 727;     -.601;    26.445;    88.446; 
 728;     -.612;    26.420;    88.446; 
 729;     -.616;    26.409;    88.446; 
 730;     -.618;    26.405;    88.446; 
 731;     -.621;    26.398;    88.446; 
 732;     -.623;    26.392;    88.446; 
 733;     -.625;    26.387;    88.446; 
 734;     -.627;    26.382;    88.446; 
 735;     -.628;    26.378;    88.446; 
 736;     -.632;    26.366;    88.446; 
 737;     -.634;    26.359;    88.446; 
 738;     -.639;    26.344;    88.446; 
 739;     -.642;    26.334;    88.446; 
 740;     -.650;    26.315;    88.446; 
 741;     -.657;    26.296;    88.446; 
 742;     -.663;    26.283;    88.446; 
 743;     -.668;    26.272;    88.446; 
 744;     -.669;    26.269;    88.446; 
 745;     -.672;    26.261;    88.446; 
 746;     -.676;    26.252;    88.446; 
 747;     -.678;    26.248;    88.446; 
 748;     -.681;    26.239;    88.446; 
 749;     -.683;    26.233;    88.446; 
 750;     -.684;    26.228;    88.446; 
 751;     -.688;    26.217;    88.446; 
 752;     -.690;    26.211;    88.446; 
 753;     -.694;    26.198;    88.446; 
 754;     -.695;    26.192;    88.446; 
 755;     -.697;    26.187;    88.446; 
 756;     -.703;    26.166;    88.446; 
 757;     -.709;    26.148;    88.446; 
 758;     -.715;    26.135;    88.446; 
 759;     -.719;    26.122;    88.446; 
 760;     -.721;    26.118;    88.446; 
 761;     -.724;    26.109;    88.446; 
 762;     -.727;    26.100;    88.446; 
 763;     -.733;    26.085;    88.446; 
 764;     -.735;    26.079;    88.446; 
 765;     -.740;    26.065;    88.446; 
 766;     -.742;    26.060;    88.446; 
 767;     -.745;    26.052;    88.446; 
 768;     -.745;    26.050;    88.446; 
 769;     -.749;    26.036;    88.446; 
 770;     -.753;    26.026;    88.446; 
 771;     -.758;    26.010;    88.446; 
 772;     -.764;    25.994;    88.446; 
 773;     -.768;    25.984;    88.446; 
 774;     -.769;    25.979;    88.446; 
 775;     -.773;    25.970;    88.446; 
 776;     -.776;    25.959;    88.446; 
 777;     -.778;    25.953;    88.446; 
 778;     -.780;    25.947;    88.446; 
 779;     -.783;    25.936;    88.446; 
 780;     -.787;    25.925;    88.446; 
 781;     -.791;    25.913;    88.446; 
 782;     -.793;    25.904;    88.446; 
 783;     -.797;    25.892;    88.446; 
 784;     -.800;    25.883;    88.446; 
 785;     -.803;    25.875;    88.446; 
 786;     -.806;    25.863;    88.446; 
 787;     -.809;    25.855;    88.446; 
 788;     -.810;    25.852;    88.446; 
 789;     -.814;    25.838;    88.446; 
 790;     -.816;    25.830;    88.446; 
 791;     -.819;    25.819;    88.446; 
 792;     -.824;    25.803;    88.446; 
 793;     -.828;    25.792;    88.446; 
 794;     -.830;    25.784;    88.446; 
 795;     -.833;    25.776;    88.446; 
 796;     -.834;    25.770;    88.446; 
 797;     -.835;    25.767;    88.446; 
 798;     -.840;    25.748;    88.446; 
 799;     -.842;    25.740;    88.446; 
 800;     -.847;    25.723;    88.446; 
 801;     -.851;    25.711;    88.446; 
 802;     -.854;    25.703;    88.446; 
 803;     -.856;    25.694;    88.446; 
 804;     -.858;    25.687;    88.446; 
 805;     -.860;    25.680;    88.446; 
 806;     -.863;    25.670;    88.446; 
 807;     -.866;    25.660;    88.446; 
 808;     -.868;    25.654;    88.446; 
 809;     -.870;    25.645;    88.446; 
 810;     -.874;    25.628;    88.446; 
 811;     -.878;    25.616;    88.446; 
 812;     -.881;    25.606;    88.446; 
 813;     -.884;    25.596;    88.446; 
 814;     -.887;    25.586;    88.446; 
 815;     -.889;    25.578;    88.446; 
 816;     -.891;    25.570;    88.446; 
 817;     -.893;    25.564;    88.446; 
 818;     -.895;    25.554;    88.446; 
 819;     -.897;    25.548;    88.446; 
 820;     -.899;    25.537;    88.446; 
 821;     -.904;    25.518;    88.446; 
 822;     -.907;    25.508;    88.446; 
 823;     -.910;    25.498;    88.446; 
 824;     -.912;    25.488;    88.446; 
 825;     -.914;    25.481;    88.446; 
 826;     -.916;    25.475;    88.446; 
 827;     -.920;    25.457;    88.446; 
 828;     -.921;    25.453;    88.446; 
 829;     -.925;    25.437;    88.446; 
 830;     -.929;    25.425;    88.446; 
 831;     -.930;    25.421;    88.446; 
 832;     -.929;    25.421;    88.446; 
 833;     -.929;    25.419;    88.446; 
 834;     -.933;    25.402;    88.446; 
 835;     -.936;    25.387;    88.446; 
 836;     -.944;    25.357;    88.446; 
 837;     -.946;    25.349;    88.446; 
 838;     -.949;    25.339;    88.446; 
 839;     -.949;    25.339;    88.446; 
 840;     -.950;    25.333;    88.446; 
 841;     -.953;    25.322;    88.446; 
 842;     -.954;    25.316;    88.446; 
 843;     -.956;    25.305;    88.446; 
 844;     -.959;    25.292;    88.446; 
 845;     -.961;    25.284;    88.446; 
 846;     -.966;    25.263;    88.446; 
 847;     -.969;    25.253;    88.446; 
 848;     -.971;    25.245;    88.446; 
 849;     -.972;    25.240;    88.446; 
 850;     -.973;    25.235;    88.446; 
 851;     -.974;    25.228;    88.446; 
 852;     -.975;    25.221;    88.446; 
 853;     -.978;    25.209;    88.446; 
 854;     -.980;    25.198;    88.446; 
 855;     -.981;    25.191;    88.446; 
 856;     -.982;    25.185;    88.446; 
 857;     -.985;    25.169;    88.446; 
 858;     -.987;    25.160;    88.446; 
 859;     -.988;    25.151;    88.446; 
 860;     -.990;    25.141;    88.446; 
 861;     -.993;    25.125;    88.446; 
 862;     -.995;    25.117;    88.446; 
 863;     -.997;    25.108;    88.446; 
 864;     -.998;    25.101;    88.446; 
 865;    -1.000;    25.089;    88.446; 
 866;    -1.003;    25.075;    88.446; 
 867;    -1.006;    25.059;    88.446; 
 868;    -1.010;    25.043;    88.446; 
 869;    -1.013;    25.030;    88.446; 
 870;    -1.016;    25.020;    88.446; 
 871;    -1.019;    25.007;    88.446; 
 872;    -1.026;    24.985;    88.446; 
 873;    -1.029;    24.975;    88.446; 
 874;    -1.036;    24.956;    88.446; 
 875;    -1.043;    24.938;    88.446; 
 876;    -1.050;    24.921;    88.446; 
 877;    -1.064;    24.893;    88.446; 
 878;    -1.178;    24.787;    88.446; 
 879;    -1.245;    24.764;    88.446; 
 880;    -1.298;    24.757;    88.446; 
 881;    -1.314;    24.756;    88.446; 
 882;    -1.323;    24.756;    88.446; 
 883;    -1.330;    24.755;    88.446; 
 884;    -1.341;    24.755;    88.446; 
 885;    -1.354;    24.754;    88.446; 
 886;    -1.367;    24.753;    88.446; 
 887;    -1.376;    24.753;    88.446; 
 888;    -1.387;    24.753;    88.446; 
 889;    -1.395;    24.752;    88.446; 
 890;    -1.405;    24.752;    88.446; 
 891;    -1.413;    24.751;    88.446; 
 892;    -1.422;    24.750;    88.446; 
 893;    -1.436;    24.750;    88.446; 
 894;    -1.446;    24.749;    88.446; 
 895;    -1.456;    24.748;    88.446; 
 896;    -1.466;    24.748;    88.446; 
 897;    -1.611;    24.740;    88.446; 
 898;    -1.624;    24.740;    88.446; 
 899;    -1.641;    24.739;    88.446; 
 900;    -1.651;    24.739;    88.446; 
 901;    -1.665;    24.739;    88.446; 
 902;    -1.708;    24.743;    88.446; 
 903;    -1.810;    24.781;    88.446; 
 904;    -1.856;    24.815;    88.446; 
 905;    -1.926;    24.917;    88.446; 
 906;    -1.933;    24.935;    88.446; 
 907;    -1.936;    24.945;    88.446; 
 908;    -1.938;    24.950;    88.446; 
 909;    -1.941;    24.957;    88.446; 
 910;    -1.943;    24.962;    88.446; 
 911;    -1.949;    24.976;    88.446; 
 912;    -1.953;    24.985;    88.446; 
 913;    -1.960;    25.005;    88.446; 
 914;    -1.968;    25.030;    88.446; 
 915;    -1.972;    25.047;    88.446; 
 916;    -1.977;    25.065;    88.446; 
 917;    -1.978;    25.071;    88.446; 
 918;    -1.980;    25.077;    88.446; 
 919;    -1.981;    25.081;    88.446; 
 920;    -1.984;    25.090;    88.446; 
 921;    -1.985;    25.093;    88.446; 
 922;    -1.988;    25.100;    88.446; 
 923;    -1.989;    25.104;    88.446; 
 924;    -1.996;    25.125;    88.446; 
 925;    -2.001;    25.142;    88.446; 
 926;    -2.005;    25.155;    88.446; 
 927;    -2.008;    25.166;    88.446; 
 928;    -2.010;    25.171;    88.446; 
 929;    -2.013;    25.181;    88.446; 
 930;    -2.014;    25.186;    88.446; 
 931;    -2.017;    25.194;    88.446; 
 932;    -2.019;    25.201;    88.446; 
 933;    -2.022;    25.207;    88.446; 
 934;    -2.023;    25.211;    88.446; 
 935;    -2.025;    25.216;    88.446; 
 936;    -2.029;    25.223;    88.446; 
 937;    -2.033;    25.234;    88.446; 
 938;    -2.041;    25.255;    88.446; 
 939;    -2.050;    25.281;    88.446; 
 940;    -2.051;    25.286;    88.446; 
 941;    -2.051;    25.285;    88.446; 
 942;    -2.053;    25.290;    88.446; 
 943;    -2.055;    25.295;    88.446; 
 944;    -2.066;    25.324;    88.446; 
 945;    -2.070;    25.340;    88.446; 
 946;    -2.074;    25.353;    88.446; 
 947;    -2.075;    25.357;    88.446; 
 948;    -2.077;    25.362;    88.446; 
 949;    -2.079;    25.366;    88.446; 
 950;    -2.081;    25.372;    88.446; 
 951;    -2.083;    25.376;    88.446; 
 952;    -2.087;    25.385;    88.446; 
 953;    -2.091;    25.398;    88.446; 
 954;    -2.098;    25.416;    88.446; 
 955;    -2.102;    25.426;    88.446; 
 956;    -2.106;    25.439;    88.446; 
 957;    -2.109;    25.445;    88.446; 
 958;    -2.110;    25.450;    88.446; 
 959;    -2.113;    25.456;    88.446; 
 960;    -2.117;    25.467;    88.446; 
 961;    -2.120;    25.473;    88.446; 
 962;    -2.125;    25.486;    88.446; 
 963;    -2.129;    25.496;    88.446; 
 964;    -2.134;    25.508;    88.446; 
 965;    -2.139;    25.520;    88.446; 
 966;    -2.144;    25.533;    88.446; 
 967;    -2.147;    25.543;    88.446; 
 968;    -2.150;    25.549;    88.446; 
 969;    -2.154;    25.559;    88.446; 
 970;    -2.156;    25.564;    88.446; 
 971;    -2.160;    25.575;    88.446; 
 972;    -2.164;    25.585;    88.446; 
 973;    -2.168;    25.594;    88.446; 
 974;    -2.170;    25.599;    88.446; 
 975;    -2.175;    25.611;    88.446; 
 976;    -2.178;    25.619;    88.446; 
 977;    -2.182;    25.628;    88.446; 
 978;    -2.185;    25.635;    88.446; 
 979;    -2.192;    25.652;    88.446; 
 980;    -2.197;    25.665;    88.446; 
 981;    -2.202;    25.677;    88.446; 
 982;    -2.205;    25.683;    88.446; 
 983;    -2.208;    25.692;    88.446; 
 984;    -2.212;    25.701;    88.446; 
 985;    -2.214;    25.707;    88.446; 
 986;    -2.220;    25.721;    88.446; 
 987;    -2.224;    25.730;    88.446; 
 988;    -2.226;    25.735;    88.446; 
 989;    -2.231;    25.747;    88.446; 
 990;    -2.233;    25.752;    88.446; 
 991;    -2.238;    25.762;    88.446; 
 992;    -2.240;    25.767;    88.446; 
 993;    -2.244;    25.776;    88.446; 
 994;    -2.248;    25.783;    88.446; 
 995;    -2.251;    25.790;    88.446; 
 996;    -2.258;    25.804;    88.446; 
 997;    -2.267;    25.827;    88.446; 
 998;    -2.273;    25.842;    88.446; 
 999;    -2.276;    25.850;    88.446; 
1000;    -2.279;    25.858;    88.446; 
1001;    -2.282;    25.865;    88.446; 
1002;    -2.285;    25.870;    88.446; 
1003;    -2.287;    25.876;    88.446; 
1004;    -2.290;    25.880;    88.446; 
1005;    -2.297;    25.896;    88.446; 
1006;    -2.303;    25.910;    88.446; 
1007;    -2.307;    25.920;    88.446; 
1008;    -2.311;    25.930;    88.446; 
1009;    -2.314;    25.935;    88.446; 
1010;    -2.317;    25.942;    88.446; 
1011;    -2.320;    25.948;    88.446; 
1012;    -2.322;    25.951;    88.446; 
1013;    -2.326;    25.959;    88.446; 
1014;    -2.331;    25.967;    88.446; 
1015;    -2.339;    25.983;    88.446; 
1016;    -2.351;    26.009;    88.446; 
1017;    -2.356;    26.024;    88.446; 
1018;    -2.359;    26.030;    88.446; 
1019;    -2.361;    26.036;    88.446; 
1020;    -2.364;    26.041;    88.446; 
1021;    -2.365;    26.044;    88.446; 
1022;    -2.369;    26.051;    88.446; 
1023;    -2.372;    26.058;    88.446; 
1024;    -2.377;    26.067;    88.446; 
1025;    -2.384;    26.082;    88.446; 
1026;    -2.389;    26.090;    88.446; 
1027;    -2.393;    26.099;    88.446; 
1028;    -2.397;    26.107;    88.446; 
1029;    -2.403;    26.119;    88.446; 
1030;    -2.409;    26.133;    88.446; 
1031;    -2.417;    26.151;    88.446; 
1032;    -2.419;    26.154;    88.446; 
1033;    -2.424;    26.165;    88.446; 
1034;    -2.427;    26.173;    88.446; 
1035;    -2.430;    26.178;    88.446; 
1036;    -2.435;    26.188;    88.446; 
1037;    -2.441;    26.201;    88.446; 
1038;    -2.445;    26.209;    88.446; 
1039;    -2.451;    26.220;    88.446; 
1040;    -2.454;    26.227;    88.446; 
1041;    -2.456;    26.231;    88.446; 
1042;    -2.462;    26.242;    88.446; 
1043;    -2.470;    26.257;    88.446; 
1044;    -2.474;    26.266;    88.446; 
1045;    -2.478;    26.274;    88.446; 
1046;    -2.480;    26.278;    88.446; 
1047;    -2.482;    26.280;    88.446; 
1048;    -2.491;    26.298;    88.446; 
1049;    -2.499;    26.315;    88.446; 
1050;    -2.503;    26.321;    88.446; 
1051;    -2.507;    26.331;    88.446; 
1052;    -2.510;    26.336;    88.446; 
1053;    -2.513;    26.342;    88.446; 
1054;    -2.516;    26.346;    88.446; 
1055;    -2.522;    26.357;    88.446; 
1056;    -2.530;    26.373;    88.446; 
1057;    -2.537;    26.388;    88.446; 
1058;    -2.541;    26.396;    88.446; 
1059;    -2.546;    26.406;    88.446; 
1060;    -2.548;    26.409;    88.446; 
1061;    -2.550;    26.413;    88.446; 
1062;    -2.554;    26.419;    88.446; 
1063;    -2.560;    26.431;    88.446; 
1064;    -2.564;    26.438;    88.446; 
1065;    -2.575;    26.457;    88.446; 
1066;    -2.581;    26.470;    88.446; 
1067;    -2.585;    26.477;    88.446; 
1068;    -2.588;    26.484;    88.446; 
1069;    -2.591;    26.489;    88.446; 
1070;    -2.595;    26.495;    88.446; 
1071;    -2.602;    26.508;    88.446; 
1072;    -2.607;    26.519;    88.446; 
1073;    -2.614;    26.533;    88.446; 
1074;    -2.618;    26.541;    88.446; 
1075;    -2.624;    26.552;    88.446; 
1076;    -2.627;    26.558;    88.446; 
1077;    -2.631;    26.566;    88.446; 
1078;    -2.635;    26.573;    88.446; 
1079;    -2.640;    26.581;    88.446; 
1080;    -2.644;    26.589;    88.446; 
1081;    -2.650;    26.600;    88.446; 
1082;    -2.655;    26.608;    88.446; 
1083;    -2.659;    26.615;    88.446; 
1084;    -2.665;    26.626;    88.446; 
1085;    -2.671;    26.636;    88.446; 
1086;    -2.675;    26.644;    88.446; 
1087;    -2.684;    26.660;    88.446; 
1088;    -2.688;    26.668;    88.446; 
1089;    -2.694;    26.679;    88.446; 
1090;    -2.696;    26.683;    88.446; 
1091;    -2.702;    26.693;    88.446; 
1092;    -2.705;    26.697;    88.446; 
1093;    -2.709;    26.704;    88.446; 
1094;    -2.716;    26.717;    88.446; 
1095;    -2.726;    26.735;    88.446; 
1096;    -2.733;    26.748;    88.446; 
1097;    -2.734;    26.750;    88.446; 
1098;    -2.739;    26.759;    88.446; 
1099;    -2.744;    26.768;    88.446; 
1100;    -2.750;    26.779;    88.446; 
1101;    -2.755;    26.788;    88.446; 
1102;    -2.761;    26.798;    88.446; 
1103;    -2.764;    26.803;    88.446; 
1104;    -2.767;    26.809;    88.446; 
1105;    -2.771;    26.815;    88.446; 
1106;    -2.771;    26.816;    88.446; 
1107;    -2.775;    26.821;    88.446; 
1108;    -2.776;    26.821;    88.446; 
1109;    -2.778;    26.824;    88.446; 
1110;    -2.782;    26.829;    88.446; 
1111;    -2.783;    26.830;    88.446; 
1112;    -2.788;    26.836;    88.446; 
1113;    -2.790;    26.837;    88.446; 
1114;    -2.791;    26.838;    88.446; 
1115;    -2.795;    26.841;    88.446; 
1116;    -2.795;    26.841;    88.446; 
1117;    -2.802;    26.846;    88.446; 
1118;    -2.810;    26.853;    88.446; 
1119;    -2.813;    26.855;    88.446; 
1120;    -2.820;    26.860;    88.446; 
1121;    -2.825;    26.863;    88.446; 
1122;    -2.829;    26.866;    88.446; 
1123;    -2.830;    26.866;    88.446; 
1124;    -2.839;    26.872;    88.446; 
1125;    -2.844;    26.875;    88.446; 
1126;    -2.848;    26.877;    88.446; 
1127;    -2.850;    26.878;    88.446; 
1128;    -2.856;    26.880;    88.446; 
1129;    -2.860;    26.882;    88.446; 
1130;    -2.864;    26.883;    88.446; 
1131;    -2.868;    26.885;    88.446; 
1132;    -2.870;    26.885;    88.446; 
1133;    -2.872;    26.886;    88.446; 
1134;    -2.876;    26.886;    88.446; 
1135;    -2.879;    26.887;    88.446; 
1136;    -2.881;    26.887;    88.446; 
1137;    -2.885;    26.888;    88.446; 
1138;    -2.883;    26.887;    88.446; 
1139;    -2.897;    26.889;    88.446; 
1140;    -2.906;    26.890;    88.446; 
1141;    -2.920;    26.892;    88.446; 
1142;    -2.928;    26.893;    88.446; 
1143;    -2.934;    26.893;    88.446; 
1144;    -2.939;    26.894;    88.446; 
1145;    -2.946;    26.894;    88.446; 
1146;    -2.956;    26.895;    88.446; 
1147;    -2.963;    26.895;    88.446; 
1148;    -2.972;    26.895;    88.446; 
1149;    -2.980;    26.895;    88.446; 
1150;    -2.985;    26.895;    88.446; 
1151;    -2.987;    26.895;    88.446; 
1152;    -2.990;    26.895;    88.446; 
1153;    -2.996;    26.894;    88.446; 
1154;    -3.004;    26.894;    88.446; 
1155;    -3.009;    26.893;    88.446; 
1156;    -3.018;    26.892;    88.446; 
1157;    -3.027;    26.891;    88.446; 
1158;    -3.042;    26.889;    88.446; 
1159;    -3.056;    26.888;    88.446; 
1160;    -3.057;    26.888;    88.446; 
1161;    -3.060;    26.887;    88.446; 
1162;    -3.063;    26.886;    88.446; 
1163;    -3.065;    26.886;    88.446; 
1164;    -3.095;    26.881;    88.446; 
1165;    -3.130;    26.878;    88.446; 
1166;    -3.145;    26.878;    88.446; 
1167;    -3.150;    26.878;    88.446; 
1168;    -3.159;    26.877;    88.446; 
1169;    -3.164;    26.877;    88.446; 
