[A]
   1;     3.245;    26.876;    88.505; 
   2;     3.216;    26.880;    88.505; 
   3;     3.188;    26.884;    88.505; 
   4;     3.164;    26.887;    88.505; 
   5;     3.135;    26.890;    88.505; 
   6;     3.100;    26.894;    88.505; 
   7;     3.067;    26.898;    88.505; 
   8;     3.039;    26.902;    88.505; 
   9;     3.014;    26.904;    88.505; 
  10;     2.980;    26.908;    88.505; 
  11;     2.946;    26.912;    88.505; 
  12;     2.922;    26.915;    88.505; 
  13;     2.893;    26.917;    88.505; 
  14;     2.861;    26.921;    88.505; 
  15;     2.838;    26.922;    88.505; 
  16;     2.823;    26.922;    88.505; 
  17;     2.811;    26.920;    88.505; 
  18;     2.799;    26.918;    88.505; 
  19;     2.776;    26.914;    88.505; 
  20;     2.755;    26.909;    88.505; 
  21;     2.740;    26.905;    88.505; 
  22;     2.727;    26.900;    88.505; 
  23;     2.714;    26.894;    88.505; 
  24;     2.698;    26.886;    88.505; 
  25;     2.683;    26.877;    88.505; 
  26;     2.678;    26.872;    88.505; 
  27;     2.675;    26.868;    88.505; 
  28;     2.669;    26.861;    88.505; 
  29;     2.659;    26.849;    88.505; 
  30;     2.647;    26.834;    88.505; 
  31;     2.640;    26.821;    88.505; 
  32;     2.622;    26.796;    88.505; 
  33;     2.610;    26.777;    88.505; 
  34;     2.600;    26.760;    88.505; 
  35;     2.590;    26.741;    88.505; 
  36;     2.576;    26.714;    88.505; 
  37;     2.557;    26.681;    88.505; 
  38;     2.544;    26.656;    88.505; 
  39;     2.529;    26.631;    88.505; 
  40;     2.518;    26.609;    88.505; 
  41;     2.507;    26.586;    88.505; 
  42;     2.486;    26.548;    88.505; 
  43;     2.470;    26.521;    88.505; 
  44;     2.457;    26.496;    88.505; 
  45;     2.446;    26.476;    88.505; 
  46;     2.435;    26.453;    88.505; 
  47;     2.416;    26.417;    88.505; 
  48;     2.402;    26.392;    88.505; 
  49;     2.390;    26.368;    88.505; 
  50;     2.379;    26.346;    88.505; 
  51;     2.362;    26.314;    88.505; 
  52;     2.347;    26.285;    88.505; 
  53;     2.335;    26.261;    88.505; 
  54;     2.323;    26.235;    88.505; 
  55;     2.308;    26.205;    88.505; 
  56;     2.293;    26.177;    88.505; 
  57;     2.279;    26.150;    88.505; 
  58;     2.267;    26.125;    88.505; 
  59;     2.256;    26.100;    88.505; 
  60;     2.243;    26.073;    88.505; 
  61;     2.228;    26.043;    88.505; 
  62;     2.218;    26.021;    88.505; 
  63;     2.205;    25.992;    88.505; 
  64;     2.192;    25.964;    88.505; 
  65;     2.180;    25.938;    88.505; 
  66;     2.167;    25.910;    88.505; 
  67;     2.155;    25.883;    88.505; 
  68;     2.142;    25.855;    88.505; 
  69;     2.131;    25.829;    88.505; 
  70;     2.120;    25.803;    88.505; 
  71;     2.107;    25.774;    88.505; 
  72;     2.095;    25.746;    88.505; 
  73;     2.085;    25.721;    88.505; 
  74;     2.073;    25.693;    88.505; 
  75;     2.060;    25.663;    88.505; 
  76;     2.049;    25.636;    88.505; 
  77;     2.036;    25.607;    88.505; 
  78;     2.026;    25.582;    88.505; 
  79;     2.016;    25.556;    88.505; 
  80;     2.004;    25.526;    88.505; 
  81;     1.993;    25.499;    88.505; 
  82;     1.981;    25.468;    88.505; 
  83;     1.973;    25.446;    88.505; 
  84;     1.964;    25.422;    88.505; 
  85;     1.953;    25.391;    88.505; 
  86;     1.942;    25.362;    88.505; 
  87;     1.932;    25.334;    88.505; 
  88;     1.920;    25.303;    88.505; 
  89;     1.910;    25.276;    88.505; 
  90;     1.902;    25.251;    88.505; 
  91;     1.892;    25.224;    88.505; 
  92;     1.884;    25.197;    88.505; 
  93;     1.875;    25.170;    88.505; 
  94;     1.868;    25.146;    88.505; 
  95;     1.856;    25.108;    88.505; 
  96;     1.846;    25.078;    88.505; 
  97;     1.839;    25.057;    88.505; 
  98;     1.829;    25.025;    88.505; 
  99;     1.820;    24.994;    88.505; 
 100;     1.800;    24.945;    88.505; 
 101;     1.779;    24.902;    88.505; 
 102;     1.709;    24.815;    88.505; 
 103;     1.516;    24.743;    88.505; 
 104;     1.449;    24.747;    88.505; 
 105;     1.424;    24.749;    88.505; 
 106;     1.399;    24.750;    88.505; 
 107;     1.370;    24.752;    88.505; 
 108;     1.346;    24.753;    88.505; 
 109;     1.305;    24.755;    88.505; 
 110;     1.285;    24.756;    88.505; 
 111;     1.254;    24.757;    88.505; 
 112;     1.215;    24.759;    88.505; 
 113;     1.181;    24.762;    88.505; 
 114;     1.152;    24.764;    88.505; 
 115;     1.029;    24.804;    88.505; 
 116;      .896;    24.983;    88.505; 
 117;      .886;    25.017;    88.505; 
 118;      .878;    25.049;    88.505; 
 119;      .868;    25.101;    88.505; 
 120;      .863;    25.130;    88.505; 
 121;      .858;    25.151;    88.505; 
 122;      .852;    25.183;    88.505; 
 123;      .845;    25.219;    88.505; 
 124;      .840;    25.248;    88.505; 
 125;      .835;    25.270;    88.505; 
 126;      .830;    25.295;    88.505; 
 127;      .822;    25.328;    88.505; 
 128;      .816;    25.356;    88.505; 
 129;      .810;    25.384;    88.505; 
 130;      .803;    25.415;    88.505; 
 131;      .796;    25.439;    88.505; 
 132;      .789;    25.470;    88.505; 
 133;      .781;    25.503;    88.505; 
 134;      .774;    25.528;    88.505; 
 135;      .767;    25.556;    88.505; 
 136;      .759;    25.585;    88.505; 
 137;      .752;    25.613;    88.505; 
 138;      .744;    25.640;    88.505; 
 139;      .736;    25.668;    88.505; 
 140;      .728;    25.697;    88.505; 
 141;      .718;    25.734;    88.505; 
 142;      .712;    25.756;    88.505; 
 143;      .704;    25.781;    88.505; 
 144;      .695;    25.810;    88.505; 
 145;      .686;    25.836;    88.505; 
 146;      .675;    25.877;    88.505; 
 147;      .668;    25.898;    88.505; 
 148;      .660;    25.925;    88.505; 
 149;      .651;    25.950;    88.505; 
 150;      .640;    25.985;    88.505; 
 151;      .632;    26.012;    88.505; 
 152;      .624;    26.033;    88.505; 
 153;      .612;    26.070;    88.505; 
 154;      .603;    26.097;    88.505; 
 155;      .594;    26.125;    88.505; 
 156;      .584;    26.153;    88.505; 
 157;      .575;    26.180;    88.505; 
 158;      .565;    26.208;    88.505; 
 159;      .555;    26.235;    88.505; 
 160;      .544;    26.268;    88.505; 
 161;      .534;    26.294;    88.505; 
 162;      .526;    26.317;    88.505; 
 163;      .513;    26.350;    88.505; 
 164;      .504;    26.374;    88.505; 
 165;      .492;    26.408;    88.505; 
 166;      .485;    26.425;    88.505; 
 167;      .471;    26.462;    88.505; 
 168;      .458;    26.501;    88.505; 
 169;      .451;    26.520;    88.505; 
 170;      .443;    26.540;    88.505; 
 171;      .433;    26.561;    88.505; 
 172;      .417;    26.606;    88.505; 
 173;      .407;    26.632;    88.505; 
 174;      .398;    26.656;    88.505; 
 175;      .386;    26.688;    88.505; 
 176;      .376;    26.713;    88.505; 
 177;      .365;    26.738;    88.505; 
 178;      .353;    26.768;    88.505; 
 179;      .342;    26.795;    88.505; 
 180;      .332;    26.819;    88.505; 
 181;      .319;    26.847;    88.505; 
 182;      .307;    26.876;    88.505; 
 183;      .296;    26.901;    88.505; 
 184;      .286;    26.920;    88.505; 
 185;      .276;    26.938;    88.505; 
 186;      .260;    26.969;    88.505; 
 187;      .251;    26.983;    88.505; 
 188;      .245;    26.990;    88.505; 
 189;      .237;    26.999;    88.505; 
 190;      .227;    27.009;    88.505; 
 191;      .215;    27.019;    88.505; 
 192;      .207;    27.024;    88.505; 
 193;      .196;    27.030;    88.505; 
 194;      .184;    27.036;    88.505; 
 195;      .171;    27.042;    88.505; 
 196;      .160;    27.046;    88.505; 
 197;      .150;    27.048;    88.505; 
 198;      .131;    27.052;    88.505; 
 199;      .115;    27.055;    88.505; 
 200;      .101;    27.056;    88.505; 
 201;      .084;    27.056;    88.505; 
 202;      .066;    27.056;    88.505; 
 203;      .041;    27.056;    88.505; 
 204;      .007;    27.056;    88.505; 
 205;     -.024;    27.056;    88.505; 
 206;     -.054;    27.057;    88.505; 
 207;     -.078;    27.056;    88.505; 
 208;     -.107;    27.055;    88.505; 
 209;     -.147;    27.055;    88.505; 
 210;     -.180;    27.056;    88.505; 
 211;     -.206;    27.056;    88.505; 
 212;     -.235;    27.055;    88.505; 
 213;     -.264;    27.055;    88.505; 
 214;     -.301;    27.055;    88.505; 
 215;     -.327;    27.055;    88.505; 
 216;     -.360;    27.055;    88.505; 
 217;     -.387;    27.055;    88.505; 
 218;     -.422;    27.055;    88.505; 
 219;     -.439;    27.054;    88.505; 
 220;     -.456;    27.052;    88.505; 
 221;     -.472;    27.049;    88.505; 
 222;     -.481;    27.045;    88.505; 
 223;     -.503;    27.039;    88.505; 
 224;     -.523;    27.032;    88.505; 
 225;     -.529;    27.028;    88.505; 
 226;     -.537;    27.023;    88.505; 
 227;     -.544;    27.017;    88.505; 
 228;     -.553;    27.009;    88.505; 
 229;     -.557;    27.003;    88.505; 
 230;     -.564;    26.995;    88.505; 
 231;     -.573;    26.983;    88.505; 
 232;     -.593;    26.959;    88.505; 
 233;     -.609;    26.939;    88.505; 
 234;     -.613;    26.930;    88.505; 
 235;     -.618;    26.919;    88.505; 
 236;     -.623;    26.907;    88.505; 
 237;     -.633;    26.884;    88.505; 
 238;     -.647;    26.853;    88.505; 
 239;     -.662;    26.821;    88.505; 
 240;     -.667;    26.808;    88.505; 
 241;     -.679;    26.778;    88.505; 
 242;     -.692;    26.747;    88.505; 
 243;     -.703;    26.720;    88.505; 
 244;     -.713;    26.697;    88.505; 
 245;     -.723;    26.669;    88.505; 
 246;     -.735;    26.641;    88.505; 
 247;     -.745;    26.614;    88.505; 
 248;     -.757;    26.584;    88.505; 
 249;     -.769;    26.552;    88.505; 
 250;     -.780;    26.524;    88.505; 
 251;     -.790;    26.499;    88.505; 
 252;     -.802;    26.469;    88.505; 
 253;     -.811;    26.444;    88.505; 
 254;     -.821;    26.416;    88.505; 
 255;     -.832;    26.388;    88.505; 
 256;     -.842;    26.360;    88.505; 
 257;     -.853;    26.331;    88.505; 
 258;     -.862;    26.305;    88.505; 
 259;     -.873;    26.276;    88.505; 
 260;     -.882;    26.249;    88.505; 
 261;     -.892;    26.221;    88.505; 
 262;     -.901;    26.194;    88.505; 
 263;     -.912;    26.163;    88.505; 
 264;     -.920;    26.137;    88.505; 
 265;     -.928;    26.111;    88.505; 
 266;     -.935;    26.087;    88.505; 
 267;     -.946;    26.053;    88.505; 
 268;     -.958;    26.016;    88.505; 
 269;     -.971;    25.983;    88.505; 
 270;     -.978;    25.960;    88.505; 
 271;     -.984;    25.939;    88.505; 
 272;     -.994;    25.907;    88.505; 
 273;    -1.004;    25.878;    88.505; 
 274;    -1.012;    25.851;    88.505; 
 275;    -1.018;    25.827;    88.505; 
 276;    -1.027;    25.796;    88.505; 
 277;    -1.035;    25.768;    88.505; 
 278;    -1.044;    25.737;    88.505; 
 279;    -1.051;    25.710;    88.505; 
 280;    -1.059;    25.682;    88.505; 
 281;    -1.070;    25.645;    88.505; 
 282;    -1.078;    25.617;    88.505; 
 283;    -1.083;    25.595;    88.505; 
 284;    -1.089;    25.571;    88.505; 
 285;    -1.094;    25.546;    88.505; 
 286;    -1.106;    25.503;    88.505; 
 287;    -1.114;    25.473;    88.505; 
 288;    -1.120;    25.451;    88.505; 
 289;    -1.126;    25.425;    88.505; 
 290;    -1.132;    25.398;    88.505; 
 291;    -1.140;    25.363;    88.505; 
 292;    -1.146;    25.338;    88.505; 
 293;    -1.153;    25.306;    88.505; 
 294;    -1.158;    25.282;    88.505; 
 295;    -1.163;    25.258;    88.505; 
 296;    -1.169;    25.225;    88.505; 
 297;    -1.176;    25.194;    88.505; 
 298;    -1.182;    25.163;    88.505; 
 299;    -1.187;    25.136;    88.505; 
 300;    -1.191;    25.111;    88.505; 
 301;    -1.197;    25.079;    88.505; 
 302;    -1.203;    25.046;    88.505; 
 303;    -1.209;    25.015;    88.505; 
 304;    -1.217;    24.979;    88.505; 
 305;    -1.235;    24.922;    88.505; 
 306;    -1.320;    24.803;    88.505; 
 307;    -1.498;    24.733;    88.505; 
 308;    -1.537;    24.730;    88.505; 
 309;    -1.552;    24.727;    88.505; 
 310;    -1.579;    24.724;    88.505; 
 311;    -1.603;    24.720;    88.505; 
 312;    -1.677;    24.717;    88.505; 
 313;    -1.705;    24.717;    88.505; 
 314;    -1.724;    24.716;    88.505; 
 315;    -1.748;    24.714;    88.505; 
 316;    -1.786;    24.713;    88.505; 
 317;    -1.810;    24.711;    88.505; 
 318;    -1.835;    24.709;    88.505; 
 319;    -2.015;    24.764;    88.505; 
 320;    -2.121;    24.902;    88.505; 
 321;    -2.138;    24.946;    88.505; 
 322;    -2.149;    24.979;    88.505; 
 323;    -2.160;    25.012;    88.505; 
 324;    -2.170;    25.043;    88.505; 
 325;    -2.180;    25.074;    88.505; 
 326;    -2.188;    25.098;    88.505; 
 327;    -2.197;    25.125;    88.505; 
 328;    -2.202;    25.136;    88.505; 
 329;    -2.219;    25.182;    88.505; 
 330;    -2.229;    25.213;    88.505; 
 331;    -2.240;    25.250;    88.505; 
 332;    -2.247;    25.270;    88.505; 
 333;    -2.256;    25.292;    88.505; 
 334;    -2.267;    25.321;    88.505; 
 335;    -2.278;    25.354;    88.505; 
 336;    -2.287;    25.375;    88.505; 
 337;    -2.297;    25.403;    88.505; 
 338;    -2.309;    25.433;    88.505; 
 339;    -2.318;    25.457;    88.505; 
 340;    -2.330;    25.486;    88.505; 
 341;    -2.341;    25.514;    88.505; 
 342;    -2.352;    25.541;    88.505; 
 343;    -2.363;    25.567;    88.505; 
 344;    -2.375;    25.596;    88.505; 
 345;    -2.387;    25.623;    88.505; 
 346;    -2.400;    25.657;    88.505; 
 347;    -2.409;    25.676;    88.505; 
 348;    -2.422;    25.706;    88.505; 
 349;    -2.434;    25.735;    88.505; 
 350;    -2.445;    25.759;    88.505; 
 351;    -2.457;    25.784;    88.505; 
 352;    -2.471;    25.818;    88.505; 
 353;    -2.483;    25.845;    88.505; 
 354;    -2.493;    25.867;    88.505; 
 355;    -2.506;    25.892;    88.505; 
 356;    -2.518;    25.917;    88.505; 
 357;    -2.531;    25.941;    88.505; 
 358;    -2.546;    25.973;    88.505; 
 359;    -2.563;    26.013;    88.505; 
 360;    -2.571;    26.028;    88.505; 
 361;    -2.582;    26.048;    88.505; 
 362;    -2.598;    26.079;    88.505; 
 363;    -2.616;    26.119;    88.505; 
 364;    -2.624;    26.135;    88.505; 
 365;    -2.638;    26.162;    88.505; 
 366;    -2.651;    26.187;    88.505; 
 367;    -2.665;    26.214;    88.505; 
 368;    -2.678;    26.240;    88.505; 
 369;    -2.694;    26.271;    88.505; 
 370;    -2.707;    26.297;    88.505; 
 371;    -2.721;    26.322;    88.505; 
 372;    -2.735;    26.348;    88.505; 
 373;    -2.749;    26.374;    88.505; 
 374;    -2.761;    26.397;    88.505; 
 375;    -2.777;    26.426;    88.505; 
 376;    -2.793;    26.455;    88.505; 
 377;    -2.807;    26.481;    88.505; 
 378;    -2.819;    26.503;    88.505; 
 379;    -2.836;    26.534;    88.505; 
 380;    -2.847;    26.553;    88.505; 
 381;    -2.863;    26.582;    88.505; 
 382;    -2.879;    26.610;    88.505; 
 383;    -2.893;    26.634;    88.505; 
 384;    -2.907;    26.658;    88.505; 
 385;    -2.921;    26.681;    88.505; 
 386;    -2.938;    26.710;    88.505; 
 387;    -2.956;    26.742;    88.505; 
 388;    -2.969;    26.765;    88.505; 
 389;    -2.977;    26.776;    88.505; 
 390;    -2.987;    26.788;    88.505; 
 391;    -2.995;    26.796;    88.505; 
 392;    -3.006;    26.806;    88.505; 
 393;    -3.012;    26.809;    88.505; 
 394;    -3.026;    26.819;    88.505; 
 395;    -3.038;    26.826;    88.505; 
 396;    -3.048;    26.830;    88.505; 
 397;    -3.074;    26.844;    88.505; 
 398;    -3.092;    26.852;    88.505; 
 399;    -3.105;    26.856;    88.505; 
 400;    -3.110;    26.856;    88.505; 
 401;    -3.115;    26.856;    88.505; 
 402;    -3.146;    26.861;    88.505; 
 403;    -3.168;    26.863;    88.505; 
 404;    -3.174;    26.862;    88.505; 
 405;    -3.182;    26.861;    88.505; 
 406;    -3.199;    26.858;    88.505; 
 407;    -3.224;    26.855;    88.505; 
 408;    -3.263;    26.851;    88.505; 
 409;    -3.295;    26.848;    88.505; 
 410;    -3.319;    26.844;    88.505; 
 411;    -3.344;    26.841;    88.505; 
 412;    -3.376;    26.836;    88.505; 
 413;    -3.410;    26.832;    88.505; 
 414;    -3.439;    26.828;    88.505; 
 415;    -3.467;    26.824;    88.505; 
 416;    -3.499;    26.820;    88.505; 
 417;    -3.538;    26.816;    88.505; 
 418;    -3.564;    26.813;    88.505; 
 419;    -3.589;    26.810;    88.505; 
 420;    -3.623;    26.806;    88.505; 
 421;    -3.644;    26.802;    88.505; 
 422;    -3.666;    26.798;    88.505; 
 423;    -3.704;    26.792;    88.505; 
 424;    -3.726;    26.787;    88.505; 
