[A]
   1;     3.354;    26.673;    88.505; 
   2;     3.327;    26.683;    88.505; 
   3;     3.257;    26.719;    88.505; 
   4;     3.248;    26.723;    88.505; 
   5;     3.242;    26.724;    88.505; 
   6;     3.235;    26.725;    88.505; 
   7;     3.224;    26.726;    88.505; 
   8;     3.215;    26.725;    88.505; 
   9;     3.186;    26.728;    88.505; 
  10;     3.152;    26.732;    88.505; 
  11;     3.128;    26.733;    88.505; 
  12;     3.075;    26.742;    88.505; 
  13;     3.044;    26.748;    88.505; 
  14;     3.026;    26.750;    88.505; 
  15;     3.000;    26.753;    88.505; 
  16;     2.969;    26.757;    88.505; 
  17;     2.939;    26.760;    88.505; 
  18;     2.916;    26.762;    88.505; 
  19;     2.894;    26.763;    88.505; 
  20;     2.843;    26.769;    88.505; 
  21;     2.826;    26.770;    88.505; 
  22;     2.816;    26.769;    88.505; 
  23;     2.804;    26.768;    88.505; 
  24;     2.794;    26.765;    88.505; 
  25;     2.782;    26.762;    88.505; 
  26;     2.741;    26.754;    88.505; 
  27;     2.706;    26.748;    88.505; 
  28;     2.702;    26.746;    88.505; 
  29;     2.701;    26.743;    88.505; 
  30;     2.697;    26.740;    88.505; 
  31;     2.693;    26.736;    88.505; 
  32;     2.680;    26.725;    88.505; 
  33;     2.675;    26.719;    88.505; 
  34;     2.664;    26.707;    88.505; 
  35;     2.645;    26.688;    88.505; 
  36;     2.638;    26.677;    88.505; 
  37;     2.633;    26.669;    88.505; 
  38;     2.622;    26.651;    88.505; 
  39;     2.604;    26.623;    88.505; 
  40;     2.587;    26.596;    88.505; 
  41;     2.576;    26.576;    88.505; 
  42;     2.567;    26.559;    88.505; 
  43;     2.546;    26.522;    88.505; 
  44;     2.532;    26.498;    88.505; 
  45;     2.518;    26.473;    88.505; 
  46;     2.506;    26.451;    88.505; 
  47;     2.491;    26.422;    88.505; 
  48;     2.477;    26.396;    88.505; 
  49;     2.460;    26.365;    88.505; 
  50;     2.447;    26.341;    88.505; 
  51;     2.437;    26.320;    88.505; 
  52;     2.422;    26.292;    88.505; 
  53;     2.414;    26.274;    88.505; 
  54;     2.403;    26.248;    88.505; 
  55;     2.380;    26.204;    88.505; 
  56;     2.364;    26.176;    88.505; 
  57;     2.349;    26.149;    88.505; 
  58;     2.339;    26.130;    88.505; 
  59;     2.320;    26.096;    88.505; 
  60;     2.303;    26.066;    88.505; 
  61;     2.295;    26.049;    88.505; 
  62;     2.286;    26.029;    88.505; 
  63;     2.280;    26.013;    88.505; 
  64;     2.258;    25.967;    88.505; 
  65;     2.245;    25.942;    88.505; 
  66;     2.233;    25.917;    88.505; 
  67;     2.215;    25.882;    88.505; 
  68;     2.209;    25.867;    88.505; 
  69;     2.188;    25.825;    88.505; 
  70;     2.174;    25.799;    88.505; 
  71;     2.167;    25.783;    88.505; 
  72;     2.157;    25.760;    88.505; 
  73;     2.144;    25.731;    88.505; 
  74;     2.136;    25.710;    88.505; 
  75;     2.121;    25.677;    88.505; 
  76;     2.118;    25.666;    88.505; 
  77;     2.096;    25.616;    88.505; 
  78;     2.075;    25.577;    88.505; 
  79;     2.067;    25.560;    88.505; 
  80;     2.058;    25.538;    88.505; 
  81;     2.047;    25.512;    88.505; 
  82;     2.042;    25.499;    88.505; 
  83;     2.032;    25.470;    88.505; 
  84;     2.019;    25.434;    88.505; 
  85;     2.008;    25.408;    88.505; 
  86;     1.992;    25.370;    88.505; 
  87;     1.983;    25.348;    88.505; 
  88;     1.968;    25.313;    88.505; 
  89;     1.960;    25.293;    88.505; 
  90;     1.960;    25.287;    88.505; 
  91;     1.957;    25.274;    88.505; 
  92;     1.937;    25.212;    88.505; 
  93;     1.917;    25.165;    88.505; 
  94;     1.905;    25.140;    88.505; 
  95;     1.900;    25.124;    88.505; 
  96;     1.899;    25.118;    88.505; 
  97;     1.892;    25.092;    88.505; 
  98;     1.875;    25.042;    88.505; 
  99;     1.859;    25.005;    88.505; 
 100;     1.856;    24.992;    88.505; 
 101;     1.855;    24.983;    88.505; 
 102;     1.855;    24.977;    88.505; 
 103;     1.852;    24.949;    88.505; 
 104;     1.830;    24.872;    88.505; 
 105;     1.817;    24.837;    88.505; 
 106;     1.799;    24.796;    88.505; 
 107;     1.768;    24.741;    88.505; 
 108;     1.740;    24.702;    88.505; 
 109;     1.561;    24.599;    88.505; 
 110;     1.466;    24.596;    88.505; 
 111;     1.432;    24.599;    88.505; 
 112;     1.411;    24.600;    88.505; 
 113;     1.386;    24.600;    88.505; 
 114;     1.346;    24.602;    88.505; 
 115;     1.310;    24.604;    88.505; 
 116;     1.282;    24.606;    88.505; 
 117;     1.251;    24.609;    88.505; 
 118;     1.229;    24.609;    88.505; 
 119;     1.192;    24.611;    88.505; 
 120;     1.162;    24.613;    88.505; 
 121;     1.009;    24.675;    88.505; 
 122;      .905;    24.830;    88.505; 
 123;      .894;    24.871;    88.505; 
 124;      .883;    24.933;    88.505; 
 125;      .879;    24.972;    88.505; 
 126;      .876;    25.004;    88.505; 
 127;      .873;    25.020;    88.505; 
 128;      .869;    25.048;    88.505; 
 129;      .864;    25.073;    88.505; 
 130;      .858;    25.109;    88.505; 
 131;      .854;    25.133;    88.505; 
 132;      .849;    25.154;    88.505; 
 133;      .845;    25.162;    88.505; 
 134;      .832;    25.231;    88.505; 
 135;      .827;    25.270;    88.505; 
 136;      .824;    25.284;    88.505; 
 137;      .821;    25.295;    88.505; 
 138;      .816;    25.304;    88.505; 
 139;      .801;    25.373;    88.505; 
 140;      .795;    25.405;    88.505; 
 141;      .791;    25.420;    88.505; 
 142;      .784;    25.452;    88.505; 
 143;      .777;    25.481;    88.505; 
 144;      .771;    25.510;    88.505; 
 145;      .764;    25.536;    88.505; 
 146;      .757;    25.563;    88.505; 
 147;      .750;    25.592;    88.505; 
 148;      .742;    25.620;    88.505; 
 149;      .733;    25.654;    88.505; 
 150;      .726;    25.680;    88.505; 
 151;      .719;    25.709;    88.505; 
 152;      .711;    25.735;    88.505; 
 153;      .703;    25.762;    88.505; 
 154;      .694;    25.796;    88.505; 
 155;      .686;    25.821;    88.505; 
 156;      .676;    25.856;    88.505; 
 157;      .669;    25.881;    88.505; 
 158;      .661;    25.907;    88.505; 
 159;      .652;    25.937;    88.505; 
 160;      .643;    25.965;    88.505; 
 161;      .634;    25.993;    88.505; 
 162;      .625;    26.021;    88.505; 
 163;      .614;    26.055;    88.505; 
 164;      .605;    26.083;    88.505; 
 165;      .596;    26.111;    88.505; 
 166;      .587;    26.138;    88.505; 
 167;      .578;    26.168;    88.505; 
 168;      .569;    26.193;    88.505; 
 169;      .558;    26.224;    88.505; 
 170;      .549;    26.251;    88.505; 
 171;      .539;    26.277;    88.505; 
 172;      .529;    26.308;    88.505; 
 173;      .520;    26.332;    88.505; 
 174;      .508;    26.367;    88.505; 
 175;      .498;    26.393;    88.505; 
 176;      .488;    26.424;    88.505; 
 177;      .478;    26.449;    88.505; 
 178;      .468;    26.475;    88.505; 
 179;      .457;    26.506;    88.505; 
 180;      .446;    26.536;    88.505; 
 181;      .435;    26.563;    88.505; 
 182;      .425;    26.590;    88.505; 
 183;      .414;    26.620;    88.505; 
 184;      .404;    26.644;    88.505; 
 185;      .393;    26.669;    88.505; 
 186;      .379;    26.706;    88.505; 
 187;      .369;    26.732;    88.505; 
 188;      .358;    26.759;    88.505; 
 189;      .349;    26.782;    88.505; 
 190;      .342;    26.793;    88.505; 
 191;      .329;    26.819;    88.505; 
 192;      .313;    26.850;    88.505; 
 193;      .306;    26.861;    88.505; 
 194;      .300;    26.868;    88.505; 
 195;      .292;    26.876;    88.505; 
 196;      .284;    26.883;    88.505; 
 197;      .274;    26.891;    88.505; 
 198;      .261;    26.900;    88.505; 
 199;      .250;    26.907;    88.505; 
 200;      .235;    26.914;    88.505; 
 201;      .224;    26.919;    88.505; 
 202;      .210;    26.924;    88.505; 
 203;      .197;    26.927;    88.505; 
 204;      .186;    26.929;    88.505; 
 205;      .172;    26.931;    88.505; 
 206;      .156;    26.932;    88.505; 
 207;      .138;    26.933;    88.505; 
 208;      .117;    26.933;    88.505; 
 209;      .094;    26.933;    88.505; 
 210;      .051;    26.934;    88.505; 
 211;      .022;    26.935;    88.505; 
 212;     -.008;    26.936;    88.505; 
 213;     -.030;    26.936;    88.505; 
 214;     -.071;    26.938;    88.505; 
 215;     -.094;    26.938;    88.505; 
 216;     -.127;    26.939;    88.505; 
 217;     -.164;    26.940;    88.505; 
 218;     -.188;    26.941;    88.505; 
 219;     -.218;    26.941;    88.505; 
 220;     -.247;    26.942;    88.505; 
 221;     -.279;    26.943;    88.505; 
 222;     -.305;    26.943;    88.505; 
 223;     -.317;    26.941;    88.505; 
 224;     -.350;    26.939;    88.505; 
 225;     -.406;    26.940;    88.505; 
 226;     -.413;    26.939;    88.505; 
 227;     -.426;    26.936;    88.505; 
 228;     -.435;    26.933;    88.505; 
 229;     -.443;    26.930;    88.505; 
 230;     -.459;    26.923;    88.505; 
 231;     -.473;    26.917;    88.505; 
 232;     -.481;    26.911;    88.505; 
 233;     -.492;    26.904;    88.505; 
 234;     -.501;    26.896;    88.505; 
 235;     -.511;    26.887;    88.505; 
 236;     -.522;    26.876;    88.505; 
 237;     -.530;    26.866;    88.505; 
 238;     -.537;    26.856;    88.505; 
 239;     -.545;    26.843;    88.505; 
 240;     -.553;    26.829;    88.505; 
 241;     -.561;    26.814;    88.505; 
 242;     -.567;    26.798;    88.505; 
 243;     -.582;    26.766;    88.505; 
 244;     -.595;    26.738;    88.505; 
 245;     -.606;    26.714;    88.505; 
 246;     -.614;    26.694;    88.505; 
 247;     -.628;    26.662;    88.505; 
 248;     -.635;    26.642;    88.505; 
 249;     -.649;    26.609;    88.505; 
 250;     -.668;    26.569;    88.505; 
 251;     -.676;    26.549;    88.505; 
 252;     -.686;    26.524;    88.505; 
 253;     -.695;    26.501;    88.505; 
 254;     -.711;    26.463;    88.505; 
 255;     -.723;    26.435;    88.505; 
 256;     -.730;    26.416;    88.505; 
 257;     -.744;    26.383;    88.505; 
 258;     -.760;    26.346;    88.505; 
 259;     -.765;    26.332;    88.505; 
 260;     -.776;    26.303;    88.505; 
 261;     -.788;    26.273;    88.505; 
 262;     -.801;    26.241;    88.505; 
 263;     -.810;    26.218;    88.505; 
 264;     -.821;    26.188;    88.505; 
 265;     -.831;    26.162;    88.505; 
 266;     -.839;    26.140;    88.505; 
 267;     -.852;    26.103;    88.505; 
 268;     -.863;    26.076;    88.505; 
 269;     -.873;    26.048;    88.505; 
 270;     -.883;    26.021;    88.505; 
 271;     -.894;    25.992;    88.505; 
 272;     -.904;    25.963;    88.505; 
 273;     -.911;    25.942;    88.505; 
 274;     -.922;    25.910;    88.505; 
 275;     -.930;    25.885;    88.505; 
 276;     -.940;    25.854;    88.505; 
 277;     -.949;    25.827;    88.505; 
 278;     -.959;    25.797;    88.505; 
 279;     -.968;    25.769;    88.505; 
 280;     -.977;    25.742;    88.505; 
 281;     -.986;    25.712;    88.505; 
 282;     -.994;    25.687;    88.505; 
 283;    -1.002;    25.658;    88.505; 
 284;    -1.011;    25.629;    88.505; 
 285;    -1.019;    25.601;    88.505; 
 286;    -1.027;    25.573;    88.505; 
 287;    -1.030;    25.557;    88.505; 
 288;    -1.040;    25.517;    88.505; 
 289;    -1.050;    25.483;    88.505; 
 290;    -1.059;    25.453;    88.505; 
 291;    -1.065;    25.429;    88.505; 
 292;    -1.071;    25.404;    88.505; 
 293;    -1.079;    25.374;    88.505; 
 294;    -1.092;    25.331;    88.505; 
 295;    -1.098;    25.310;    88.505; 
 296;    -1.103;    25.289;    88.505; 
 297;    -1.113;    25.250;    88.505; 
 298;    -1.117;    25.231;    88.505; 
 299;    -1.124;    25.201;    88.505; 
 300;    -1.131;    25.171;    88.505; 
 301;    -1.139;    25.140;    88.505; 
 302;    -1.143;    25.118;    88.505; 
 303;    -1.149;    25.089;    88.505; 
 304;    -1.156;    25.055;    88.505; 
 305;    -1.162;    25.027;    88.505; 
 306;    -1.166;    25.003;    88.505; 
 307;    -1.171;    24.975;    88.505; 
 308;    -1.176;    24.945;    88.505; 
 309;    -1.186;    24.901;    88.505; 
 310;    -1.201;    24.853;    88.505; 
 311;    -1.230;    24.789;    88.505; 
 312;    -1.424;    24.653;    88.505; 
 313;    -1.498;    24.645;    88.505; 
 314;    -1.523;    24.643;    88.505; 
 315;    -1.555;    24.641;    88.505; 
 316;    -1.589;    24.639;    88.505; 
 317;    -1.613;    24.638;    88.505; 
 318;    -1.645;    24.635;    88.505; 
 319;    -1.680;    24.634;    88.505; 
 320;    -1.713;    24.632;    88.505; 
 321;    -1.730;    24.630;    88.505; 
 322;    -1.767;    24.628;    88.505; 
 323;    -1.799;    24.626;    88.505; 
 324;    -1.941;    24.658;    88.505; 
 325;    -2.078;    24.804;    88.505; 
 326;    -2.097;    24.847;    88.505; 
 327;    -2.112;    24.891;    88.505; 
 328;    -2.123;    24.925;    88.505; 
 329;    -2.132;    24.953;    88.505; 
 330;    -2.142;    24.982;    88.505; 
 331;    -2.151;    25.010;    88.505; 
 332;    -2.160;    25.037;    88.505; 
 333;    -2.170;    25.068;    88.505; 
 334;    -2.179;    25.095;    88.505; 
 335;    -2.188;    25.119;    88.505; 
 336;    -2.198;    25.147;    88.505; 
 337;    -2.210;    25.179;    88.505; 
 338;    -2.218;    25.201;    88.505; 
 339;    -2.231;    25.235;    88.505; 
 340;    -2.240;    25.258;    88.505; 
 341;    -2.251;    25.289;    88.505; 
 342;    -2.261;    25.313;    88.505; 
 343;    -2.272;    25.340;    88.505; 
 344;    -2.283;    25.366;    88.505; 
 345;    -2.295;    25.396;    88.505; 
 346;    -2.306;    25.424;    88.505; 
 347;    -2.317;    25.449;    88.505; 
 348;    -2.328;    25.475;    88.505; 
 349;    -2.340;    25.503;    88.505; 
 350;    -2.354;    25.535;    88.505; 
 351;    -2.364;    25.557;    88.505; 
 352;    -2.376;    25.584;    88.505; 
 353;    -2.389;    25.614;    88.505; 
 354;    -2.401;    25.638;    88.505; 
 355;    -2.411;    25.658;    88.505; 
 356;    -2.426;    25.689;    88.505; 
 357;    -2.439;    25.716;    88.505; 
 358;    -2.456;    25.755;    88.505; 
 359;    -2.466;    25.777;    88.505; 
 360;    -2.477;    25.799;    88.505; 
 361;    -2.490;    25.823;    88.505; 
 362;    -2.505;    25.854;    88.505; 
 363;    -2.518;    25.879;    88.505; 
 364;    -2.528;    25.896;    88.505; 
 365;    -2.546;    25.933;    88.505; 
 366;    -2.559;    25.956;    88.505; 
 367;    -2.575;    25.988;    88.505; 
 368;    -2.589;    26.018;    88.505; 
 369;    -2.602;    26.044;    88.505; 
 370;    -2.615;    26.068;    88.505; 
 371;    -2.628;    26.092;    88.505; 
 372;    -2.642;    26.117;    88.505; 
 373;    -2.657;    26.145;    88.505; 
 374;    -2.670;    26.170;    88.505; 
 375;    -2.685;    26.198;    88.505; 
 376;    -2.700;    26.226;    88.505; 
 377;    -2.714;    26.251;    88.505; 
 378;    -2.727;    26.275;    88.505; 
 379;    -2.741;    26.298;    88.505; 
 380;    -2.755;    26.323;    88.505; 
 381;    -2.773;    26.354;    88.505; 
 382;    -2.786;    26.377;    88.505; 
 383;    -2.802;    26.405;    88.505; 
 384;    -2.817;    26.430;    88.505; 
 385;    -2.832;    26.456;    88.505; 
 386;    -2.847;    26.480;    88.505; 
 387;    -2.861;    26.503;    88.505; 
 388;    -2.881;    26.539;    88.505; 
 389;    -2.895;    26.563;    88.505; 
 390;    -2.907;    26.581;    88.505; 
 391;    -2.925;    26.612;    88.505; 
 392;    -2.942;    26.640;    88.505; 
 393;    -2.954;    26.660;    88.505; 
 394;    -2.968;    26.680;    88.505; 
 395;    -2.980;    26.695;    88.505; 
 396;    -2.993;    26.711;    88.505; 
 397;    -3.002;    26.719;    88.505; 
 398;    -3.012;    26.728;    88.505; 
 399;    -3.022;    26.735;    88.505; 
 400;    -3.033;    26.742;    88.505; 
 401;    -3.049;    26.750;    88.505; 
 402;    -3.065;    26.759;    88.505; 
 403;    -3.076;    26.763;    88.505; 
 404;    -3.086;    26.765;    88.505; 
 405;    -3.098;    26.768;    88.505; 
 406;    -3.113;    26.770;    88.505; 
 407;    -3.128;    26.771;    88.505; 
 408;    -3.141;    26.771;    88.505; 
 409;    -3.151;    26.770;    88.505; 
 410;    -3.171;    26.768;    88.505; 
 411;    -3.185;    26.766;    88.505; 
 412;    -3.216;    26.762;    88.505; 
 413;    -3.246;    26.757;    88.505; 
 414;    -3.271;    26.753;    88.505; 
