[A]
   1;     2.833;    27.017;    88.505; 
   2;     2.803;    27.020;    88.505; 
   3;     2.768;    27.025;    88.505; 
   4;     2.742;    27.027;    88.505; 
   5;     2.720;    27.029;    88.505; 
   6;     2.705;    27.029;    88.505; 
   7;     2.688;    27.028;    88.505; 
   8;     2.671;    27.026;    88.505; 
   9;     2.657;    27.023;    88.505; 
  10;     2.643;    27.019;    88.505; 
  11;     2.632;    27.015;    88.505; 
  12;     2.620;    27.010;    88.505; 
  13;     2.609;    27.003;    88.505; 
  14;     2.596;    26.996;    88.505; 
  15;     2.589;    26.989;    88.505; 
  16;     2.582;    26.983;    88.505; 
  17;     2.577;    26.977;    88.505; 
  18;     2.552;    26.952;    88.505; 
  19;     2.539;    26.938;    88.505; 
  20;     2.533;    26.930;    88.505; 
  21;     2.528;    26.920;    88.505; 
  22;     2.518;    26.903;    88.505; 
  23;     2.508;    26.885;    88.505; 
  24;     2.495;    26.861;    88.505; 
  25;     2.481;    26.834;    88.505; 
  26;     2.462;    26.801;    88.505; 
  27;     2.448;    26.777;    88.505; 
  28;     2.436;    26.753;    88.505; 
  29;     2.422;    26.727;    88.505; 
  30;     2.406;    26.698;    88.505; 
  31;     2.392;    26.672;    88.505; 
  32;     2.376;    26.643;    88.505; 
  33;     2.362;    26.618;    88.505; 
  34;     2.352;    26.597;    88.505; 
  35;     2.337;    26.567;    88.505; 
  36;     2.320;    26.535;    88.505; 
  37;     2.307;    26.512;    88.505; 
  38;     2.295;    26.487;    88.505; 
  39;     2.281;    26.460;    88.505; 
  40;     2.268;    26.434;    88.505; 
  41;     2.253;    26.404;    88.505; 
  42;     2.242;    26.381;    88.505; 
  43;     2.230;    26.356;    88.505; 
  44;     2.215;    26.326;    88.505; 
  45;     2.201;    26.298;    88.505; 
  46;     2.188;    26.271;    88.505; 
  47;     2.177;    26.248;    88.505; 
  48;     2.163;    26.219;    88.505; 
  49;     2.149;    26.189;    88.505; 
  50;     2.136;    26.161;    88.505; 
  51;     2.125;    26.137;    88.505; 
  52;     2.114;    26.113;    88.505; 
  53;     2.099;    26.080;    88.505; 
  54;     2.086;    26.052;    88.505; 
  55;     2.075;    26.027;    88.505; 
  56;     2.061;    25.996;    88.505; 
  57;     2.050;    25.971;    88.505; 
  58;     2.040;    25.947;    88.505; 
  59;     2.025;    25.913;    88.505; 
  60;     2.016;    25.891;    88.505; 
  61;     2.004;    25.863;    88.505; 
  62;     1.991;    25.831;    88.505; 
  63;     1.981;    25.808;    88.505; 
  64;     1.969;    25.779;    88.505; 
  65;     1.958;    25.751;    88.505; 
  66;     1.947;    25.724;    88.505; 
  67;     1.935;    25.696;    88.505; 
  68;     1.925;    25.669;    88.505; 
  69;     1.914;    25.641;    88.505; 
  70;     1.905;    25.616;    88.505; 
  71;     1.895;    25.589;    88.505; 
  72;     1.883;    25.558;    88.505; 
  73;     1.873;    25.530;    88.505; 
  74;     1.862;    25.501;    88.505; 
  75;     1.853;    25.477;    88.505; 
  76;     1.844;    25.449;    88.505; 
  77;     1.832;    25.417;    88.505; 
  78;     1.823;    25.390;    88.505; 
  79;     1.815;    25.365;    88.505; 
  80;     1.803;    25.333;    88.505; 
  81;     1.794;    25.305;    88.505; 
  82;     1.783;    25.275;    88.505; 
  83;     1.776;    25.251;    88.505; 
  84;     1.769;    25.229;    88.505; 
  85;     1.759;    25.196;    88.505; 
  86;     1.751;    25.169;    88.505; 
  87;     1.742;    25.140;    88.505; 
  88;     1.731;    25.105;    88.505; 
  89;     1.718;    25.068;    88.505; 
  90;     1.702;    25.029;    88.505; 
  91;     1.675;    24.979;    88.505; 
  92;     1.545;    24.864;    88.505; 
  93;     1.392;    24.837;    88.505; 
  94;     1.379;    24.836;    88.505; 
  95;     1.302;    24.843;    88.505; 
  96;     1.284;    24.845;    88.505; 
  97;     1.267;    24.845;    88.505; 
  98;     1.240;    24.846;    88.505; 
  99;     1.210;    24.847;    88.505; 
 100;     1.164;    24.851;    88.505; 
 101;     1.148;    24.851;    88.505; 
 102;     1.132;    24.850;    88.505; 
 103;     1.084;    24.852;    88.505; 
 104;     1.023;    24.861;    88.505; 
 105;      .856;    24.970;    88.505; 
 106;      .800;    25.093;    88.505; 
 107;      .790;    25.132;    88.505; 
 108;      .783;    25.166;    88.505; 
 109;      .776;    25.198;    88.505; 
 110;      .769;    25.230;    88.505; 
 111;      .764;    25.258;    88.505; 
 112;      .757;    25.289;    88.505; 
 113;      .751;    25.321;    88.505; 
 114;      .745;    25.348;    88.505; 
 115;      .739;    25.375;    88.505; 
 116;      .733;    25.405;    88.505; 
 117;      .726;    25.431;    88.505; 
 118;      .719;    25.462;    88.505; 
 119;      .713;    25.490;    88.505; 
 120;      .706;    25.519;    88.505; 
 121;      .698;    25.549;    88.505; 
 122;      .692;    25.576;    88.505; 
 123;      .684;    25.604;    88.505; 
 124;      .677;    25.631;    88.505; 
 125;      .669;    25.661;    88.505; 
 126;      .661;    25.689;    88.505; 
 127;      .653;    25.719;    88.505; 
 128;      .645;    25.748;    88.505; 
 129;      .638;    25.776;    88.505; 
 130;      .630;    25.802;    88.505; 
 131;      .622;    25.830;    88.505; 
 132;      .613;    25.859;    88.505; 
 133;      .604;    25.890;    88.505; 
 134;      .596;    25.913;    88.505; 
 135;      .587;    25.942;    88.505; 
 136;      .577;    25.975;    88.505; 
 137;      .567;    26.008;    88.505; 
 138;      .560;    26.031;    88.505; 
 139;      .552;    26.051;    88.505; 
 140;      .539;    26.093;    88.505; 
 141;      .531;    26.116;    88.505; 
 142;      .523;    26.139;    88.505; 
 143;      .512;    26.172;    88.505; 
 144;      .502;    26.203;    88.505; 
 145;      .493;    26.228;    88.505; 
 146;      .484;    26.254;    88.505; 
 147;      .474;    26.281;    88.505; 
 148;      .462;    26.316;    88.505; 
 149;      .453;    26.340;    88.505; 
 150;      .443;    26.370;    88.505; 
 151;      .433;    26.395;    88.505; 
 152;      .424;    26.421;    88.505; 
 153;      .413;    26.450;    88.505; 
 154;      .401;    26.481;    88.505; 
 155;      .391;    26.508;    88.505; 
 156;      .380;    26.536;    88.505; 
 157;      .370;    26.561;    88.505; 
 158;      .359;    26.590;    88.505; 
 159;      .348;    26.617;    88.505; 
 160;      .336;    26.650;    88.505; 
 161;      .326;    26.674;    88.505; 
 162;      .316;    26.699;    88.505; 
 163;      .304;    26.728;    88.505; 
 164;      .292;    26.756;    88.505; 
 165;      .280;    26.789;    88.505; 
 166;      .267;    26.823;    88.505; 
 167;      .256;    26.858;    88.505; 
 168;      .246;    26.887;    88.505; 
 169;      .238;    26.906;    88.505; 
 170;      .230;    26.925;    88.505; 
 171;      .219;    26.949;    88.505; 
 172;      .206;    26.982;    88.505; 
 173;      .195;    27.005;    88.505; 
 174;      .185;    27.025;    88.505; 
 175;      .177;    27.038;    88.505; 
 176;      .171;    27.046;    88.505; 
 177;      .158;    27.063;    88.505; 
 178;      .146;    27.077;    88.505; 
 179;      .133;    27.091;    88.505; 
 180;      .120;    27.103;    88.505; 
 181;      .111;    27.110;    88.505; 
 182;      .100;    27.117;    88.505; 
 183;      .090;    27.122;    88.505; 
 184;      .071;    27.132;    88.505; 
 185;      .059;    27.136;    88.505; 
 186;      .048;    27.140;    88.505; 
 187;      .038;    27.141;    88.505; 
 188;      .015;    27.146;    88.505; 
 189;      .003;    27.147;    88.505; 
 190;     -.006;    27.146;    88.505; 
 191;     -.029;    27.147;    88.505; 
 192;     -.055;    27.147;    88.505; 
 193;     -.080;    27.146;    88.505; 
 194;     -.112;    27.146;    88.505; 
 195;     -.143;    27.145;    88.505; 
 196;     -.174;    27.145;    88.505; 
 197;     -.204;    27.144;    88.505; 
 198;     -.239;    27.144;    88.505; 
 199;     -.266;    27.144;    88.505; 
 200;     -.294;    27.143;    88.505; 
 201;     -.323;    27.143;    88.505; 
 202;     -.359;    27.142;    88.505; 
 203;     -.389;    27.142;    88.505; 
 204;     -.411;    27.141;    88.505; 
 205;     -.452;    27.141;    88.505; 
 206;     -.482;    27.141;    88.505; 
 207;     -.514;    27.141;    88.505; 
 208;     -.539;    27.141;    88.505; 
 209;     -.554;    27.139;    88.505; 
 210;     -.565;    27.137;    88.505; 
 211;     -.584;    27.133;    88.505; 
 212;     -.605;    27.127;    88.505; 
 213;     -.617;    27.123;    88.505; 
 214;     -.628;    27.118;    88.505; 
 215;     -.639;    27.112;    88.505; 
 216;     -.649;    27.105;    88.505; 
 217;     -.660;    27.097;    88.505; 
 218;     -.671;    27.088;    88.505; 
 219;     -.680;    27.079;    88.505; 
 220;     -.688;    27.069;    88.505; 
 221;     -.696;    27.058;    88.505; 
 222;     -.703;    27.046;    88.505; 
 223;     -.709;    27.035;    88.505; 
 224;     -.715;    27.022;    88.505; 
 225;     -.727;    26.998;    88.505; 
 226;     -.740;    26.971;    88.505; 
 227;     -.747;    26.953;    88.505; 
 228;     -.757;    26.929;    88.505; 
 229;     -.765;    26.907;    88.505; 
 230;     -.777;    26.876;    88.505; 
 231;     -.789;    26.847;    88.505; 
 232;     -.801;    26.816;    88.505; 
 233;     -.811;    26.790;    88.505; 
 234;     -.823;    26.761;    88.505; 
 235;     -.833;    26.735;    88.505; 
 236;     -.844;    26.706;    88.505; 
 237;     -.854;    26.679;    88.505; 
 238;     -.864;    26.653;    88.505; 
 239;     -.875;    26.623;    88.505; 
 240;     -.886;    26.595;    88.505; 
 241;     -.892;    26.574;    88.505; 
 242;     -.907;    26.535;    88.505; 
 243;     -.919;    26.504;    88.505; 
 244;     -.928;    26.481;    88.505; 
 245;     -.938;    26.452;    88.505; 
 246;     -.950;    26.421;    88.505; 
 247;     -.958;    26.398;    88.505; 
 248;     -.965;    26.375;    88.505; 
 249;     -.975;    26.343;    88.505; 
 250;     -.988;    26.307;    88.505; 
 251;     -.995;    26.287;    88.505; 
 252;    -1.002;    26.263;    88.505; 
 253;    -1.016;    26.222;    88.505; 
 254;    -1.024;    26.197;    88.505; 
 255;    -1.033;    26.170;    88.505; 
 256;    -1.044;    26.139;    88.505; 
 257;    -1.051;    26.115;    88.505; 
 258;    -1.059;    26.088;    88.505; 
 259;    -1.068;    26.059;    88.505; 
 260;    -1.077;    26.030;    88.505; 
 261;    -1.087;    25.997;    88.505; 
 262;    -1.096;    25.967;    88.505; 
 263;    -1.104;    25.943;    88.505; 
 264;    -1.109;    25.921;    88.505; 
 265;    -1.117;    25.892;    88.505; 
 266;    -1.123;    25.866;    88.505; 
 267;    -1.135;    25.825;    88.505; 
 268;    -1.145;    25.792;    88.505; 
 269;    -1.151;    25.770;    88.505; 
 270;    -1.158;    25.744;    88.505; 
 271;    -1.165;    25.715;    88.505; 
 272;    -1.172;    25.687;    88.505; 
 273;    -1.178;    25.661;    88.505; 
 274;    -1.184;    25.633;    88.505; 
 275;    -1.192;    25.600;    88.505; 
 276;    -1.204;    25.558;    88.505; 
 277;    -1.207;    25.542;    88.505; 
 278;    -1.210;    25.526;    88.505; 
 279;    -1.213;    25.501;    88.505; 
 280;    -1.227;    25.444;    88.505; 
 281;    -1.235;    25.412;    88.505; 
 282;    -1.241;    25.389;    88.505; 
 283;    -1.246;    25.365;    88.505; 
 284;    -1.251;    25.338;    88.505; 
 285;    -1.257;    25.310;    88.505; 
 286;    -1.261;    25.284;    88.505; 
 287;    -1.268;    25.247;    88.505; 
 288;    -1.272;    25.224;    88.505; 
 289;    -1.275;    25.202;    88.505; 
 290;    -1.283;    25.159;    88.505; 
 291;    -1.287;    25.134;    88.505; 
 292;    -1.288;    25.121;    88.505; 
 293;    -1.311;    25.035;    88.505; 
 294;    -1.320;    25.008;    88.505; 
 295;    -1.370;    24.920;    88.505; 
 296;    -1.565;    24.814;    88.505; 
 297;    -1.635;    24.811;    88.505; 
 298;    -1.655;    24.810;    88.505; 
 299;    -1.672;    24.808;    88.505; 
 300;    -1.697;    24.806;    88.505; 
 301;    -1.723;    24.803;    88.505; 
 302;    -1.760;    24.800;    88.505; 
 303;    -1.795;    24.797;    88.505; 
 304;    -1.813;    24.795;    88.505; 
 305;    -1.845;    24.792;    88.505; 
 306;    -1.896;    24.790;    88.505; 
 307;    -1.924;    24.789;    88.505; 
 308;    -2.028;    24.807;    88.505; 
 309;    -2.180;    24.927;    88.505; 
 310;    -2.220;    25.008;    88.505; 
 311;    -2.234;    25.046;    88.505; 
 312;    -2.245;    25.079;    88.505; 
 313;    -2.254;    25.106;    88.505; 
 314;    -2.263;    25.133;    88.505; 
 315;    -2.273;    25.161;    88.505; 
 316;    -2.284;    25.192;    88.505; 
 317;    -2.295;    25.230;    88.505; 
 318;    -2.303;    25.256;    88.505; 
 319;    -2.310;    25.274;    88.505; 
 320;    -2.321;    25.305;    88.505; 
 321;    -2.331;    25.332;    88.505; 
 322;    -2.343;    25.364;    88.505; 
 323;    -2.352;    25.389;    88.505; 
 324;    -2.362;    25.414;    88.505; 
 325;    -2.373;    25.443;    88.505; 
 326;    -2.383;    25.469;    88.505; 
 327;    -2.394;    25.495;    88.505; 
 328;    -2.403;    25.517;    88.505; 
 329;    -2.417;    25.549;    88.505; 
 330;    -2.427;    25.573;    88.505; 
 331;    -2.443;    25.614;    88.505; 
 332;    -2.454;    25.641;    88.505; 
 333;    -2.463;    25.664;    88.505; 
 334;    -2.473;    25.688;    88.505; 
 335;    -2.485;    25.714;    88.505; 
 336;    -2.497;    25.742;    88.505; 
 337;    -2.507;    25.762;    88.505; 
 338;    -2.524;    25.802;    88.505; 
 339;    -2.536;    25.832;    88.505; 
 340;    -2.546;    25.854;    88.505; 
 341;    -2.555;    25.871;    88.505; 
 342;    -2.567;    25.894;    88.505; 
 343;    -2.588;    25.942;    88.505; 
 344;    -2.597;    25.961;    88.505; 
 345;    -2.607;    25.982;    88.505; 
 346;    -2.623;    26.016;    88.505; 
 347;    -2.635;    26.041;    88.505; 
 348;    -2.644;    26.057;    88.505; 
 349;    -2.663;    26.097;    88.505; 
 350;    -2.675;    26.122;    88.505; 
 351;    -2.687;    26.147;    88.505; 
 352;    -2.699;    26.170;    88.505; 
 353;    -2.711;    26.193;    88.505; 
 354;    -2.729;    26.229;    88.505; 
 355;    -2.745;    26.263;    88.505; 
 356;    -2.754;    26.280;    88.505; 
 357;    -2.766;    26.301;    88.505; 
 358;    -2.783;    26.333;    88.505; 
 359;    -2.797;    26.362;    88.505; 
 360;    -2.811;    26.388;    88.505; 
 361;    -2.824;    26.411;    88.505; 
 362;    -2.838;    26.438;    88.505; 
 363;    -2.851;    26.461;    88.505; 
 364;    -2.867;    26.490;    88.505; 
 365;    -2.884;    26.521;    88.505; 
 366;    -2.894;    26.538;    88.505; 
 367;    -2.913;    26.572;    88.505; 
 368;    -2.927;    26.598;    88.505; 
 369;    -2.941;    26.622;    88.505; 
 370;    -2.957;    26.652;    88.505; 
 371;    -2.972;    26.677;    88.505; 
 372;    -2.987;    26.705;    88.505; 
 373;    -3.000;    26.728;    88.505; 
 374;    -3.014;    26.751;    88.505; 
 375;    -3.032;    26.782;    88.505; 
 376;    -3.045;    26.804;    88.505; 
 377;    -3.059;    26.828;    88.505; 
 378;    -3.073;    26.850;    88.505; 
 379;    -3.084;    26.864;    88.505; 
 380;    -3.096;    26.878;    88.505; 
 381;    -3.103;    26.884;    88.505; 
 382;    -3.113;    26.892;    88.505; 
 383;    -3.129;    26.905;    88.505; 
 384;    -3.139;    26.912;    88.505; 
 385;    -3.152;    26.919;    88.505; 
 386;    -3.163;    26.924;    88.505; 
 387;    -3.176;    26.928;    88.505; 
 388;    -3.189;    26.932;    88.505; 
 389;    -3.203;    26.935;    88.505; 
 390;    -3.215;    26.937;    88.505; 
 391;    -3.227;    26.937;    88.505; 
 392;    -3.242;    26.938;    88.505; 
 393;    -3.260;    26.937;    88.505; 
 394;    -3.274;    26.936;    88.505; 
