[A]
   1;     3.348;    26.834;    88.500; 
   2;     3.319;    26.838;    88.500; 
   3;     3.285;    26.843;    88.500; 
   4;     3.259;    26.846;    88.500; 
   5;     3.230;    26.849;    88.500; 
   6;     3.203;    26.852;    88.500; 
   7;     3.172;    26.856;    88.500; 
   8;     3.138;    26.860;    88.500; 
   9;     3.104;    26.865;    88.500; 
  10;     3.072;    26.869;    88.500; 
  11;     3.048;    26.872;    88.500; 
  12;     3.034;    26.872;    88.500; 
  13;     3.016;    26.872;    88.500; 
  14;     2.991;    26.871;    88.500; 
  15;     2.976;    26.870;    88.500; 
  16;     2.961;    26.867;    88.500; 
  17;     2.936;    26.863;    88.500; 
  18;     2.903;    26.858;    88.500; 
  19;     2.887;    26.855;    88.500; 
  20;     2.882;    26.852;    88.500; 
  21;     2.878;    26.849;    88.500; 
  22;     2.877;    26.846;    88.500; 
  23;     2.872;    26.841;    88.500; 
  24;     2.865;    26.835;    88.500; 
  25;     2.857;    26.826;    88.500; 
  26;     2.833;    26.802;    88.500; 
  27;     2.823;    26.791;    88.500; 
  28;     2.817;    26.782;    88.500; 
  29;     2.802;    26.761;    88.500; 
  30;     2.792;    26.747;    88.500; 
  31;     2.781;    26.728;    88.500; 
  32;     2.773;    26.712;    88.500; 
  33;     2.758;    26.685;    88.500; 
  34;     2.744;    26.660;    88.500; 
  35;     2.721;    26.622;    88.500; 
  36;     2.707;    26.599;    88.500; 
  37;     2.700;    26.583;    88.500; 
  38;     2.676;    26.543;    88.500; 
  39;     2.660;    26.516;    88.500; 
  40;     2.654;    26.503;    88.500; 
  41;     2.641;    26.479;    88.500; 
  42;     2.615;    26.435;    88.500; 
  43;     2.603;    26.413;    88.500; 
  44;     2.589;    26.390;    88.500; 
  45;     2.576;    26.366;    88.500; 
  46;     2.566;    26.346;    88.500; 
  47;     2.554;    26.322;    88.500; 
  48;     2.537;    26.289;    88.500; 
  49;     2.520;    26.258;    88.500; 
  50;     2.510;    26.238;    88.500; 
  51;     2.495;    26.210;    88.500; 
  52;     2.482;    26.183;    88.500; 
  53;     2.469;    26.158;    88.500; 
  54;     2.452;    26.126;    88.500; 
  55;     2.439;    26.101;    88.500; 
  56;     2.427;    26.076;    88.500; 
  57;     2.413;    26.048;    88.500; 
  58;     2.399;    26.021;    88.500; 
  59;     2.388;    25.997;    88.500; 
  60;     2.375;    25.971;    88.500; 
  61;     2.362;    25.942;    88.500; 
  62;     2.350;    25.918;    88.500; 
  63;     2.339;    25.893;    88.500; 
  64;     2.325;    25.862;    88.500; 
  65;     2.312;    25.835;    88.500; 
  66;     2.299;    25.806;    88.500; 
  67;     2.285;    25.777;    88.500; 
  68;     2.276;    25.757;    88.500; 
  69;     2.269;    25.738;    88.500; 
  70;     2.250;    25.696;    88.500; 
  71;     2.235;    25.664;    88.500; 
  72;     2.228;    25.646;    88.500; 
  73;     2.220;    25.624;    88.500; 
  74;     2.205;    25.590;    88.500; 
  75;     2.193;    25.562;    88.500; 
  76;     2.180;    25.531;    88.500; 
  77;     2.169;    25.506;    88.500; 
  78;     2.158;    25.479;    88.500; 
  79;     2.148;    25.454;    88.500; 
  80;     2.137;    25.426;    88.500; 
  81;     2.127;    25.400;    88.500; 
  82;     2.117;    25.374;    88.500; 
  83;     2.107;    25.347;    88.500; 
  84;     2.096;    25.318;    88.500; 
  85;     2.084;    25.287;    88.500; 
  86;     2.075;    25.262;    88.500; 
  87;     2.067;    25.237;    88.500; 
  88;     2.054;    25.204;    88.500; 
  89;     2.045;    25.177;    88.500; 
  90;     2.040;    25.159;    88.500; 
  91;     2.035;    25.139;    88.500; 
  92;     2.023;    25.100;    88.500; 
  93;     2.017;    25.076;    88.500; 
  94;     2.011;    25.052;    88.500; 
  95;     1.993;    25.001;    88.500; 
  96;     1.982;    24.970;    88.500; 
  97;     1.972;    24.943;    88.500; 
  98;     1.943;    24.884;    88.500; 
  99;     1.916;    24.842;    88.500; 
 100;     1.813;    24.751;    88.500; 
 101;     1.641;    24.715;    88.500; 
 102;     1.607;    24.717;    88.500; 
 103;     1.572;    24.720;    88.500; 
 104;     1.549;    24.721;    88.500; 
 105;     1.505;    24.725;    88.500; 
 106;     1.487;    24.725;    88.500; 
 107;     1.444;    24.729;    88.500; 
 108;     1.424;    24.730;    88.500; 
 109;     1.387;    24.733;    88.500; 
 110;     1.355;    24.736;    88.500; 
 111;     1.328;    24.738;    88.500; 
 112;     1.295;    24.741;    88.500; 
 113;     1.107;    24.852;    88.500; 
 114;     1.049;    24.976;    88.500; 
 115;     1.039;    25.022;    88.500; 
 116;     1.033;    25.050;    88.500; 
 117;     1.027;    25.083;    88.500; 
 118;     1.021;    25.114;    88.500; 
 119;     1.016;    25.139;    88.500; 
 120;     1.010;    25.168;    88.500; 
 121;     1.003;    25.203;    88.500; 
 122;      .997;    25.236;    88.500; 
 123;      .992;    25.266;    88.500; 
 124;      .986;    25.296;    88.500; 
 125;      .981;    25.318;    88.500; 
 126;      .976;    25.341;    88.500; 
 127;      .970;    25.363;    88.500; 
 128;      .960;    25.409;    88.500; 
 129;      .953;    25.443;    88.500; 
 130;      .948;    25.462;    88.500; 
 131;      .943;    25.476;    88.500; 
 132;      .934;    25.507;    88.500; 
 133;      .923;    25.560;    88.500; 
 134;      .918;    25.582;    88.500; 
 135;      .911;    25.606;    88.500; 
 136;      .905;    25.629;    88.500; 
 137;      .897;    25.655;    88.500; 
 138;      .886;    25.702;    88.500; 
 139;      .880;    25.722;    88.500; 
 140;      .873;    25.749;    88.500; 
 141;      .865;    25.775;    88.500; 
 142;      .857;    25.802;    88.500; 
 143;      .848;    25.833;    88.500; 
 144;      .839;    25.864;    88.500; 
 145;      .831;    25.893;    88.500; 
 146;      .823;    25.920;    88.500; 
 147;      .815;    25.943;    88.500; 
 148;      .804;    25.978;    88.500; 
 149;      .795;    26.007;    88.500; 
 150;      .787;    26.031;    88.500; 
 151;      .778;    26.060;    88.500; 
 152;      .770;    26.082;    88.500; 
 153;      .758;    26.121;    88.500; 
 154;      .751;    26.139;    88.500; 
 155;      .741;    26.169;    88.500; 
 156;      .728;    26.210;    88.500; 
 157;      .721;    26.229;    88.500; 
 158;      .712;    26.252;    88.500; 
 159;      .700;    26.287;    88.500; 
 160;      .690;    26.316;    88.500; 
 161;      .680;    26.344;    88.500; 
 162;      .670;    26.372;    88.500; 
 163;      .662;    26.392;    88.500; 
 164;      .652;    26.416;    88.500; 
 165;      .639;    26.450;    88.500; 
 166;      .627;    26.484;    88.500; 
 167;      .614;    26.525;    88.500; 
 168;      .606;    26.546;    88.500; 
 169;      .598;    26.567;    88.500; 
 170;      .588;    26.592;    88.500; 
 171;      .576;    26.623;    88.500; 
 172;      .567;    26.646;    88.500; 
 173;      .553;    26.686;    88.500; 
 174;      .544;    26.708;    88.500; 
 175;      .535;    26.730;    88.500; 
 176;      .523;    26.757;    88.500; 
 177;      .510;    26.789;    88.500; 
 178;      .497;    26.822;    88.500; 
 179;      .488;    26.845;    88.500; 
 180;      .476;    26.873;    88.500; 
 181;      .465;    26.901;    88.500; 
 182;      .455;    26.923;    88.500; 
 183;      .445;    26.941;    88.500; 
 184;      .439;    26.950;    88.500; 
 185;      .428;    26.966;    88.500; 
 186;      .419;    26.978;    88.500; 
 187;      .410;    26.987;    88.500; 
 188;      .403;    26.991;    88.500; 
 189;      .393;    26.999;    88.500; 
 190;      .378;    27.010;    88.500; 
 191;      .366;    27.016;    88.500; 
 192;      .355;    27.021;    88.500; 
 193;      .332;    27.032;    88.500; 
 194;      .318;    27.038;    88.500; 
 195;      .311;    27.039;    88.500; 
 196;      .296;    27.042;    88.500; 
 197;      .285;    27.043;    88.500; 
 198;      .269;    27.044;    88.500; 
 199;      .252;    27.044;    88.500; 
 200;      .133;    27.044;    88.500; 
 201;      .102;    27.045;    88.500; 
 202;      .070;    27.045;    88.500; 
 203;      .039;    27.045;    88.500; 
 204;      .012;    27.045;    88.500; 
 205;     -.020;    27.045;    88.500; 
 206;     -.051;    27.045;    88.500; 
 207;     -.078;    27.045;    88.500; 
 208;     -.110;    27.045;    88.500; 
 209;     -.146;    27.045;    88.500; 
 210;     -.174;    27.045;    88.500; 
 211;     -.206;    27.045;    88.500; 
 212;     -.227;    27.045;    88.500; 
 213;     -.238;    27.043;    88.500; 
 214;     -.244;    27.040;    88.500; 
 215;     -.273;    27.034;    88.500; 
 216;     -.302;    27.028;    88.500; 
 217;     -.313;    27.025;    88.500; 
 218;     -.330;    27.019;    88.500; 
 219;     -.358;    27.009;    88.500; 
 220;     -.367;    27.004;    88.500; 
 221;     -.371;    27.000;    88.500; 
 222;     -.378;    26.994;    88.500; 
 223;     -.392;    26.983;    88.500; 
 224;     -.410;    26.968;    88.500; 
 225;     -.416;    26.961;    88.500; 
 226;     -.420;    26.955;    88.500; 
 227;     -.428;    26.943;    88.500; 
 228;     -.433;    26.933;    88.500; 
 229;     -.438;    26.921;    88.500; 
 230;     -.445;    26.906;    88.500; 
 231;     -.451;    26.889;    88.500; 
 232;     -.475;    26.839;    88.500; 
 233;     -.486;    26.815;    88.500; 
 234;     -.495;    26.795;    88.500; 
 235;     -.503;    26.773;    88.500; 
 236;     -.514;    26.747;    88.500; 
 237;     -.525;    26.718;    88.500; 
 238;     -.539;    26.685;    88.500; 
 239;     -.548;    26.661;    88.500; 
 240;     -.560;    26.631;    88.500; 
 241;     -.579;    26.590;    88.500; 
 242;     -.585;    26.573;    88.500; 
 243;     -.597;    26.544;    88.500; 
 244;     -.606;    26.521;    88.500; 
 245;     -.615;    26.497;    88.500; 
 246;     -.624;    26.472;    88.500; 
 247;     -.633;    26.444;    88.500; 
 248;     -.649;    26.403;    88.500; 
 249;     -.664;    26.368;    88.500; 
 250;     -.671;    26.351;    88.500; 
 251;     -.678;    26.329;    88.500; 
 252;     -.683;    26.309;    88.500; 
 253;     -.698;    26.268;    88.500; 
 254;     -.710;    26.236;    88.500; 
 255;     -.716;    26.218;    88.500; 
 256;     -.718;    26.205;    88.500; 
 257;     -.737;    26.151;    88.500; 
 258;     -.757;    26.106;    88.500; 
 259;     -.765;    26.087;    88.500; 
 260;     -.774;    26.063;    88.500; 
 261;     -.782;    26.041;    88.500; 
 262;     -.789;    26.018;    88.500; 
 263;     -.795;    25.996;    88.500; 
 264;     -.809;    25.955;    88.500; 
 265;     -.818;    25.928;    88.500; 
 266;     -.824;    25.907;    88.500; 
 267;     -.841;    25.862;    88.500; 
 268;     -.845;    25.847;    88.500; 
 269;     -.848;    25.833;    88.500; 
 270;     -.862;    25.788;    88.500; 
 271;     -.872;    25.757;    88.500; 
 272;     -.878;    25.736;    88.500; 
 273;     -.885;    25.710;    88.500; 
 274;     -.895;    25.677;    88.500; 
 275;     -.902;    25.650;    88.500; 
 276;     -.916;    25.608;    88.500; 
 277;     -.920;    25.593;    88.500; 
 278;     -.926;    25.569;    88.500; 
 279;     -.931;    25.545;    88.500; 
 280;     -.935;    25.523;    88.500; 
 281;     -.945;    25.481;    88.500; 
 282;     -.955;    25.446;    88.500; 
 283;     -.964;    25.414;    88.500; 
 284;     -.974;    25.381;    88.500; 
 285;     -.976;    25.369;    88.500; 
 286;     -.980;    25.348;    88.500; 
 287;     -.986;    25.317;    88.500; 
 288;     -.997;    25.274;    88.500; 
 289;    -1.004;    25.244;    88.500; 
 290;    -1.012;    25.214;    88.500; 
 291;    -1.017;    25.190;    88.500; 
 292;    -1.017;    25.182;    88.500; 
 293;    -1.016;    25.177;    88.500; 
 294;    -1.015;    25.167;    88.500; 
 295;    -1.016;    25.111;    88.500; 
 296;    -1.038;    25.018;    88.500; 
 297;    -1.061;    24.965;    88.500; 
 298;    -1.069;    24.945;    88.500; 
 299;    -1.072;    24.934;    88.500; 
 300;    -1.121;    24.845;    88.500; 
 301;    -1.307;    24.736;    88.500; 
 302;    -1.368;    24.730;    88.500; 
 303;    -1.431;    24.731;    88.500; 
 304;    -1.437;    24.730;    88.500; 
 305;    -1.451;    24.728;    88.500; 
 306;    -1.488;    24.724;    88.500; 
 307;    -1.529;    24.722;    88.500; 
 308;    -1.547;    24.721;    88.500; 
 309;    -1.584;    24.719;    88.500; 
 310;    -1.629;    24.718;    88.500; 
 311;    -1.655;    24.718;    88.500; 
 312;    -1.671;    24.716;    88.500; 
 313;    -1.771;    24.727;    88.500; 
 314;    -1.946;    24.863;    88.500; 
 315;    -1.979;    24.938;    88.500; 
 316;    -1.995;    24.994;    88.500; 
 317;    -2.001;    25.014;    88.500; 
 318;    -2.006;    25.026;    88.500; 
 319;    -2.013;    25.043;    88.500; 
 320;    -2.032;    25.107;    88.500; 
 321;    -2.038;    25.124;    88.500; 
 322;    -2.041;    25.128;    88.500; 
 323;    -2.052;    25.155;    88.500; 
 324;    -2.065;    25.186;    88.500; 
 325;    -2.079;    25.223;    88.500; 
 326;    -2.095;    25.296;    88.500; 
 327;    -2.098;    25.307;    88.500; 
 328;    -2.103;    25.319;    88.500; 
 329;    -2.110;    25.340;    88.500; 
 330;    -2.121;    25.368;    88.500; 
 331;    -2.131;    25.396;    88.500; 
 332;    -2.141;    25.424;    88.500; 
 333;    -2.149;    25.444;    88.500; 
 334;    -2.159;    25.466;    88.500; 
 335;    -2.175;    25.508;    88.500; 
 336;    -2.187;    25.539;    88.500; 
 337;    -2.194;    25.555;    88.500; 
 338;    -2.207;    25.588;    88.500; 
 339;    -2.218;    25.616;    88.500; 
 340;    -2.228;    25.640;    88.500; 
 341;    -2.239;    25.665;    88.500; 
 342;    -2.253;    25.698;    88.500; 
 343;    -2.263;    25.722;    88.500; 
 344;    -2.275;    25.751;    88.500; 
 345;    -2.288;    25.780;    88.500; 
 346;    -2.297;    25.801;    88.500; 
 347;    -2.310;    25.828;    88.500; 
 348;    -2.324;    25.860;    88.500; 
 349;    -2.335;    25.885;    88.500; 
 350;    -2.346;    25.907;    88.500; 
 351;    -2.359;    25.934;    88.500; 
 352;    -2.371;    25.958;    88.500; 
 353;    -2.385;    25.988;    88.500; 
 354;    -2.400;    26.020;    88.500; 
 355;    -2.413;    26.049;    88.500; 
 356;    -2.425;    26.075;    88.500; 
 357;    -2.436;    26.098;    88.500; 
 358;    -2.448;    26.121;    88.500; 
 359;    -2.464;    26.154;    88.500; 
 360;    -2.477;    26.180;    88.500; 
 361;    -2.489;    26.205;    88.500; 
 362;    -2.500;    26.225;    88.500; 
 363;    -2.512;    26.244;    88.500; 
 364;    -2.536;    26.294;    88.500; 
 365;    -2.544;    26.310;    88.500; 
 366;    -2.556;    26.331;    88.500; 
 367;    -2.572;    26.362;    88.500; 
 368;    -2.585;    26.386;    88.500; 
 369;    -2.602;    26.420;    88.500; 
 370;    -2.614;    26.445;    88.500; 
 371;    -2.626;    26.468;    88.500; 
 372;    -2.640;    26.494;    88.500; 
 373;    -2.655;    26.520;    88.500; 
 374;    -2.671;    26.552;    88.500; 
 375;    -2.683;    26.574;    88.500; 
 376;    -2.694;    26.593;    88.500; 
 377;    -2.709;    26.616;    88.500; 
 378;    -2.727;    26.648;    88.500; 
 379;    -2.744;    26.680;    88.500; 
 380;    -2.759;    26.707;    88.500; 
 381;    -2.774;    26.735;    88.500; 
 382;    -2.783;    26.752;    88.500; 
 383;    -2.791;    26.761;    88.500; 
 384;    -2.798;    26.768;    88.500; 
 385;    -2.801;    26.769;    88.500; 
 386;    -2.806;    26.771;    88.500; 
 387;    -2.827;    26.787;    88.500; 
 388;    -2.840;    26.794;    88.500; 
 389;    -2.847;    26.797;    88.500; 
 390;    -2.864;    26.804;    88.500; 
 391;    -2.937;    26.853;    88.500; 
 392;    -2.954;    26.865;    88.500; 
 393;    -2.958;    26.866;    88.500; 
 394;    -2.960;    26.864;    88.500; 
 395;    -2.960;    26.862;    88.500; 
 396;    -2.960;    26.860;    88.500; 
 397;    -2.984;    26.863;    88.500; 
 398;    -3.025;    26.870;    88.500; 
 399;    -3.040;    26.871;    88.500; 
 400;    -3.053;    26.871;    88.500; 
 401;    -3.064;    26.870;    88.500; 
 402;    -3.078;    26.867;    88.500; 
 403;    -3.106;    26.864;    88.500; 
 404;    -3.137;    26.860;    88.500; 
 405;    -3.168;    26.857;    88.500; 
 406;    -3.198;    26.854;    88.500; 
 407;    -3.221;    26.850;    88.500; 
 408;    -3.244;    26.846;    88.500; 
 409;    -3.290;    26.841;    88.500; 
 410;    -3.315;    26.838;    88.500; 
 411;    -3.342;    26.834;    88.500; 
 412;    -3.379;    26.830;    88.500; 
 413;    -3.395;    26.826;    88.500; 
 414;    -3.414;    26.822;    88.500; 
 415;    -3.473;    26.816;    88.500; 
 416;    -3.525;    26.815;    88.500; 
 417;    -3.534;    26.813;    88.500; 
 418;    -3.536;    26.811;    88.500; 
 419;    -3.537;    26.809;    88.500; 
 420;    -3.537;    26.807;    88.500; 
 421;    -3.536;    26.805;    88.500; 
 422;    -3.564;    26.788;    88.500; 
