[A]
   1;     3.388;    26.738;    91.208; 
   2;     3.358;    26.741;    91.208; 
   3;     3.325;    26.746;    91.208; 
   4;     3.299;    26.749;    91.208; 
   5;     3.281;    26.750;    91.208; 
   6;     3.262;    26.750;    91.208; 
   7;     3.240;    26.749;    91.208; 
   8;     3.205;    26.749;    91.208; 
   9;     3.164;    26.751;    91.208; 
  10;     3.148;    26.751;    91.208; 
  11;     3.133;    26.750;    91.208; 
  12;     3.122;    26.747;    91.208; 
  13;     3.116;    26.745;    91.208; 
  14;     3.113;    26.742;    91.208; 
  15;     3.108;    26.738;    91.208; 
  16;     3.090;    26.728;    91.208; 
  17;     3.065;    26.715;    91.208; 
  18;     3.045;    26.703;    91.208; 
  19;     3.028;    26.692;    91.208; 
  20;     3.024;    26.687;    91.208; 
  21;     3.020;    26.682;    91.208; 
  22;     3.015;    26.675;    91.208; 
  23;     2.997;    26.653;    91.208; 
  24;     2.985;    26.637;    91.208; 
  25;     2.983;    26.632;    91.208; 
  26;     2.978;    26.620;    91.208; 
  27;     2.949;    26.575;    91.208; 
  28;     2.932;    26.548;    91.208; 
  29;     2.925;    26.536;    91.208; 
  30;     2.914;    26.514;    91.208; 
  31;     2.892;    26.478;    91.208; 
  32;     2.872;    26.445;    91.208; 
  33;     2.865;    26.432;    91.208; 
  34;     2.859;    26.418;    91.208; 
  35;     2.845;    26.388;    91.208; 
  36;     2.808;    26.330;    91.208; 
  37;     2.802;    26.318;    91.208; 
  38;     2.789;    26.295;    91.208; 
  39;     2.774;    26.268;    91.208; 
  40;     2.762;    26.246;    91.208; 
  41;     2.748;    26.219;    91.208; 
  42;     2.737;    26.196;    91.208; 
  43;     2.730;    26.181;    91.208; 
  44;     2.705;    26.134;    91.208; 
  45;     2.687;    26.103;    91.208; 
  46;     2.675;    26.082;    91.208; 
  47;     2.663;    26.059;    91.208; 
  48;     2.648;    26.032;    91.208; 
  49;     2.637;    26.009;    91.208; 
  50;     2.629;    25.990;    91.208; 
  51;     2.615;    25.960;    91.208; 
  52;     2.600;    25.931;    91.208; 
  53;     2.580;    25.892;    91.208; 
  54;     2.567;    25.868;    91.208; 
  55;     2.557;    25.846;    91.208; 
  56;     2.544;    25.820;    91.208; 
  57;     2.533;    25.797;    91.208; 
  58;     2.518;    25.766;    91.208; 
  59;     2.501;    25.732;    91.208; 
  60;     2.490;    25.709;    91.208; 
  61;     2.478;    25.684;    91.208; 
  62;     2.467;    25.660;    91.208; 
  63;     2.459;    25.639;    91.208; 
  64;     2.449;    25.615;    91.208; 
  65;     2.429;    25.571;    91.208; 
  66;     2.417;    25.545;    91.208; 
  67;     2.409;    25.527;    91.208; 
  68;     2.398;    25.500;    91.208; 
  69;     2.384;    25.468;    91.208; 
  70;     2.370;    25.438;    91.208; 
  71;     2.360;    25.414;    91.208; 
  72;     2.349;    25.389;    91.208; 
  73;     2.341;    25.366;    91.208; 
  74;     2.328;    25.335;    91.208; 
  75;     2.310;    25.295;    91.208; 
  76;     2.305;    25.281;    91.208; 
  77;     2.296;    25.255;    91.208; 
  78;     2.286;    25.229;    91.208; 
  79;     2.275;    25.199;    91.208; 
  80;     2.265;    25.173;    91.208; 
  81;     2.256;    25.146;    91.208; 
  82;     2.245;    25.116;    91.208; 
  83;     2.241;    25.101;    91.208; 
  84;     2.235;    25.080;    91.208; 
  85;     2.219;    25.032;    91.208; 
  86;     2.200;    24.986;    91.208; 
  87;     2.192;    24.966;    91.208; 
  88;     2.185;    24.946;    91.208; 
  89;     2.179;    24.926;    91.208; 
  90;     2.171;    24.901;    91.208; 
  91;     2.162;    24.871;    91.208; 
  92;     2.140;    24.816;    91.208; 
  93;     2.123;    24.781;    91.208; 
  94;     2.101;    24.741;    91.208; 
  95;     2.043;    24.668;    91.208; 
  96;     1.846;    24.590;    91.208; 
  97;     1.787;    24.592;    91.208; 
  98;     1.758;    24.593;    91.208; 
  99;     1.729;    24.595;    91.208; 
 100;     1.690;    24.598;    91.208; 
 101;     1.662;    24.600;    91.208; 
 102;     1.633;    24.602;    91.208; 
 103;     1.602;    24.604;    91.208; 
 104;     1.569;    24.607;    91.208; 
 105;     1.540;    24.609;    91.208; 
 106;     1.510;    24.611;    91.208; 
 107;     1.473;    24.614;    91.208; 
 108;     1.349;    24.660;    91.208; 
 109;     1.222;    24.841;    91.208; 
 110;     1.213;    24.880;    91.208; 
 111;     1.206;    24.912;    91.208; 
 112;     1.198;    24.957;    91.208; 
 113;     1.193;    24.993;    91.208; 
 114;     1.189;    25.018;    91.208; 
 115;     1.185;    25.035;    91.208; 
 116;     1.180;    25.057;    91.208; 
 117;     1.171;    25.109;    91.208; 
 118;     1.166;    25.137;    91.208; 
 119;     1.162;    25.160;    91.208; 
 120;     1.157;    25.177;    91.208; 
 121;     1.149;    25.217;    91.208; 
 122;     1.142;    25.256;    91.208; 
 123;     1.137;    25.276;    91.208; 
 124;     1.132;    25.296;    91.208; 
 125;     1.124;    25.333;    91.208; 
 126;     1.116;    25.369;    91.208; 
 127;     1.111;    25.387;    91.208; 
 128;     1.104;    25.420;    91.208; 
 129;     1.097;    25.446;    91.208; 
 130;     1.090;    25.472;    91.208; 
 131;     1.083;    25.500;    91.208; 
 132;     1.074;    25.533;    91.208; 
 133;     1.066;    25.570;    91.208; 
 134;     1.061;    25.585;    91.208; 
 135;     1.055;    25.603;    91.208; 
 136;     1.042;    25.649;    91.208; 
 137;     1.035;    25.673;    91.208; 
 138;     1.024;    25.722;    91.208; 
 139;     1.019;    25.739;    91.208; 
 140;     1.012;    25.763;    91.208; 
 141;     1.005;    25.784;    91.208; 
 142;      .995;    25.818;    91.208; 
 143;      .984;    25.856;    91.208; 
 144;      .979;    25.872;    91.208; 
 145;      .968;    25.909;    91.208; 
 146;      .960;    25.933;    91.208; 
 147;      .951;    25.961;    91.208; 
 148;      .942;    25.989;    91.208; 
 149;      .933;    26.013;    91.208; 
 150;      .922;    26.049;    91.208; 
 151;      .913;    26.076;    91.208; 
 152;      .903;    26.106;    91.208; 
 153;      .893;    26.137;    91.208; 
 154;      .885;    26.163;    91.208; 
 155;      .876;    26.190;    91.208; 
 156;      .868;    26.209;    91.208; 
 157;      .857;    26.237;    91.208; 
 158;      .844;    26.276;    91.208; 
 159;      .834;    26.306;    91.208; 
 160;      .825;    26.332;    91.208; 
 161;      .815;    26.358;    91.208; 
 162;      .805;    26.385;    91.208; 
 163;      .795;    26.412;    91.208; 
 164;      .784;    26.442;    91.208; 
 165;      .773;    26.471;    91.208; 
 166;      .764;    26.492;    91.208; 
 167;      .752;    26.524;    91.208; 
 168;      .740;    26.554;    91.208; 
 169;      .732;    26.573;    91.208; 
 170;      .723;    26.591;    91.208; 
 171;      .705;    26.634;    91.208; 
 172;      .688;    26.689;    91.208; 
 173;      .683;    26.701;    91.208; 
 174;      .676;    26.715;    91.208; 
 175;      .667;    26.734;    91.208; 
 176;      .652;    26.769;    91.208; 
 177;      .641;    26.792;    91.208; 
 178;      .632;    26.810;    91.208; 
 179;      .624;    26.823;    91.208; 
 180;      .619;    26.828;    91.208; 
 181;      .608;    26.841;    91.208; 
 182;      .596;    26.854;    91.208; 
 183;      .581;    26.869;    91.208; 
 184;      .567;    26.883;    91.208; 
 185;      .556;    26.890;    91.208; 
 186;      .547;    26.896;    91.208; 
 187;      .539;    26.899;    91.208; 
 188;      .528;    26.903;    91.208; 
 189;      .516;    26.907;    91.208; 
 190;      .506;    26.909;    91.208; 
 191;      .483;    26.914;    91.208; 
 192;      .467;    26.916;    91.208; 
 193;      .451;    26.918;    91.208; 
 194;      .437;    26.918;    91.208; 
 195;      .416;    26.918;    91.208; 
 196;      .389;    26.918;    91.208; 
 197;      .361;    26.918;    91.208; 
 198;      .326;    26.918;    91.208; 
 199;      .299;    26.918;    91.208; 
 200;      .267;    26.918;    91.208; 
 201;      .224;    26.920;    91.208; 
 202;      .196;    26.921;    91.208; 
 203;      .158;    26.924;    91.208; 
 204;      .136;    26.925;    91.208; 
 205;      .131;    26.923;    91.208; 
 206;      .096;    26.921;    91.208; 
 207;      .055;    26.921;    91.208; 
 208;      .021;    26.921;    91.208; 
 209;     -.003;    26.921;    91.208; 
 210;     -.021;    26.919;    91.208; 
 211;     -.046;    26.917;    91.208; 
 212;     -.091;    26.915;    91.208; 
 213;     -.109;    26.913;    91.208; 
 214;     -.116;    26.910;    91.208; 
 215;     -.122;    26.907;    91.208; 
 216;     -.126;    26.904;    91.208; 
 217;     -.130;    26.900;    91.208; 
 218;     -.140;    26.893;    91.208; 
 219;     -.149;    26.886;    91.208; 
 220;     -.185;    26.862;    91.208; 
 221;     -.194;    26.854;    91.208; 
 222;     -.194;    26.851;    91.208; 
 223;     -.197;    26.846;    91.208; 
 224;     -.210;    26.829;    91.208; 
 225;     -.241;    26.793;    91.208; 
 226;     -.262;    26.769;    91.208; 
 227;     -.270;    26.758;    91.208; 
 228;     -.273;    26.752;    91.208; 
 229;     -.277;    26.742;    91.208; 
 230;     -.282;    26.730;    91.208; 
 231;     -.292;    26.705;    91.208; 
 232;     -.308;    26.670;    91.208; 
 233;     -.317;    26.648;    91.208; 
 234;     -.327;    26.623;    91.208; 
 235;     -.336;    26.598;    91.208; 
 236;     -.346;    26.573;    91.208; 
 237;     -.361;    26.537;    91.208; 
 238;     -.377;    26.500;    91.208; 
 239;     -.388;    26.476;    91.208; 
 240;     -.396;    26.455;    91.208; 
 241;     -.408;    26.426;    91.208; 
 242;     -.418;    26.401;    91.208; 
 243;     -.429;    26.372;    91.208; 
 244;     -.440;    26.343;    91.208; 
 245;     -.449;    26.320;    91.208; 
 246;     -.460;    26.290;    91.208; 
 247;     -.473;    26.256;    91.208; 
 248;     -.483;    26.230;    91.208; 
 249;     -.494;    26.201;    91.208; 
 250;     -.503;    26.177;    91.208; 
 251;     -.513;    26.150;    91.208; 
 252;     -.520;    26.129;    91.208; 
 253;     -.529;    26.100;    91.208; 
 254;     -.538;    26.074;    91.208; 
 255;     -.543;    26.055;    91.208; 
 256;     -.556;    26.015;    91.208; 
 257;     -.568;    25.981;    91.208; 
 258;     -.577;    25.958;    91.208; 
 259;     -.583;    25.938;    91.208; 
 260;     -.598;    25.895;    91.208; 
 261;     -.613;    25.859;    91.208; 
 262;     -.625;    25.831;    91.208; 
 263;     -.631;    25.814;    91.208; 
 264;     -.638;    25.791;    91.208; 
 265;     -.648;    25.762;    91.208; 
 266;     -.656;    25.737;    91.208; 
 267;     -.665;    25.708;    91.208; 
 268;     -.673;    25.682;    91.208; 
 269;     -.680;    25.656;    91.208; 
 270;     -.687;    25.630;    91.208; 
 271;     -.697;    25.595;    91.208; 
 272;     -.704;    25.569;    91.208; 
 273;     -.712;    25.541;    91.208; 
 274;     -.721;    25.509;    91.208; 
 275;     -.728;    25.484;    91.208; 
 276;     -.741;    25.443;    91.208; 
 277;     -.747;    25.420;    91.208; 
 278;     -.754;    25.394;    91.208; 
 279;     -.761;    25.369;    91.208; 
 280;     -.769;    25.338;    91.208; 
 281;     -.777;    25.309;    91.208; 
 282;     -.785;    25.278;    91.208; 
 283;     -.789;    25.257;    91.208; 
 284;     -.797;    25.224;    91.208; 
 285;     -.802;    25.201;    91.208; 
 286;     -.809;    25.170;    91.208; 
 287;     -.816;    25.139;    91.208; 
 288;     -.820;    25.116;    91.208; 
 289;     -.825;    25.089;    91.208; 
 290;     -.835;    25.048;    91.208; 
 291;     -.841;    25.019;    91.208; 
 292;     -.846;    24.994;    91.208; 
 293;     -.853;    24.964;    91.208; 
 294;     -.858;    24.935;    91.208; 
 295;     -.863;    24.911;    91.208; 
 296;     -.873;    24.868;    91.208; 
 297;     -.888;    24.818;    91.208; 
 298;     -.908;    24.770;    91.208; 
 299;    -1.047;    24.635;    91.208; 
 300;    -1.166;    24.604;    91.208; 
 301;    -1.218;    24.602;    91.208; 
 302;    -1.245;    24.600;    91.208; 
 303;    -1.270;    24.599;    91.208; 
 304;    -1.306;    24.597;    91.208; 
 305;    -1.336;    24.596;    91.208; 
 306;    -1.367;    24.595;    91.208; 
 307;    -1.395;    24.593;    91.208; 
 308;    -1.425;    24.592;    91.208; 
 309;    -1.458;    24.590;    91.208; 
 310;    -1.489;    24.589;    91.208; 
 311;    -1.560;    24.595;    91.208; 
 312;    -1.751;    24.726;    91.208; 
 313;    -1.782;    24.784;    91.208; 
 314;    -1.804;    24.841;    91.208; 
 315;    -1.817;    24.881;    91.208; 
 316;    -1.821;    24.891;    91.208; 
 317;    -1.838;    24.957;    91.208; 
 318;    -1.844;    24.984;    91.208; 
 319;    -1.848;    24.991;    91.208; 
 320;    -1.851;    24.995;    91.208; 
 321;    -1.865;    25.030;    91.208; 
 322;    -1.880;    25.075;    91.208; 
 323;    -1.887;    25.093;    91.208; 
 324;    -1.896;    25.115;    91.208; 
 325;    -1.915;    25.190;    91.208; 
 326;    -1.919;    25.204;    91.208; 
 327;    -1.925;    25.218;    91.208; 
 328;    -1.933;    25.241;    91.208; 
 329;    -1.945;    25.281;    91.208; 
 330;    -1.952;    25.297;    91.208; 
 331;    -1.960;    25.320;    91.208; 
 332;    -1.970;    25.342;    91.208; 
 333;    -1.985;    25.382;    91.208; 
 334;    -1.995;    25.413;    91.208; 
 335;    -2.003;    25.433;    91.208; 
 336;    -2.014;    25.459;    91.208; 
 337;    -2.025;    25.484;    91.208; 
 338;    -2.037;    25.512;    91.208; 
 339;    -2.051;    25.550;    91.208; 
 340;    -2.061;    25.574;    91.208; 
 341;    -2.070;    25.595;    91.208; 
 342;    -2.084;    25.628;    91.208; 
 343;    -2.095;    25.653;    91.208; 
 344;    -2.107;    25.683;    91.208; 
 345;    -2.119;    25.712;    91.208; 
 346;    -2.130;    25.738;    91.208; 
 347;    -2.142;    25.764;    91.208; 
 348;    -2.155;    25.793;    91.208; 
 349;    -2.166;    25.819;    91.208; 
 350;    -2.178;    25.847;    91.208; 
 351;    -2.190;    25.872;    91.208; 
 352;    -2.202;    25.897;    91.208; 
 353;    -2.216;    25.927;    91.208; 
 354;    -2.229;    25.956;    91.208; 
 355;    -2.242;    25.984;    91.208; 
 356;    -2.254;    26.010;    91.208; 
 357;    -2.266;    26.033;    91.208; 
 358;    -2.277;    26.055;    91.208; 
 359;    -2.284;    26.064;    91.208; 
 360;    -2.304;    26.099;    91.208; 
 361;    -2.331;    26.162;    91.208; 
 362;    -2.336;    26.169;    91.208; 
 363;    -2.347;    26.189;    91.208; 
 364;    -2.356;    26.203;    91.208; 
 365;    -2.370;    26.227;    91.208; 
 366;    -2.389;    26.259;    91.208; 
 367;    -2.417;    26.325;    91.208; 
 368;    -2.426;    26.349;    91.208; 
 369;    -2.431;    26.356;    91.208; 
 370;    -2.443;    26.379;    91.208; 
 371;    -2.456;    26.403;    91.208; 
 372;    -2.472;    26.436;    91.208; 
 373;    -2.484;    26.457;    91.208; 
 374;    -2.496;    26.478;    91.208; 
 375;    -2.514;    26.512;    91.208; 
 376;    -2.526;    26.533;    91.208; 
 377;    -2.535;    26.548;    91.208; 
 378;    -2.550;    26.570;    91.208; 
 379;    -2.574;    26.613;    91.208; 
 380;    -2.589;    26.640;    91.208; 
 381;    -2.597;    26.651;    91.208; 
 382;    -2.607;    26.665;    91.208; 
 383;    -2.629;    26.699;    91.208; 
 384;    -2.638;    26.708;    91.208; 
 385;    -2.646;    26.717;    91.208; 
 386;    -2.656;    26.725;    91.208; 
 387;    -2.667;    26.734;    91.208; 
 388;    -2.678;    26.741;    91.208; 
 389;    -2.687;    26.745;    91.208; 
 390;    -2.694;    26.747;    91.208; 
 391;    -2.701;    26.748;    91.208; 
 392;    -2.719;    26.753;    91.208; 
 393;    -2.741;    26.759;    91.208; 
 394;    -2.749;    26.759;    91.208; 
 395;    -2.758;    26.759;    91.208; 
 396;    -2.769;    26.758;    91.208; 
 397;    -2.804;    26.759;    91.208; 
 398;    -2.834;    26.759;    91.208; 
 399;    -2.849;    26.758;    91.208; 
 400;    -2.868;    26.756;    91.208; 
 401;    -2.896;    26.753;    91.208; 
 402;    -2.914;    26.750;    91.208; 
 403;    -2.946;    26.745;    91.208; 
 404;    -2.983;    26.741;    91.208; 
 405;    -3.030;    26.738;    91.208; 
 406;    -3.042;    26.736;    91.208; 
