[A]
   1;     3.239;    26.905;    88.447; 
   2;     3.228;    26.907;    88.447; 
   3;     3.215;    26.909;    88.447; 
   4;     3.208;    26.910;    88.447; 
   5;     3.201;    26.911;    88.447; 
   6;     3.190;    26.912;    88.447; 
   7;     3.181;    26.913;    88.447; 
   8;     3.171;    26.914;    88.447; 
   9;     3.166;    26.915;    88.447; 
  10;     3.156;    26.916;    88.447; 
  11;     3.147;    26.916;    88.447; 
  12;     3.135;    26.918;    88.447; 
  13;     3.123;    26.919;    88.447; 
  14;     3.107;    26.921;    88.447; 
  15;     3.095;    26.922;    88.447; 
  16;     3.086;    26.923;    88.447; 
  17;     3.080;    26.924;    88.447; 
  18;     3.077;    26.924;    88.447; 
  19;     3.071;    26.924;    88.447; 
  20;     3.068;    26.924;    88.447; 
  21;     3.063;    26.924;    88.447; 
  22;     3.053;    26.924;    88.447; 
  23;     3.048;    26.924;    88.447; 
  24;     3.044;    26.924;    88.447; 
  25;     3.037;    26.923;    88.447; 
  26;     3.033;    26.923;    88.447; 
  27;     3.022;    26.922;    88.447; 
  28;     3.008;    26.921;    88.447; 
  29;     2.999;    26.920;    88.447; 
  30;     2.997;    26.920;    88.447; 
  31;     2.992;    26.919;    88.447; 
  32;     2.987;    26.918;    88.447; 
  33;     2.985;    26.918;    88.447; 
  34;     2.982;    26.917;    88.447; 
  35;     2.978;    26.916;    88.447; 
  36;     2.972;    26.914;    88.447; 
  37;     2.969;    26.913;    88.447; 
  38;     2.964;    26.911;    88.447; 
  39;     2.963;    26.910;    88.447; 
  40;     2.960;    26.909;    88.447; 
  41;     2.948;    26.904;    88.447; 
  42;     2.940;    26.901;    88.447; 
  43;     2.936;    26.899;    88.447; 
  44;     2.929;    26.896;    88.447; 
  45;     2.928;    26.896;    88.447; 
  46;     2.927;    26.895;    88.447; 
  47;     2.914;    26.888;    88.447; 
  48;     2.911;    26.886;    88.447; 
  49;     2.909;    26.885;    88.447; 
  50;     2.906;    26.883;    88.447; 
  51;     2.906;    26.882;    88.447; 
  52;     2.902;    26.880;    88.447; 
  53;     2.904;    26.880;    88.447; 
  54;     2.894;    26.873;    88.447; 
  55;     2.886;    26.866;    88.447; 
  56;     2.878;    26.859;    88.447; 
  57;     2.872;    26.855;    88.447; 
  58;     2.872;    26.854;    88.447; 
  59;     2.869;    26.851;    88.447; 
  60;     2.872;    26.853;    88.447; 
  61;     2.869;    26.850;    88.447; 
  62;     2.863;    26.843;    88.447; 
  63;     2.856;    26.835;    88.447; 
  64;     2.849;    26.827;    88.447; 
  65;     2.845;    26.821;    88.447; 
  66;     2.843;    26.819;    88.447; 
  67;     2.840;    26.814;    88.447; 
  68;     2.835;    26.808;    88.447; 
  69;     2.832;    26.804;    88.447; 
  70;     2.826;    26.794;    88.447; 
  71;     2.820;    26.785;    88.447; 
  72;     2.818;    26.782;    88.447; 
  73;     2.816;    26.779;    88.447; 
  74;     2.809;    26.767;    88.447; 
  75;     2.806;    26.761;    88.447; 
  76;     2.804;    26.758;    88.447; 
  77;     2.802;    26.755;    88.447; 
  78;     2.794;    26.740;    88.447; 
  79;     2.784;    26.723;    88.447; 
  80;     2.779;    26.714;    88.447; 
  81;     2.777;    26.711;    88.447; 
  82;     2.771;    26.700;    88.447; 
  83;     2.765;    26.689;    88.447; 
  84;     2.753;    26.671;    88.447; 
  85;     2.748;    26.663;    88.447; 
  86;     2.745;    26.658;    88.447; 
  87;     2.742;    26.654;    88.447; 
  88;     2.741;    26.650;    88.447; 
  89;     2.740;    26.649;    88.447; 
  90;     2.738;    26.643;    88.447; 
  91;     2.735;    26.637;    88.447; 
  92;     2.730;    26.627;    88.447; 
  93;     2.715;    26.600;    88.447; 
  94;     2.703;    26.580;    88.447; 
  95;     2.701;    26.577;    88.447; 
  96;     2.699;    26.572;    88.447; 
  97;     2.692;    26.561;    88.447; 
  98;     2.689;    26.555;    88.447; 
  99;     2.682;    26.542;    88.447; 
 100;     2.675;    26.531;    88.447; 
 101;     2.672;    26.525;    88.447; 
 102;     2.667;    26.517;    88.447; 
 103;     2.662;    26.507;    88.447; 
 104;     2.658;    26.500;    88.447; 
 105;     2.653;    26.492;    88.447; 
 106;     2.650;    26.484;    88.447; 
 107;     2.643;    26.472;    88.447; 
 108;     2.640;    26.467;    88.447; 
 109;     2.636;    26.459;    88.447; 
 110;     2.632;    26.450;    88.447; 
 111;     2.627;    26.440;    88.447; 
 112;     2.622;    26.432;    88.447; 
 113;     2.617;    26.421;    88.447; 
 114;     2.609;    26.407;    88.447; 
 115;     2.607;    26.402;    88.447; 
 116;     2.604;    26.396;    88.447; 
 117;     2.601;    26.390;    88.447; 
 118;     2.594;    26.376;    88.447; 
 119;     2.589;    26.366;    88.447; 
 120;     2.586;    26.360;    88.447; 
 121;     2.581;    26.350;    88.447; 
 122;     2.575;    26.337;    88.447; 
 123;     2.568;    26.323;    88.447; 
 124;     2.558;    26.306;    88.447; 
 125;     2.550;    26.293;    88.447; 
 126;     2.544;    26.284;    88.447; 
 127;     2.543;    26.282;    88.447; 
 128;     2.538;    26.273;    88.447; 
 129;     2.536;    26.270;    88.447; 
 130;     2.531;    26.259;    88.447; 
 131;     2.527;    26.251;    88.447; 
 132;     2.521;    26.241;    88.447; 
 133;     2.519;    26.236;    88.447; 
 134;     2.515;    26.228;    88.447; 
 135;     2.510;    26.219;    88.447; 
 136;     2.502;    26.204;    88.447; 
 137;     2.499;    26.198;    88.447; 
 138;     2.493;    26.187;    88.447; 
 139;     2.493;    26.186;    88.447; 
 140;     2.489;    26.177;    88.447; 
 141;     2.482;    26.163;    88.447; 
 142;     2.477;    26.152;    88.447; 
 143;     2.469;    26.137;    88.447; 
 144;     2.465;    26.131;    88.447; 
 145;     2.460;    26.121;    88.447; 
 146;     2.457;    26.114;    88.447; 
 147;     2.453;    26.107;    88.447; 
 148;     2.450;    26.100;    88.447; 
 149;     2.447;    26.093;    88.447; 
 150;     2.440;    26.080;    88.447; 
 151;     2.436;    26.071;    88.447; 
 152;     2.431;    26.061;    88.447; 
 153;     2.422;    26.044;    88.447; 
 154;     2.420;    26.039;    88.447; 
 155;     2.415;    26.029;    88.447; 
 156;     2.413;    26.026;    88.447; 
 157;     2.407;    26.012;    88.447; 
 158;     2.400;    25.999;    88.447; 
 159;     2.396;    25.991;    88.447; 
 160;     2.391;    25.981;    88.447; 
 161;     2.388;    25.974;    88.447; 
 162;     2.384;    25.967;    88.447; 
 163;     2.379;    25.956;    88.447; 
 164;     2.375;    25.947;    88.447; 
 165;     2.371;    25.938;    88.447; 
 166;     2.368;    25.931;    88.447; 
 167;     2.364;    25.922;    88.447; 
 168;     2.360;    25.913;    88.447; 
 169;     2.352;    25.897;    88.447; 
 170;     2.349;    25.890;    88.447; 
 171;     2.344;    25.881;    88.447; 
 172;     2.341;    25.873;    88.447; 
 173;     2.335;    25.861;    88.447; 
 174;     2.331;    25.852;    88.447; 
 175;     2.328;    25.846;    88.447; 
 176;     2.324;    25.836;    88.447; 
 177;     2.321;    25.830;    88.447; 
 178;     2.316;    25.819;    88.447; 
 179;     2.314;    25.814;    88.447; 
 180;     2.312;    25.808;    88.447; 
 181;     2.306;    25.793;    88.447; 
 182;     2.300;    25.780;    88.447; 
 183;     2.293;    25.765;    88.447; 
 184;     2.290;    25.758;    88.447; 
 185;     2.286;    25.749;    88.447; 
 186;     2.281;    25.739;    88.447; 
 187;     2.277;    25.730;    88.447; 
 188;     2.271;    25.716;    88.447; 
 189;     2.267;    25.707;    88.447; 
 190;     2.262;    25.697;    88.447; 
 191;     2.259;    25.690;    88.447; 
 192;     2.254;    25.679;    88.447; 
 193;     2.251;    25.671;    88.447; 
 194;     2.246;    25.661;    88.447; 
 195;     2.245;    25.658;    88.447; 
 196;     2.241;    25.649;    88.447; 
 197;     2.241;    25.648;    88.447; 
 198;     2.238;    25.638;    88.447; 
 199;     2.229;    25.616;    88.447; 
 200;     2.220;    25.597;    88.447; 
 201;     2.216;    25.589;    88.447; 
 202;     2.213;    25.581;    88.447; 
 203;     2.208;    25.572;    88.447; 
 204;     2.206;    25.566;    88.447; 
 205;     2.203;    25.558;    88.447; 
 206;     2.199;    25.549;    88.447; 
 207;     2.196;    25.542;    88.447; 
 208;     2.192;    25.531;    88.447; 
 209;     2.188;    25.522;    88.447; 
 210;     2.183;    25.510;    88.447; 
 211;     2.180;    25.502;    88.447; 
 212;     2.178;    25.497;    88.447; 
 213;     2.174;    25.485;    88.447; 
 214;     2.172;    25.479;    88.447; 
 215;     2.166;    25.465;    88.447; 
 216;     2.161;    25.453;    88.447; 
 217;     2.155;    25.438;    88.447; 
 218;     2.155;    25.438;    88.447; 
 219;     2.153;    25.432;    88.447; 
 220;     2.154;    25.432;    88.447; 
 221;     2.153;    25.430;    88.447; 
 222;     2.153;    25.428;    88.447; 
 223;     2.151;    25.420;    88.447; 
 224;     2.142;    25.387;    88.447; 
 225;     2.131;    25.359;    88.447; 
 226;     2.123;    25.341;    88.447; 
 227;     2.118;    25.330;    88.447; 
 228;     2.116;    25.326;    88.447; 
 229;     2.111;    25.315;    88.447; 
 230;     2.109;    25.310;    88.447; 
 231;     2.108;    25.307;    88.447; 
 232;     2.108;    25.305;    88.447; 
 233;     2.107;    25.303;    88.447; 
 234;     2.106;    25.298;    88.447; 
 235;     2.102;    25.286;    88.447; 
 236;     2.096;    25.266;    88.447; 
 237;     2.090;    25.249;    88.447; 
 238;     2.082;    25.230;    88.447; 
 239;     2.078;    25.219;    88.447; 
 240;     2.075;    25.213;    88.447; 
 241;     2.075;    25.211;    88.447; 
 242;     2.075;    25.211;    88.447; 
 243;     2.070;    25.196;    88.447; 
 244;     2.063;    25.177;    88.447; 
 245;     2.055;    25.157;    88.447; 
 246;     2.050;    25.146;    88.447; 
 247;     2.050;    25.144;    88.447; 
 248;     2.048;    25.139;    88.447; 
 249;     2.047;    25.135;    88.447; 
 250;     2.046;    25.132;    88.447; 
 251;     2.045;    25.127;    88.447; 
 252;     2.044;    25.124;    88.447; 
 253;     2.044;    25.121;    88.447; 
 254;     2.037;    25.093;    88.447; 
 255;     2.026;    25.063;    88.447; 
 256;     2.021;    25.049;    88.447; 
 257;     2.014;    25.033;    88.447; 
 258;     2.010;    25.024;    88.447; 
 259;     2.003;    25.007;    88.447; 
 260;     2.001;    25.002;    88.447; 
 261;     1.997;    24.993;    88.447; 
 262;     1.994;    24.987;    88.447; 
 263;     1.990;    24.976;    88.447; 
 264;     1.985;    24.964;    88.447; 
 265;     1.975;    24.943;    88.447; 
 266;     1.967;    24.928;    88.447; 
 267;     1.961;    24.917;    88.447; 
 268;     1.899;    24.840;    88.447; 
 269;     1.795;    24.785;    88.447; 
 270;     1.737;    24.774;    88.447; 
 271;     1.686;    24.775;    88.447; 
 272;     1.679;    24.775;    88.447; 
 273;     1.672;    24.775;    88.447; 
 274;     1.662;    24.776;    88.447; 
 275;     1.642;    24.777;    88.447; 
 276;     1.623;    24.779;    88.447; 
 277;     1.608;    24.781;    88.447; 
 278;     1.604;    24.781;    88.447; 
 279;     1.598;    24.782;    88.447; 
 280;     1.591;    24.782;    88.447; 
 281;     1.581;    24.783;    88.447; 
 282;     1.572;    24.784;    88.447; 
 283;     1.560;    24.784;    88.447; 
 284;     1.544;    24.786;    88.447; 
 285;     1.534;    24.787;    88.447; 
 286;     1.526;    24.787;    88.447; 
 287;     1.519;    24.788;    88.447; 
 288;     1.511;    24.788;    88.447; 
 289;     1.499;    24.789;    88.447; 
 290;     1.483;    24.790;    88.447; 
 291;     1.469;    24.792;    88.447; 
 292;     1.457;    24.793;    88.447; 
 293;     1.451;    24.794;    88.447; 
 294;     1.442;    24.794;    88.447; 
 295;     1.430;    24.795;    88.447; 
 296;     1.417;    24.796;    88.447; 
 297;     1.407;    24.797;    88.447; 
 298;     1.396;    24.798;    88.447; 
 299;     1.390;    24.799;    88.447; 
 300;     1.378;    24.800;    88.447; 
 301;     1.369;    24.800;    88.447; 
 302;     1.357;    24.801;    88.447; 
 303;     1.345;    24.802;    88.447; 
 304;     1.323;    24.805;    88.447; 
 305;     1.282;    24.814;    88.447; 
 306;     1.185;    24.865;    88.447; 
 307;     1.109;    24.962;    88.447; 
 308;     1.092;    25.009;    88.447; 
 309;     1.089;    25.022;    88.447; 
 310;     1.084;    25.042;    88.447; 
 311;     1.081;    25.054;    88.447; 
 312;     1.080;    25.060;    88.447; 
 313;     1.077;    25.070;    88.447; 
 314;     1.074;    25.082;    88.447; 
 315;     1.071;    25.096;    88.447; 
 316;     1.069;    25.107;    88.447; 
 317;     1.067;    25.116;    88.447; 
 318;     1.066;    25.118;    88.447; 
 319;     1.066;    25.117;    88.447; 
 320;     1.064;    25.121;    88.447; 
 321;     1.059;    25.139;    88.447; 
 322;     1.050;    25.185;    88.447; 
 323;     1.047;    25.206;    88.447; 
 324;     1.046;    25.212;    88.447; 
 325;     1.045;    25.220;    88.447; 
 326;     1.044;    25.228;    88.447; 
 327;     1.043;    25.236;    88.447; 
 328;     1.042;    25.243;    88.447; 
 329;     1.040;    25.252;    88.447; 
 330;     1.038;    25.264;    88.447; 
 331;     1.036;    25.276;    88.447; 
 332;     1.035;    25.281;    88.447; 
 333;     1.033;    25.292;    88.447; 
 334;     1.031;    25.304;    88.447; 
 335;     1.029;    25.319;    88.447; 
 336;     1.027;    25.329;    88.447; 
 337;     1.026;    25.333;    88.447; 
 338;     1.025;    25.338;    88.447; 
 339;     1.024;    25.345;    88.447; 
 340;     1.022;    25.351;    88.447; 
 341;     1.021;    25.354;    88.447; 
 342;     1.019;    25.361;    88.447; 
 343;     1.017;    25.366;    88.447; 
 344;     1.014;    25.375;    88.447; 
 345;     1.009;    25.396;    88.447; 
 346;     1.006;    25.406;    88.447; 
 347;     1.004;    25.413;    88.447; 
 348;      .998;    25.440;    88.447; 
 349;      .996;    25.451;    88.447; 
 350;      .993;    25.465;    88.447; 
 351;      .992;    25.470;    88.447; 
 352;      .989;    25.487;    88.447; 
 353;      .986;    25.504;    88.447; 
 354;      .984;    25.518;    88.447; 
 355;      .983;    25.526;    88.447; 
 356;      .982;    25.533;    88.447; 
 357;      .981;    25.535;    88.447; 
 358;      .980;    25.542;    88.447; 
 359;      .978;    25.550;    88.447; 
 360;      .976;    25.556;    88.447; 
 361;      .974;    25.565;    88.447; 
 362;      .972;    25.572;    88.447; 
 363;      .970;    25.580;    88.447; 
 364;      .968;    25.586;    88.447; 
 365;      .964;    25.600;    88.447; 
 366;      .960;    25.617;    88.447; 
 367;      .957;    25.632;    88.447; 
 368;      .954;    25.642;    88.447; 
 369;      .953;    25.649;    88.447; 
 370;      .950;    25.659;    88.447; 
 371;      .949;    25.664;    88.447; 
 372;      .947;    25.668;    88.447; 
 373;      .945;    25.675;    88.447; 
 374;      .943;    25.683;    88.447; 
 375;      .938;    25.701;    88.447; 
 376;      .933;    25.720;    88.447; 
 377;      .928;    25.741;    88.447; 
 378;      .928;    25.743;    88.447; 
 379;      .926;    25.752;    88.447; 
 380;      .923;    25.761;    88.447; 
 381;      .922;    25.764;    88.447; 
 382;      .920;    25.773;    88.447; 
 383;      .917;    25.783;    88.447; 
 384;      .915;    25.788;    88.447; 
 385;      .912;    25.799;    88.447; 
 386;      .910;    25.806;    88.447; 
 387;      .904;    25.825;    88.447; 
 388;      .901;    25.836;    88.447; 
 389;      .898;    25.847;    88.447; 
 390;      .895;    25.859;    88.447; 
 391;      .892;    25.870;    88.447; 
 392;      .890;    25.879;    88.447; 
 393;      .888;    25.888;    88.447; 
 394;      .886;    25.895;    88.447; 
 395;      .883;    25.902;    88.447; 
 396;      .880;    25.913;    88.447; 
 397;      .877;    25.922;    88.447; 
 398;      .875;    25.931;    88.447; 
 399;      .872;    25.938;    88.447; 
 400;      .870;    25.945;    88.447; 
 401;      .868;    25.951;    88.447; 
 402;      .865;    25.958;    88.447; 
 403;      .863;    25.965;    88.447; 
 404;      .857;    25.980;    88.447; 
 405;      .848;    26.009;    88.447; 
 406;      .845;    26.018;    88.447; 
 407;      .843;    26.027;    88.447; 
 408;      .841;    26.033;    88.447; 
 409;      .840;    26.036;    88.447; 
 410;      .836;    26.049;    88.447; 
 411;      .831;    26.065;    88.447; 
 412;      .829;    26.072;    88.447; 
 413;      .827;    26.080;    88.447; 
 414;      .823;    26.092;    88.447; 
 415;      .821;    26.100;    88.447; 
 416;      .818;    26.108;    88.447; 
 417;      .816;    26.115;    88.447; 
 418;      .810;    26.133;    88.447; 
 419;      .808;    26.142;    88.447; 
 420;      .805;    26.150;    88.447; 
 421;      .802;    26.158;    88.447; 
 422;      .800;    26.167;    88.447; 
 423;      .799;    26.168;    88.447; 
 424;      .793;    26.184;    88.447; 
 425;      .789;    26.197;    88.447; 
 426;      .784;    26.214;    88.447; 
 427;      .781;    26.226;    88.447; 
 428;      .778;    26.235;    88.447; 
 429;      .775;    26.242;    88.447; 
 430;      .773;    26.251;    88.447; 
 431;      .770;    26.258;    88.447; 
 432;      .769;    26.263;    88.447; 
 433;      .765;    26.273;    88.447; 
 434;      .762;    26.282;    88.447; 
 435;      .759;    26.289;    88.447; 
 436;      .757;    26.294;    88.447; 
 437;      .752;    26.308;    88.447; 
 438;      .747;    26.322;    88.447; 
 439;      .743;    26.332;    88.447; 
 440;      .739;    26.344;    88.447; 
 441;      .735;    26.356;    88.447; 
 442;      .730;    26.370;    88.447; 
 443;      .728;    26.378;    88.447; 
 444;      .724;    26.388;    88.447; 
 445;      .722;    26.394;    88.447; 
 446;      .720;    26.401;    88.447; 
 447;      .718;    26.404;    88.447; 
 448;      .712;    26.419;    88.447; 
 449;      .706;    26.437;    88.447; 
 450;      .704;    26.444;    88.447; 
 451;      .700;    26.454;    88.447; 
 452;      .698;    26.461;    88.447; 
 453;      .693;    26.472;    88.447; 
 454;      .690;    26.482;    88.447; 
 455;      .686;    26.494;    88.447; 
 456;      .683;    26.501;    88.447; 
 457;      .680;    26.509;    88.447; 
 458;      .676;    26.520;    88.447; 
 459;      .674;    26.525;    88.447; 
 460;      .670;    26.534;    88.447; 
 461;      .666;    26.545;    88.447; 
 462;      .663;    26.554;    88.447; 
 463;      .657;    26.568;    88.447; 
 464;      .654;    26.578;    88.447; 
 465;      .650;    26.588;    88.447; 
 466;      .648;    26.590;    88.447; 
 467;      .644;    26.601;    88.447; 
 468;      .636;    26.623;    88.447; 
 469;      .632;    26.635;    88.447; 
 470;      .628;    26.646;    88.447; 
 471;      .628;    26.647;    88.447; 
 472;      .625;    26.654;    88.447; 
 473;      .622;    26.661;    88.447; 
 474;      .621;    26.663;    88.447; 
 475;      .618;    26.669;    88.447; 
 476;      .615;    26.677;    88.447; 
 477;      .613;    26.679;    88.447; 
 478;      .611;    26.683;    88.447; 
 479;      .598;    26.711;    88.447; 
 480;      .583;    26.756;    88.447; 
 481;      .581;    26.762;    88.447; 
 482;      .579;    26.766;    88.447; 
 483;      .579;    26.768;    88.447; 
 484;      .576;    26.774;    88.447; 
 485;      .573;    26.781;    88.447; 
 486;      .567;    26.798;    88.447; 
 487;      .563;    26.810;    88.447; 
 488;      .559;    26.823;    88.447; 
 489;      .555;    26.835;    88.447; 
 490;      .552;    26.844;    88.447; 
 491;      .549;    26.852;    88.447; 
 492;      .547;    26.859;    88.447; 
 493;      .546;    26.862;    88.447; 
 494;      .543;    26.869;    88.447; 
 495;      .540;    26.875;    88.447; 
 496;      .537;    26.881;    88.447; 
 497;      .535;    26.887;    88.447; 
 498;      .532;    26.893;    88.447; 
 499;      .527;    26.901;    88.447; 
 500;      .521;    26.915;    88.447; 
 501;      .515;    26.927;    88.447; 
 502;      .512;    26.934;    88.447; 
 503;      .508;    26.944;    88.447; 
 504;      .507;    26.945;    88.447; 
 505;      .506;    26.947;    88.447; 
 506;      .505;    26.948;    88.447; 
 507;      .500;    26.955;    88.447; 
 508;      .495;    26.964;    88.447; 
 509;      .493;    26.967;    88.447; 
 510;      .490;    26.971;    88.447; 
 511;      .486;    26.976;    88.447; 
 512;      .486;    26.977;    88.447; 
 513;      .482;    26.980;    88.447; 
 514;      .479;    26.984;    88.447; 
 515;      .467;    26.999;    88.447; 
 516;      .446;    27.029;    88.447; 
 517;      .443;    27.034;    88.447; 
 518;      .443;    27.034;    88.447; 
 519;      .442;    27.034;    88.447; 
 520;      .439;    27.037;    88.447; 
 521;      .437;    27.039;    88.447; 
 522;      .434;    27.043;    88.447; 
 523;      .431;    27.046;    88.447; 
 524;      .431;    27.045;    88.447; 
 525;      .427;    27.048;    88.447; 
 526;      .422;    27.053;    88.447; 
 527;      .404;    27.068;    88.447; 
 528;      .395;    27.077;    88.447; 
 529;      .388;    27.083;    88.447; 
 530;      .381;    27.090;    88.447; 
 531;      .379;    27.091;    88.447; 
 532;      .376;    27.093;    88.447; 
 533;      .372;    27.096;    88.447; 
 534;      .372;    27.096;    88.447; 
 535;      .369;    27.098;    88.447; 
 536;      .369;    27.097;    88.447; 
 537;      .367;    27.098;    88.447; 
 538;      .366;    27.098;    88.447; 
 539;      .366;    27.098;    88.447; 
 540;      .363;    27.099;    88.447; 
 541;      .364;    27.098;    88.447; 
 542;      .361;    27.099;    88.447; 
 543;      .355;    27.101;    88.447; 
 544;      .346;    27.102;    88.447; 
 545;      .338;    27.104;    88.447; 
 546;      .327;    27.107;    88.447; 
 547;      .324;    27.107;    88.447; 
 548;      .321;    27.107;    88.447; 
 549;      .317;    27.108;    88.447; 
 550;      .312;    27.108;    88.447; 
 551;      .309;    27.108;    88.447; 
 552;      .305;    27.108;    88.447; 
 553;      .298;    27.108;    88.447; 
 554;      .292;    27.108;    88.447; 
 555;      .281;    27.108;    88.447; 
 556;      .270;    27.108;    88.447; 
 557;      .253;    27.108;    88.447; 
 558;      .240;    27.108;    88.447; 
 559;      .232;    27.108;    88.447; 
 560;      .221;    27.109;    88.447; 
 561;      .214;    27.109;    88.447; 
 562;      .209;    27.109;    88.447; 
 563;      .195;    27.109;    88.447; 
 564;      .186;    27.109;    88.447; 
 565;      .178;    27.108;    88.447; 
 566;      .171;    27.108;    88.447; 
 567;      .159;    27.108;    88.447; 
 568;      .139;    27.108;    88.447; 
 569;      .132;    27.108;    88.447; 
 570;      .125;    27.108;    88.447; 
 571;      .113;    27.108;    88.447; 
 572;      .094;    27.109;    88.447; 
 573;      .086;    27.109;    88.447; 
 574;      .076;    27.109;    88.447; 
 575;      .063;    27.109;    88.447; 
 576;      .052;    27.110;    88.447; 
 577;      .045;    27.110;    88.447; 
 578;      .036;    27.110;    88.447; 
 579;      .026;    27.110;    88.447; 
 580;      .016;    27.110;    88.447; 
 581;      .003;    27.110;    88.447; 
 582;     -.008;    27.111;    88.447; 
 583;     -.018;    27.111;    88.447; 
 584;     -.031;    27.111;    88.447; 
 585;     -.037;    27.111;    88.447; 
 586;     -.047;    27.111;    88.447; 
 587;     -.058;    27.111;    88.447; 
 588;     -.066;    27.111;    88.447; 
 589;     -.076;    27.111;    88.447; 
 590;     -.083;    27.111;    88.447; 
 591;     -.096;    27.111;    88.447; 
 592;     -.108;    27.111;    88.447; 
 593;     -.121;    27.111;    88.447; 
 594;     -.132;    27.111;    88.447; 
 595;     -.145;    27.112;    88.447; 
 596;     -.156;    27.112;    88.447; 
 597;     -.167;    27.112;    88.447; 
 598;     -.173;    27.112;    88.447; 
 599;     -.185;    27.112;    88.447; 
 600;     -.198;    27.112;    88.447; 
 601;     -.209;    27.113;    88.447; 
 602;     -.216;    27.113;    88.447; 
 603;     -.220;    27.112;    88.447; 
 604;     -.226;    27.112;    88.447; 
 605;     -.227;    27.112;    88.447; 
 606;     -.232;    27.111;    88.447; 
 607;     -.233;    27.111;    88.447; 
 608;     -.238;    27.110;    88.447; 
 609;     -.243;    27.109;    88.447; 
 610;     -.249;    27.108;    88.447; 
 611;     -.253;    27.107;    88.447; 
 612;     -.263;    27.105;    88.447; 
 613;     -.273;    27.102;    88.447; 
 614;     -.284;    27.100;    88.447; 
 615;     -.290;    27.098;    88.447; 
 616;     -.295;    27.097;    88.447; 
 617;     -.300;    27.095;    88.447; 
 618;     -.302;    27.094;    88.447; 
 619;     -.305;    27.093;    88.447; 
 620;     -.308;    27.092;    88.447; 
 621;     -.310;    27.091;    88.447; 
 622;     -.314;    27.089;    88.447; 
 623;     -.315;    27.088;    88.447; 
 624;     -.321;    27.085;    88.447; 
 625;     -.321;    27.084;    88.447; 
 626;     -.327;    27.081;    88.447; 
 627;     -.329;    27.079;    88.447; 
 628;     -.332;    27.077;    88.447; 
 629;     -.336;    27.074;    88.447; 
 630;     -.338;    27.072;    88.447; 
 631;     -.342;    27.068;    88.447; 
 632;     -.346;    27.065;    88.447; 
 633;     -.349;    27.062;    88.447; 
 634;     -.354;    27.057;    88.447; 
 635;     -.357;    27.054;    88.447; 
 636;     -.359;    27.052;    88.447; 
 637;     -.367;    27.043;    88.447; 
 638;     -.370;    27.039;    88.447; 
 639;     -.377;    27.031;    88.447; 
 640;     -.378;    27.030;    88.447; 
 641;     -.381;    27.026;    88.447; 
 642;     -.383;    27.023;    88.447; 
 643;     -.385;    27.020;    88.447; 
 644;     -.389;    27.014;    88.447; 
 645;     -.390;    27.011;    88.447; 
 646;     -.395;    27.003;    88.447; 
 647;     -.398;    26.997;    88.447; 
 648;     -.401;    26.992;    88.447; 
 649;     -.405;    26.984;    88.447; 
 650;     -.408;    26.978;    88.447; 
 651;     -.413;    26.967;    88.447; 
 652;     -.416;    26.960;    88.447; 
 653;     -.419;    26.954;    88.447; 
 654;     -.423;    26.945;    88.447; 
 655;     -.427;    26.936;    88.447; 
 656;     -.430;    26.928;    88.447; 
 657;     -.434;    26.919;    88.447; 
 658;     -.438;    26.911;    88.447; 
 659;     -.440;    26.906;    88.447; 
 660;     -.443;    26.897;    88.447; 
 661;     -.448;    26.884;    88.447; 
 662;     -.452;    26.873;    88.447; 
 663;     -.457;    26.863;    88.447; 
 664;     -.462;    26.851;    88.447; 
 665;     -.465;    26.842;    88.447; 
 666;     -.469;    26.833;    88.447; 
 667;     -.473;    26.824;    88.447; 
 668;     -.477;    26.815;    88.447; 
 669;     -.480;    26.806;    88.447; 
 670;     -.484;    26.797;    88.447; 
 671;     -.487;    26.790;    88.447; 
 672;     -.490;    26.780;    88.447; 
 673;     -.494;    26.770;    88.447; 
 674;     -.498;    26.759;    88.447; 
 675;     -.504;    26.746;    88.447; 
 676;     -.509;    26.734;    88.447; 
 677;     -.513;    26.724;    88.447; 
 678;     -.519;    26.712;    88.447; 
 679;     -.524;    26.701;    88.447; 
 680;     -.528;    26.691;    88.447; 
 681;     -.531;    26.684;    88.447; 
 682;     -.531;    26.683;    88.447; 
 683;     -.533;    26.677;    88.447; 
 684;     -.536;    26.669;    88.447; 
 685;     -.538;    26.662;    88.447; 
 686;     -.541;    26.653;    88.447; 
 687;     -.544;    26.645;    88.447; 
 688;     -.550;    26.630;    88.447; 
 689;     -.550;    26.627;    88.447; 
 690;     -.553;    26.618;    88.447; 
 691;     -.555;    26.612;    88.447; 
 692;     -.558;    26.600;    88.447; 
 693;     -.568;    26.572;    88.447; 
 694;     -.577;    26.553;    88.447; 
 695;     -.587;    26.532;    88.447; 
 696;     -.588;    26.528;    88.447; 
 697;     -.591;    26.523;    88.447; 
 698;     -.593;    26.517;    88.447; 
 699;     -.593;    26.516;    88.447; 
 700;     -.596;    26.509;    88.447; 
 701;     -.601;    26.495;    88.447; 
 702;     -.603;    26.488;    88.447; 
 703;     -.607;    26.477;    88.447; 
 704;     -.617;    26.455;    88.447; 
 705;     -.622;    26.443;    88.447; 
 706;     -.627;    26.432;    88.447; 
 707;     -.629;    26.428;    88.447; 
 708;     -.629;    26.427;    88.447; 
 709;     -.631;    26.421;    88.447; 
 710;     -.635;    26.410;    88.447; 
 711;     -.639;    26.400;    88.447; 
 712;     -.641;    26.393;    88.447; 
 713;     -.645;    26.383;    88.447; 
 714;     -.648;    26.374;    88.447; 
 715;     -.653;    26.361;    88.447; 
 716;     -.656;    26.353;    88.447; 
 717;     -.663;    26.334;    88.447; 
 718;     -.667;    26.325;    88.447; 
 719;     -.670;    26.315;    88.447; 
 720;     -.673;    26.309;    88.447; 
 721;     -.677;    26.299;    88.447; 
 722;     -.680;    26.290;    88.447; 
 723;     -.684;    26.279;    88.447; 
 724;     -.687;    26.273;    88.447; 
 725;     -.690;    26.264;    88.447; 
 726;     -.692;    26.257;    88.447; 
 727;     -.697;    26.244;    88.447; 
 728;     -.700;    26.234;    88.447; 
 729;     -.702;    26.229;    88.447; 
 730;     -.704;    26.222;    88.447; 
 731;     -.707;    26.212;    88.447; 
 732;     -.711;    26.201;    88.447; 
 733;     -.717;    26.185;    88.447; 
 734;     -.720;    26.177;    88.447; 
 735;     -.723;    26.169;    88.447; 
 736;     -.726;    26.159;    88.447; 
 737;     -.730;    26.148;    88.447; 
 738;     -.734;    26.138;    88.447; 
 739;     -.737;    26.128;    88.447; 
 740;     -.739;    26.122;    88.447; 
 741;     -.742;    26.112;    88.447; 
 742;     -.745;    26.103;    88.447; 
 743;     -.747;    26.096;    88.447; 
 744;     -.748;    26.093;    88.447; 
 745;     -.749;    26.088;    88.447; 
 746;     -.752;    26.077;    88.447; 
 747;     -.753;    26.073;    88.447; 
 748;     -.756;    26.062;    88.447; 
 749;     -.759;    26.049;    88.447; 
 750;     -.769;    26.018;    88.447; 
 751;     -.774;    26.003;    88.447; 
 752;     -.780;    25.988;    88.447; 
 753;     -.786;    25.974;    88.447; 
 754;     -.789;    25.967;    88.447; 
 755;     -.791;    25.961;    88.447; 
 756;     -.794;    25.954;    88.447; 
 757;     -.798;    25.944;    88.447; 
 758;     -.798;    25.943;    88.447; 
 759;     -.799;    25.939;    88.447; 
 760;     -.802;    25.928;    88.447; 
 761;     -.807;    25.912;    88.447; 
 762;     -.811;    25.902;    88.447; 
 763;     -.816;    25.887;    88.447; 
 764;     -.818;    25.882;    88.447; 
 765;     -.820;    25.875;    88.447; 
 766;     -.822;    25.867;    88.447; 
 767;     -.825;    25.858;    88.447; 
 768;     -.829;    25.846;    88.447; 
 769;     -.829;    25.846;    88.447; 
 770;     -.829;    25.846;    88.447; 
 771;     -.830;    25.841;    88.447; 
 772;     -.832;    25.829;    88.447; 
 773;     -.839;    25.804;    88.447; 
 774;     -.847;    25.779;    88.447; 
 775;     -.851;    25.769;    88.447; 
 776;     -.853;    25.760;    88.447; 
 777;     -.854;    25.759;    88.447; 
 778;     -.855;    25.752;    88.447; 
 779;     -.856;    25.748;    88.447; 
 780;     -.859;    25.738;    88.447; 
 781;     -.862;    25.725;    88.447; 
 782;     -.866;    25.711;    88.447; 
 783;     -.869;    25.702;    88.447; 
 784;     -.871;    25.694;    88.447; 
 785;     -.872;    25.689;    88.447; 
 786;     -.873;    25.685;    88.447; 
 787;     -.875;    25.675;    88.447; 
 788;     -.875;    25.673;    88.447; 
 789;     -.877;    25.659;    88.447; 
 790;     -.882;    25.639;    88.447; 
 791;     -.884;    25.630;    88.447; 
 792;     -.887;    25.619;    88.447; 
 793;     -.892;    25.601;    88.447; 
 794;     -.901;    25.573;    88.447; 
 795;     -.908;    25.554;    88.447; 
 796;     -.911;    25.547;    88.447; 
 797;     -.913;    25.543;    88.447; 
 798;     -.915;    25.537;    88.447; 
 799;     -.916;    25.532;    88.447; 
 800;     -.917;    25.529;    88.447; 
 801;     -.919;    25.521;    88.447; 
 802;     -.920;    25.519;    88.447; 
 803;     -.922;    25.508;    88.447; 
 804;     -.924;    25.502;    88.447; 
 805;     -.925;    25.494;    88.447; 
 806;     -.926;    25.491;    88.447; 
 807;     -.926;    25.488;    88.447; 
 808;     -.930;    25.468;    88.447; 
 809;     -.936;    25.441;    88.447; 
 810;     -.942;    25.422;    88.447; 
 811;     -.943;    25.418;    88.447; 
 812;     -.943;    25.418;    88.447; 
 813;     -.943;    25.416;    88.447; 
 814;     -.943;    25.413;    88.447; 
 815;     -.943;    25.414;    88.447; 
 816;     -.943;    25.412;    88.447; 
 817;     -.943;    25.408;    88.447; 
 818;     -.943;    25.406;    88.447; 
 819;     -.943;    25.406;    88.447; 
 820;     -.944;    25.377;    88.447; 
 821;     -.950;    25.333;    88.447; 
 822;     -.953;    25.318;    88.447; 
 823;     -.961;    25.289;    88.447; 
 824;     -.973;    25.257;    88.447; 
 825;     -.978;    25.247;    88.447; 
 826;     -.981;    25.238;    88.447; 
 827;     -.983;    25.234;    88.447; 
 828;     -.985;    25.228;    88.447; 
 829;     -.987;    25.223;    88.447; 
 830;     -.988;    25.219;    88.447; 
 831;     -.988;    25.217;    88.447; 
 832;     -.989;    25.214;    88.447; 
 833;     -.989;    25.211;    88.447; 
 834;     -.989;    25.208;    88.447; 
 835;     -.989;    25.207;    88.447; 
 836;     -.990;    25.203;    88.447; 
 837;     -.990;    25.194;    88.447; 
 838;     -.992;    25.182;    88.447; 
 839;     -.993;    25.170;    88.447; 
 840;     -.994;    25.160;    88.447; 
 841;     -.995;    25.147;    88.447; 
 842;     -.996;    25.137;    88.447; 
 843;     -.999;    25.114;    88.447; 
 844;    -1.008;    25.076;    88.447; 
 845;    -1.020;    25.043;    88.447; 
 846;    -1.031;    25.017;    88.447; 
 847;    -1.035;    25.008;    88.447; 
 848;    -1.039;    25.001;    88.447; 
 849;    -1.043;    24.991;    88.447; 
 850;    -1.046;    24.985;    88.447; 
 851;    -1.050;    24.976;    88.447; 
 852;    -1.059;    24.957;    88.447; 
 853;    -1.122;    24.875;    88.447; 
 854;    -1.188;    24.832;    88.447; 
 855;    -1.273;    24.807;    88.447; 
 856;    -1.332;    24.805;    88.447; 
 857;    -1.335;    24.805;    88.447; 
 858;    -1.338;    24.805;    88.447; 
 859;    -1.342;    24.804;    88.447; 
 860;    -1.344;    24.804;    88.447; 
 861;    -1.345;    24.804;    88.447; 
 862;    -1.349;    24.803;    88.447; 
 863;    -1.361;    24.802;    88.447; 
 864;    -1.383;    24.799;    88.447; 
 865;    -1.412;    24.798;    88.447; 
 866;    -1.425;    24.798;    88.447; 
 867;    -1.434;    24.798;    88.447; 
 868;    -1.443;    24.798;    88.447; 
 869;    -1.450;    24.798;    88.447; 
 870;    -1.455;    24.798;    88.447; 
 871;    -1.459;    24.797;    88.447; 
 872;    -1.465;    24.797;    88.447; 
 873;    -1.474;    24.796;    88.447; 
 874;    -1.482;    24.795;    88.447; 
 875;    -1.492;    24.794;    88.447; 
 876;    -1.508;    24.792;    88.447; 
 877;    -1.529;    24.791;    88.447; 
 878;    -1.543;    24.791;    88.447; 
 879;    -1.565;    24.791;    88.447; 
 880;    -1.579;    24.791;    88.447; 
 881;    -1.586;    24.792;    88.447; 
 882;    -1.592;    24.791;    88.447; 
 883;    -1.595;    24.791;    88.447; 
 884;    -1.600;    24.791;    88.447; 
 885;    -1.605;    24.791;    88.447; 
 886;    -1.608;    24.790;    88.447; 
 887;    -1.610;    24.790;    88.447; 
 888;    -1.622;    24.788;    88.447; 
 889;    -1.713;    24.793;    88.447; 
 890;    -1.751;    24.804;    88.447; 
 891;    -1.809;    24.831;    88.447; 
 892;    -1.895;    24.915;    88.447; 
 893;    -1.919;    24.959;    88.447; 
 894;    -1.926;    24.976;    88.447; 
 895;    -1.928;    24.981;    88.447; 
 896;    -1.934;    24.994;    88.447; 
 897;    -1.941;    25.013;    88.447; 
 898;    -1.946;    25.026;    88.447; 
 899;    -1.952;    25.043;    88.447; 
 900;    -1.955;    25.054;    88.447; 
 901;    -1.956;    25.057;    88.447; 
 902;    -1.959;    25.063;    88.447; 
 903;    -1.966;    25.084;    88.447; 
 904;    -1.971;    25.102;    88.447; 
 905;    -1.975;    25.118;    88.447; 
 906;    -1.977;    25.123;    88.447; 
 907;    -1.979;    25.131;    88.447; 
 908;    -1.982;    25.139;    88.447; 
 909;    -1.983;    25.144;    88.447; 
 910;    -1.985;    25.148;    88.447; 
 911;    -1.987;    25.152;    88.447; 
 912;    -1.989;    25.159;    88.447; 
 913;    -1.992;    25.165;    88.447; 
 914;    -1.995;    25.172;    88.447; 
 915;    -2.002;    25.188;    88.447; 
 916;    -2.004;    25.195;    88.447; 
 917;    -2.007;    25.202;    88.447; 
 918;    -2.008;    25.203;    88.447; 
 919;    -2.012;    25.211;    88.447; 
 920;    -2.026;    25.245;    88.447; 
 921;    -2.035;    25.278;    88.447; 
 922;    -2.037;    25.286;    88.447; 
 923;    -2.038;    25.289;    88.447; 
 924;    -2.040;    25.294;    88.447; 
 925;    -2.041;    25.296;    88.447; 
 926;    -2.048;    25.318;    88.447; 
 927;    -2.053;    25.337;    88.447; 
 928;    -2.057;    25.358;    88.447; 
 929;    -2.059;    25.366;    88.447; 
 930;    -2.059;    25.367;    88.447; 
 931;    -2.060;    25.370;    88.447; 
 932;    -2.061;    25.372;    88.447; 
 933;    -2.064;    25.379;    88.447; 
 934;    -2.067;    25.388;    88.447; 
 935;    -2.071;    25.399;    88.447; 
 936;    -2.073;    25.405;    88.447; 
 937;    -2.076;    25.414;    88.447; 
 938;    -2.079;    25.423;    88.447; 
 939;    -2.084;    25.435;    88.447; 
 940;    -2.089;    25.450;    88.447; 
 941;    -2.092;    25.458;    88.447; 
 942;    -2.094;    25.464;    88.447; 
 943;    -2.098;    25.474;    88.447; 
 944;    -2.100;    25.480;    88.447; 
 945;    -2.104;    25.490;    88.447; 
 946;    -2.107;    25.497;    88.447; 
 947;    -2.111;    25.506;    88.447; 
 948;    -2.117;    25.523;    88.447; 
 949;    -2.120;    25.531;    88.447; 
 950;    -2.124;    25.542;    88.447; 
 951;    -2.127;    25.548;    88.447; 
 952;    -2.128;    25.551;    88.447; 
 953;    -2.131;    25.558;    88.447; 
 954;    -2.138;    25.574;    88.447; 
 955;    -2.141;    25.581;    88.447; 
 956;    -2.144;    25.588;    88.447; 
 957;    -2.151;    25.604;    88.447; 
 958;    -2.156;    25.617;    88.447; 
 959;    -2.162;    25.634;    88.447; 
 960;    -2.165;    25.641;    88.447; 
 961;    -2.166;    25.643;    88.447; 
 962;    -2.168;    25.650;    88.447; 
 963;    -2.172;    25.657;    88.447; 
 964;    -2.177;    25.671;    88.447; 
 965;    -2.183;    25.685;    88.447; 
 966;    -2.188;    25.699;    88.447; 
 967;    -2.190;    25.704;    88.447; 
 968;    -2.193;    25.711;    88.447; 
 969;    -2.196;    25.717;    88.447; 
 970;    -2.200;    25.727;    88.447; 
 971;    -2.205;    25.738;    88.447; 
 972;    -2.208;    25.746;    88.447; 
 973;    -2.215;    25.764;    88.447; 
 974;    -2.218;    25.771;    88.447; 
 975;    -2.223;    25.783;    88.447; 
 976;    -2.227;    25.792;    88.447; 
 977;    -2.229;    25.796;    88.447; 
 978;    -2.231;    25.801;    88.447; 
 979;    -2.237;    25.816;    88.447; 
 980;    -2.243;    25.830;    88.447; 
 981;    -2.247;    25.840;    88.447; 
 982;    -2.250;    25.846;    88.447; 
 983;    -2.253;    25.852;    88.447; 
 984;    -2.257;    25.862;    88.447; 
 985;    -2.262;    25.873;    88.447; 
 986;    -2.267;    25.885;    88.447; 
 987;    -2.269;    25.890;    88.447; 
 988;    -2.275;    25.902;    88.447; 
 989;    -2.280;    25.915;    88.447; 
 990;    -2.284;    25.924;    88.447; 
 991;    -2.288;    25.933;    88.447; 
 992;    -2.292;    25.942;    88.447; 
 993;    -2.296;    25.950;    88.447; 
 994;    -2.298;    25.955;    88.447; 
 995;    -2.303;    25.966;    88.447; 
 996;    -2.308;    25.976;    88.447; 
 997;    -2.313;    25.988;    88.447; 
 998;    -2.316;    25.994;    88.447; 
 999;    -2.320;    26.004;    88.447; 
1000;    -2.324;    26.012;    88.447; 
1001;    -2.329;    26.023;    88.447; 
1002;    -2.333;    26.030;    88.447; 
1003;    -2.337;    26.039;    88.447; 
1004;    -2.342;    26.049;    88.447; 
1005;    -2.346;    26.058;    88.447; 
1006;    -2.352;    26.071;    88.447; 
1007;    -2.355;    26.078;    88.447; 
1008;    -2.358;    26.084;    88.447; 
1009;    -2.363;    26.093;    88.447; 
1010;    -2.371;    26.111;    88.447; 
1011;    -2.377;    26.124;    88.447; 
1012;    -2.380;    26.131;    88.447; 
1013;    -2.381;    26.132;    88.447; 
1014;    -2.381;    26.131;    88.447; 
1015;    -2.385;    26.139;    88.447; 
1016;    -2.396;    26.160;    88.447; 
1017;    -2.407;    26.185;    88.447; 
1018;    -2.412;    26.196;    88.447; 
1019;    -2.414;    26.202;    88.447; 
1020;    -2.416;    26.206;    88.447; 
1021;    -2.421;    26.216;    88.447; 
1022;    -2.426;    26.227;    88.447; 
1023;    -2.431;    26.238;    88.447; 
1024;    -2.433;    26.242;    88.447; 
1025;    -2.438;    26.252;    88.447; 
1026;    -2.440;    26.257;    88.447; 
1027;    -2.443;    26.263;    88.447; 
1028;    -2.445;    26.265;    88.447; 
1029;    -2.449;    26.272;    88.447; 
1030;    -2.453;    26.280;    88.447; 
1031;    -2.461;    26.293;    88.447; 
1032;    -2.471;    26.311;    88.447; 
1033;    -2.481;    26.333;    88.447; 
1034;    -2.485;    26.342;    88.447; 
1035;    -2.486;    26.346;    88.447; 
1036;    -2.488;    26.348;    88.447; 
1037;    -2.489;    26.349;    88.447; 
1038;    -2.489;    26.349;    88.447; 
1039;    -2.493;    26.356;    88.447; 
1040;    -2.504;    26.373;    88.447; 
1041;    -2.523;    26.413;    88.447; 
1042;    -2.528;    26.426;    88.447; 
1043;    -2.531;    26.432;    88.447; 
1044;    -2.533;    26.437;    88.447; 
1045;    -2.535;    26.441;    88.447; 
1046;    -2.539;    26.449;    88.447; 
1047;    -2.543;    26.457;    88.447; 
1048;    -2.546;    26.463;    88.447; 
1049;    -2.549;    26.468;    88.447; 
1050;    -2.554;    26.477;    88.447; 
1051;    -2.556;    26.482;    88.447; 
1052;    -2.563;    26.493;    88.447; 
1053;    -2.568;    26.502;    88.447; 
1054;    -2.571;    26.507;    88.447; 
1055;    -2.574;    26.513;    88.447; 
1056;    -2.588;    26.539;    88.447; 
1057;    -2.597;    26.559;    88.447; 
1058;    -2.602;    26.570;    88.447; 
1059;    -2.604;    26.574;    88.447; 
1060;    -2.604;    26.574;    88.447; 
1061;    -2.606;    26.577;    88.447; 
1062;    -2.611;    26.586;    88.447; 
1063;    -2.616;    26.595;    88.447; 
1064;    -2.625;    26.613;    88.447; 
1065;    -2.626;    26.614;    88.447; 
1066;    -2.630;    26.621;    88.447; 
1067;    -2.632;    26.624;    88.447; 
1068;    -2.637;    26.632;    88.447; 
1069;    -2.642;    26.640;    88.447; 
1070;    -2.646;    26.646;    88.447; 
1071;    -2.653;    26.658;    88.447; 
1072;    -2.666;    26.682;    88.447; 
1073;    -2.677;    26.705;    88.447; 
1074;    -2.680;    26.710;    88.447; 
1075;    -2.684;    26.720;    88.447; 
1076;    -2.686;    26.724;    88.447; 
1077;    -2.687;    26.724;    88.447; 
1078;    -2.689;    26.728;    88.447; 
1079;    -2.690;    26.729;    88.447; 
1080;    -2.691;    26.731;    88.447; 
1081;    -2.697;    26.740;    88.447; 
1082;    -2.709;    26.758;    88.447; 
1083;    -2.716;    26.769;    88.447; 
1084;    -2.720;    26.776;    88.447; 
1085;    -2.725;    26.783;    88.447; 
1086;    -2.739;    26.808;    88.447; 
1087;    -2.746;    26.822;    88.447; 
1088;    -2.749;    26.829;    88.447; 
1089;    -2.753;    26.835;    88.447; 
1090;    -2.756;    26.842;    88.447; 
1091;    -2.760;    26.849;    88.447; 
1092;    -2.763;    26.853;    88.447; 
1093;    -2.764;    26.855;    88.447; 
1094;    -2.766;    26.858;    88.447; 
1095;    -2.768;    26.860;    88.447; 
1096;    -2.768;    26.860;    88.447; 
1097;    -2.773;    26.866;    88.447; 
1098;    -2.774;    26.867;    88.447; 
1099;    -2.779;    26.872;    88.447; 
1100;    -2.782;    26.875;    88.447; 
1101;    -2.787;    26.879;    88.447; 
1102;    -2.790;    26.883;    88.447; 
1103;    -2.792;    26.885;    88.447; 
1104;    -2.794;    26.886;    88.447; 
1105;    -2.798;    26.889;    88.447; 
1106;    -2.808;    26.897;    88.447; 
1107;    -2.822;    26.909;    88.447; 
1108;    -2.823;    26.910;    88.447; 
1109;    -2.831;    26.916;    88.447; 
1110;    -2.836;    26.920;    88.447; 
1111;    -2.835;    26.919;    88.447; 
1112;    -2.843;    26.924;    88.447; 
1113;    -2.845;    26.925;    88.447; 
1114;    -2.852;    26.929;    88.447; 
1115;    -2.852;    26.929;    88.447; 
1116;    -2.857;    26.932;    88.447; 
1117;    -2.866;    26.936;    88.447; 
1118;    -2.865;    26.935;    88.447; 
1119;    -2.870;    26.938;    88.447; 
1120;    -2.869;    26.937;    88.447; 
1121;    -2.871;    26.937;    88.447; 
1122;    -2.873;    26.938;    88.447; 
1123;    -2.876;    26.939;    88.447; 
1124;    -2.880;    26.939;    88.447; 
1125;    -2.882;    26.940;    88.447; 
1126;    -2.887;    26.940;    88.447; 
1127;    -2.891;    26.941;    88.447; 
1128;    -2.894;    26.941;    88.447; 
1129;    -2.899;    26.941;    88.447; 
1130;    -2.903;    26.942;    88.447; 
1131;    -2.908;    26.942;    88.447; 
1132;    -2.914;    26.942;    88.447; 
1133;    -2.924;    26.942;    88.447; 
1134;    -2.934;    26.942;    88.447; 
1135;    -2.939;    26.942;    88.447; 
1136;    -2.941;    26.941;    88.447; 
1137;    -2.949;    26.941;    88.447; 
1138;    -2.976;    26.941;    88.447; 
1139;    -2.996;    26.941;    88.447; 
1140;    -3.003;    26.942;    88.447; 
1141;    -3.006;    26.942;    88.447; 
1142;    -3.009;    26.941;    88.447; 
1143;    -3.016;    26.941;    88.447; 
1144;    -3.027;    26.941;    88.447; 
1145;    -3.042;    26.941;    88.447; 
