[A]
   1;     3.147;    26.780;    88.496; 
   2;     3.117;    26.784;    88.496; 
   3;     3.085;    26.788;    88.496; 
   4;     3.055;    26.791;    88.496; 
   5;     3.029;    26.794;    88.496; 
   6;     2.992;    26.798;    88.496; 
   7;     2.973;    26.800;    88.496; 
   8;     2.960;    26.799;    88.496; 
   9;     2.941;    26.798;    88.496; 
  10;     2.928;    26.796;    88.496; 
  11;     2.916;    26.793;    88.496; 
  12;     2.906;    26.790;    88.496; 
  13;     2.887;    26.783;    88.496; 
  14;     2.863;    26.775;    88.496; 
  15;     2.843;    26.767;    88.496; 
  16;     2.838;    26.763;    88.496; 
  17;     2.831;    26.758;    88.496; 
  18;     2.824;    26.751;    88.496; 
  19;     2.814;    26.743;    88.496; 
  20;     2.802;    26.730;    88.496; 
  21;     2.791;    26.718;    88.496; 
  22;     2.784;    26.707;    88.496; 
  23;     2.775;    26.694;    88.496; 
  24;     2.767;    26.680;    88.496; 
  25;     2.754;    26.658;    88.496; 
  26;     2.739;    26.631;    88.496; 
  27;     2.726;    26.608;    88.496; 
  28;     2.711;    26.580;    88.496; 
  29;     2.696;    26.553;    88.496; 
  30;     2.680;    26.526;    88.496; 
  31;     2.665;    26.498;    88.496; 
  32;     2.651;    26.472;    88.496; 
  33;     2.636;    26.446;    88.496; 
  34;     2.622;    26.420;    88.496; 
  35;     2.609;    26.395;    88.496; 
  36;     2.594;    26.368;    88.496; 
  37;     2.578;    26.339;    88.496; 
  38;     2.564;    26.313;    88.496; 
  39;     2.551;    26.288;    88.496; 
  40;     2.536;    26.260;    88.496; 
  41;     2.524;    26.237;    88.496; 
  42;     2.510;    26.208;    88.496; 
  43;     2.496;    26.182;    88.496; 
  44;     2.482;    26.155;    88.496; 
  45;     2.470;    26.130;    88.496; 
  46;     2.458;    26.105;    88.496; 
  47;     2.445;    26.079;    88.496; 
  48;     2.430;    26.048;    88.496; 
  49;     2.412;    26.013;    88.496; 
  50;     2.401;    25.992;    88.496; 
  51;     2.389;    25.968;    88.496; 
  52;     2.378;    25.944;    88.496; 
  53;     2.365;    25.916;    88.496; 
  54;     2.352;    25.889;    88.496; 
  55;     2.347;    25.875;    88.496; 
  56;     2.325;    25.828;    88.496; 
  57;     2.307;    25.794;    88.496; 
  58;     2.302;    25.781;    88.496; 
  59;     2.291;    25.756;    88.496; 
  60;     2.281;    25.733;    88.496; 
  61;     2.265;    25.697;    88.496; 
  62;     2.253;    25.670;    88.496; 
  63;     2.244;    25.648;    88.496; 
  64;     2.227;    25.611;    88.496; 
  65;     2.218;    25.589;    88.496; 
  66;     2.208;    25.565;    88.496; 
  67;     2.195;    25.533;    88.496; 
  68;     2.182;    25.504;    88.496; 
  69;     2.172;    25.480;    88.496; 
  70;     2.162;    25.455;    88.496; 
  71;     2.150;    25.425;    88.496; 
  72;     2.139;    25.397;    88.496; 
  73;     2.126;    25.366;    88.496; 
  74;     2.116;    25.340;    88.496; 
  75;     2.106;    25.315;    88.496; 
  76;     2.096;    25.287;    88.496; 
  77;     2.085;    25.257;    88.496; 
  78;     2.074;    25.230;    88.496; 
  79;     2.065;    25.205;    88.496; 
  80;     2.056;    25.179;    88.496; 
  81;     2.048;    25.153;    88.496; 
  82;     2.036;    25.119;    88.496; 
  83;     2.027;    25.093;    88.496; 
  84;     2.018;    25.065;    88.496; 
  85;     2.007;    25.034;    88.496; 
  86;     2.002;    25.015;    88.496; 
  87;     1.997;    24.993;    88.496; 
  88;     1.988;    24.961;    88.496; 
  89;     1.972;    24.914;    88.496; 
  90;     1.958;    24.878;    88.496; 
  91;     1.947;    24.850;    88.496; 
  92;     1.932;    24.815;    88.496; 
  93;     1.909;    24.771;    88.496; 
  94;     1.776;    24.653;    88.496; 
  95;     1.614;    24.628;    88.496; 
  96;     1.572;    24.633;    88.496; 
  97;     1.552;    24.634;    88.496; 
  98;     1.528;    24.635;    88.496; 
  99;     1.497;    24.636;    88.496; 
 100;     1.467;    24.638;    88.496; 
 101;     1.428;    24.641;    88.496; 
 102;     1.394;    24.644;    88.496; 
 103;     1.370;    24.646;    88.496; 
 104;     1.347;    24.647;    88.496; 
 105;     1.319;    24.648;    88.496; 
 106;     1.252;    24.657;    88.496; 
 107;     1.089;    24.762;    88.496; 
 108;     1.029;    24.888;    88.496; 
 109;     1.019;    24.955;    88.496; 
 110;     1.016;    24.961;    88.496; 
 111;     1.010;    24.991;    88.496; 
 112;     1.002;    25.038;    88.496; 
 113;      .998;    25.066;    88.496; 
 114;      .993;    25.089;    88.496; 
 115;      .988;    25.116;    88.496; 
 116;      .982;    25.143;    88.496; 
 117;      .977;    25.163;    88.496; 
 118;      .971;    25.183;    88.496; 
 119;      .960;    25.231;    88.496; 
 120;      .952;    25.281;    88.496; 
 121;      .950;    25.290;    88.496; 
 122;      .943;    25.319;    88.496; 
 123;      .937;    25.346;    88.496; 
 124;      .930;    25.374;    88.496; 
 125;      .923;    25.400;    88.496; 
 126;      .915;    25.431;    88.496; 
 127;      .909;    25.456;    88.496; 
 128;      .902;    25.481;    88.496; 
 129;      .894;    25.504;    88.496; 
 130;      .882;    25.554;    88.496; 
 131;      .876;    25.575;    88.496; 
 132;      .868;    25.605;    88.496; 
 133;      .861;    25.629;    88.496; 
 134;      .853;    25.655;    88.496; 
 135;      .844;    25.689;    88.496; 
 136;      .837;    25.711;    88.496; 
 137;      .827;    25.741;    88.496; 
 138;      .817;    25.776;    88.496; 
 139;      .810;    25.797;    88.496; 
 140;      .801;    25.829;    88.496; 
 141;      .792;    25.854;    88.496; 
 142;      .783;    25.882;    88.496; 
 143;      .773;    25.911;    88.496; 
 144;      .764;    25.937;    88.496; 
 145;      .753;    25.974;    88.496; 
 146;      .745;    25.998;    88.496; 
 147;      .735;    26.026;    88.496; 
 148;      .727;    26.050;    88.496; 
 149;      .717;    26.078;    88.496; 
 150;      .706;    26.106;    88.496; 
 151;      .696;    26.135;    88.496; 
 152;      .684;    26.171;    88.496; 
 153;      .676;    26.194;    88.496; 
 154;      .666;    26.220;    88.496; 
 155;      .654;    26.252;    88.496; 
 156;      .644;    26.280;    88.496; 
 157;      .635;    26.303;    88.496; 
 158;      .624;    26.330;    88.496; 
 159;      .612;    26.363;    88.496; 
 160;      .601;    26.391;    88.496; 
 161;      .592;    26.415;    88.496; 
 162;      .580;    26.446;    88.496; 
 163;      .569;    26.473;    88.496; 
 164;      .559;    26.498;    88.496; 
 165;      .547;    26.527;    88.496; 
 166;      .536;    26.557;    88.496; 
 167;      .524;    26.587;    88.496; 
 168;      .514;    26.612;    88.496; 
 169;      .504;    26.634;    88.496; 
 170;      .491;    26.666;    88.496; 
 171;      .478;    26.698;    88.496; 
 172;      .468;    26.722;    88.496; 
 173;      .458;    26.745;    88.496; 
 174;      .446;    26.770;    88.496; 
 175;      .432;    26.804;    88.496; 
 176;      .422;    26.823;    88.496; 
 177;      .412;    26.843;    88.496; 
 178;      .404;    26.856;    88.496; 
 179;      .392;    26.875;    88.496; 
 180;      .383;    26.885;    88.496; 
 181;      .376;    26.892;    88.496; 
 182;      .372;    26.894;    88.496; 
 183;      .366;    26.897;    88.496; 
 184;      .360;    26.899;    88.496; 
 185;      .349;    26.903;    88.496; 
 186;      .302;    26.931;    88.496; 
 187;      .287;    26.940;    88.496; 
 188;      .285;    26.938;    88.496; 
 189;      .279;    26.939;    88.496; 
 190;      .258;    26.944;    88.496; 
 191;      .241;    26.947;    88.496; 
 192;      .232;    26.947;    88.496; 
 193;      .219;    26.947;    88.496; 
 194;      .194;    26.947;    88.496; 
 195;      .168;    26.947;    88.496; 
 196;      .141;    26.947;    88.496; 
 197;      .114;    26.946;    88.496; 
 198;      .075;    26.947;    88.496; 
 199;      .033;    26.949;    88.496; 
 200;      .013;    26.949;    88.496; 
 201;     -.017;    26.949;    88.496; 
 202;     -.036;    26.948;    88.496; 
 203;     -.073;    26.948;    88.496; 
 204;     -.110;    26.948;    88.496; 
 205;     -.135;    26.948;    88.496; 
 206;     -.162;    26.948;    88.496; 
 207;     -.192;    26.947;    88.496; 
 208;     -.224;    26.946;    88.496; 
 209;     -.244;    26.945;    88.496; 
 210;     -.291;    26.945;    88.496; 
 211;     -.316;    26.944;    88.496; 
 212;     -.328;    26.943;    88.496; 
 213;     -.338;    26.940;    88.496; 
 214;     -.345;    26.937;    88.496; 
 215;     -.353;    26.933;    88.496; 
 216;     -.371;    26.925;    88.496; 
 217;     -.393;    26.916;    88.496; 
 218;     -.408;    26.907;    88.496; 
 219;     -.415;    26.902;    88.496; 
 220;     -.423;    26.895;    88.496; 
 221;     -.430;    26.887;    88.496; 
 222;     -.438;    26.877;    88.496; 
 223;     -.446;    26.867;    88.496; 
 224;     -.453;    26.856;    88.496; 
 225;     -.456;    26.848;    88.496; 
 226;     -.464;    26.832;    88.496; 
 227;     -.483;    26.796;    88.496; 
 228;     -.490;    26.781;    88.496; 
 229;     -.500;    26.759;    88.496; 
 230;     -.511;    26.732;    88.496; 
 231;     -.514;    26.721;    88.496; 
 232;     -.534;    26.675;    88.496; 
 233;     -.552;    26.638;    88.496; 
 234;     -.559;    26.621;    88.496; 
 235;     -.568;    26.599;    88.496; 
 236;     -.578;    26.575;    88.496; 
 237;     -.593;    26.538;    88.496; 
 238;     -.599;    26.522;    88.496; 
 239;     -.609;    26.494;    88.496; 
 240;     -.625;    26.455;    88.496; 
 241;     -.633;    26.434;    88.496; 
 242;     -.643;    26.406;    88.496; 
 243;     -.655;    26.376;    88.496; 
 244;     -.667;    26.344;    88.496; 
 245;     -.674;    26.326;    88.496; 
 246;     -.684;    26.295;    88.496; 
 247;     -.698;    26.259;    88.496; 
 248;     -.707;    26.235;    88.496; 
 249;     -.716;    26.210;    88.496; 
 250;     -.728;    26.176;    88.496; 
 251;     -.739;    26.147;    88.496; 
 252;     -.750;    26.119;    88.496; 
 253;     -.759;    26.093;    88.496; 
 254;     -.768;    26.067;    88.496; 
 255;     -.773;    26.047;    88.496; 
 256;     -.786;    26.010;    88.496; 
 257;     -.797;    25.978;    88.496; 
 258;     -.805;    25.953;    88.496; 
 259;     -.815;    25.924;    88.496; 
 260;     -.826;    25.892;    88.496; 
 261;     -.834;    25.867;    88.496; 
 262;     -.840;    25.845;    88.496; 
 263;     -.847;    25.819;    88.496; 
 264;     -.856;    25.787;    88.496; 
 265;     -.863;    25.762;    88.496; 
 266;     -.872;    25.729;    88.496; 
 267;     -.888;    25.685;    88.496; 
 268;     -.892;    25.669;    88.496; 
 269;     -.898;    25.646;    88.496; 
 270;     -.907;    25.616;    88.496; 
 271;     -.915;    25.585;    88.496; 
 272;     -.922;    25.558;    88.496; 
 273;     -.933;    25.521;    88.496; 
 274;     -.939;    25.499;    88.496; 
 275;     -.945;    25.475;    88.496; 
 276;     -.952;    25.443;    88.496; 
 277;     -.959;    25.415;    88.496; 
 278;     -.967;    25.383;    88.496; 
 279;     -.976;    25.352;    88.496; 
 280;     -.981;    25.329;    88.496; 
 281;     -.988;    25.298;    88.496; 
 282;     -.994;    25.272;    88.496; 
 283;    -1.001;    25.240;    88.496; 
 284;    -1.009;    25.209;    88.496; 
 285;    -1.013;    25.187;    88.496; 
 286;    -1.020;    25.152;    88.496; 
 287;    -1.025;    25.128;    88.496; 
 288;    -1.031;    25.098;    88.496; 
 289;    -1.037;    25.068;    88.496; 
 290;    -1.040;    25.046;    88.496; 
 291;    -1.044;    25.019;    88.496; 
 292;    -1.052;    24.979;    88.496; 
 293;    -1.057;    24.953;    88.496; 
 294;    -1.059;    24.933;    88.496; 
 295;    -1.075;    24.870;    88.496; 
 296;    -1.086;    24.835;    88.496; 
 297;    -1.117;    24.768;    88.496; 
 298;    -1.312;    24.634;    88.496; 
 299;    -1.382;    24.626;    88.496; 
 300;    -1.425;    24.625;    88.496; 
 301;    -1.453;    24.625;    88.496; 
 302;    -1.474;    24.623;    88.496; 
 303;    -1.507;    24.622;    88.496; 
 304;    -1.533;    24.620;    88.496; 
 305;    -1.561;    24.618;    88.496; 
 306;    -1.604;    24.616;    88.496; 
 307;    -1.620;    24.614;    88.496; 
 308;    -1.644;    24.612;    88.496; 
 309;    -1.695;    24.609;    88.496; 
 310;    -1.792;    24.624;    88.496; 
 311;    -1.966;    24.777;    88.496; 
 312;    -1.988;    24.831;    88.496; 
 313;    -2.000;    24.862;    88.496; 
 314;    -2.013;    24.900;    88.496; 
 315;    -2.023;    24.932;    88.496; 
 316;    -2.034;    24.969;    88.496; 
 317;    -2.042;    24.995;    88.496; 
 318;    -2.050;    25.019;    88.496; 
 319;    -2.059;    25.045;    88.496; 
 320;    -2.069;    25.077;    88.496; 
 321;    -2.077;    25.096;    88.496; 
 322;    -2.088;    25.131;    88.496; 
 323;    -2.099;    25.165;    88.496; 
 324;    -2.107;    25.185;    88.496; 
 325;    -2.116;    25.208;    88.496; 
 326;    -2.128;    25.242;    88.496; 
 327;    -2.139;    25.274;    88.496; 
 328;    -2.147;    25.292;    88.496; 
 329;    -2.158;    25.319;    88.496; 
 330;    -2.171;    25.356;    88.496; 
 331;    -2.180;    25.378;    88.496; 
 332;    -2.191;    25.404;    88.496; 
 333;    -2.202;    25.432;    88.496; 
 334;    -2.212;    25.455;    88.496; 
 335;    -2.225;    25.485;    88.496; 
 336;    -2.236;    25.513;    88.496; 
 337;    -2.248;    25.540;    88.496; 
 338;    -2.260;    25.570;    88.496; 
 339;    -2.272;    25.597;    88.496; 
 340;    -2.283;    25.624;    88.496; 
 341;    -2.294;    25.648;    88.496; 
 342;    -2.306;    25.673;    88.496; 
 343;    -2.318;    25.698;    88.496; 
 344;    -2.333;    25.734;    88.496; 
 345;    -2.343;    25.754;    88.496; 
 346;    -2.356;    25.781;    88.496; 
 347;    -2.371;    25.814;    88.496; 
 348;    -2.381;    25.836;    88.496; 
 349;    -2.395;    25.866;    88.496; 
 350;    -2.407;    25.891;    88.496; 
 351;    -2.420;    25.917;    88.496; 
 352;    -2.435;    25.948;    88.496; 
 353;    -2.446;    25.970;    88.496; 
 354;    -2.460;    25.999;    88.496; 
 355;    -2.474;    26.027;    88.496; 
 356;    -2.486;    26.050;    88.496; 
 357;    -2.498;    26.072;    88.496; 
 358;    -2.514;    26.101;    88.496; 
 359;    -2.529;    26.129;    88.496; 
 360;    -2.543;    26.156;    88.496; 
 361;    -2.558;    26.186;    88.496; 
 362;    -2.574;    26.220;    88.496; 
 363;    -2.584;    26.237;    88.496; 
 364;    -2.599;    26.268;    88.496; 
 365;    -2.612;    26.291;    88.496; 
 366;    -2.625;    26.316;    88.496; 
 367;    -2.639;    26.343;    88.496; 
 368;    -2.653;    26.369;    88.496; 
 369;    -2.667;    26.394;    88.496; 
 370;    -2.682;    26.422;    88.496; 
 371;    -2.696;    26.447;    88.496; 
 372;    -2.711;    26.474;    88.496; 
 373;    -2.726;    26.501;    88.496; 
 374;    -2.740;    26.525;    88.496; 
 375;    -2.756;    26.555;    88.496; 
 376;    -2.769;    26.577;    88.496; 
 377;    -2.785;    26.604;    88.496; 
 378;    -2.801;    26.633;    88.496; 
 379;    -2.813;    26.652;    88.496; 
 380;    -2.823;    26.666;    88.496; 
 381;    -2.829;    26.673;    88.496; 
 382;    -2.835;    26.676;    88.496; 
 383;    -2.840;    26.679;    88.496; 
 384;    -2.858;    26.692;    88.496; 
 385;    -2.903;    26.734;    88.496; 
 386;    -2.915;    26.744;    88.496; 
 387;    -2.919;    26.744;    88.496; 
 388;    -2.917;    26.741;    88.496; 
 389;    -2.919;    26.739;    88.496; 
 390;    -2.930;    26.741;    88.496; 
 391;    -2.986;    26.762;    88.496; 
 392;    -3.006;    26.768;    88.496; 
 393;    -3.010;    26.768;    88.496; 
 394;    -3.014;    26.767;    88.496; 
 395;    -3.021;    26.766;    88.496; 
 396;    -3.038;    26.765;    88.496; 
 397;    -3.059;    26.763;    88.496; 
 398;    -3.077;    26.760;    88.496; 
 399;    -3.118;    26.757;    88.496; 
 400;    -3.148;    26.754;    88.496; 
 401;    -3.177;    26.752;    88.496; 
 402;    -3.197;    26.749;    88.496; 
 403;    -3.225;    26.745;    88.496; 
 404;    -3.259;    26.741;    88.496; 
 405;    -3.285;    26.737;    88.496; 
 406;    -3.313;    26.733;    88.496; 
 407;    -3.358;    26.728;    88.496; 
 408;    -3.387;    26.725;    88.496; 
 409;    -3.408;    26.722;    88.496; 
 410;    -3.435;    26.718;    88.496; 
 411;    -3.455;    26.714;    88.496; 
 412;    -3.474;    26.709;    88.496; 
 413;    -3.508;    26.702;    88.496; 
 414;    -3.529;    26.696;    88.496; 
 415;    -3.546;    26.691;    88.496; 
 416;    -3.595;    26.679;    88.496; 
 417;    -3.616;    26.674;    88.496; 
 418;    -3.622;    26.670;    88.496; 
 419;    -3.626;    26.667;    88.496; 
 420;    -3.629;    26.663;    88.496; 
 421;    -3.633;    26.659;    88.496; 
 422;    -3.654;    26.642;    88.496; 
 423;    -3.678;    26.623;    88.496; 
 424;    -3.685;    26.615;    88.496; 
 425;    -3.691;    26.607;    88.496; 
 426;    -3.696;    26.598;    88.496; 
 427;    -3.699;    26.592;    88.496; 
 428;    -3.701;    26.585;    88.496; 
 429;    -3.702;    26.579;    88.496; 
 430;    -3.704;    26.569;    88.496; 
 431;    -3.725;    26.512;    88.496; 
 432;    -3.736;    26.484;    88.496; 
 433;    -3.740;    26.471;    88.496; 
 434;    -3.744;    26.453;    88.496; 
 435;    -3.751;    26.426;    88.496; 
