[A]
   1;     3.350;    26.941;    88.447; 
   2;     3.339;    26.942;    88.447; 
   3;     3.324;    26.944;    88.447; 
   4;     3.308;    26.946;    88.447; 
   5;     3.295;    26.948;    88.447; 
   6;     3.287;    26.949;    88.447; 
   7;     3.280;    26.950;    88.447; 
   8;     3.273;    26.951;    88.447; 
   9;     3.265;    26.952;    88.447; 
  10;     3.255;    26.953;    88.447; 
  11;     3.242;    26.954;    88.447; 
  12;     3.232;    26.955;    88.447; 
  13;     3.218;    26.957;    88.447; 
  14;     3.207;    26.959;    88.447; 
  15;     3.201;    26.959;    88.447; 
  16;     3.189;    26.961;    88.447; 
  17;     3.180;    26.962;    88.447; 
  18;     3.171;    26.963;    88.447; 
  19;     3.163;    26.963;    88.447; 
  20;     3.157;    26.964;    88.447; 
  21;     3.148;    26.965;    88.447; 
  22;     3.136;    26.966;    88.447; 
  23;     3.131;    26.966;    88.447; 
  24;     3.121;    26.966;    88.447; 
  25;     3.088;    26.970;    88.447; 
  26;     3.072;    26.973;    88.447; 
  27;     3.061;    26.975;    88.447; 
  28;     3.055;    26.976;    88.447; 
  29;     3.051;    26.976;    88.447; 
  30;     3.046;    26.977;    88.447; 
  31;     3.038;    26.978;    88.447; 
  32;     3.024;    26.979;    88.447; 
  33;     3.008;    26.981;    88.447; 
  34;     2.998;    26.983;    88.447; 
  35;     2.990;    26.984;    88.447; 
  36;     2.982;    26.984;    88.447; 
  37;     2.975;    26.985;    88.447; 
  38;     2.968;    26.986;    88.447; 
  39;     2.956;    26.987;    88.447; 
  40;     2.948;    26.987;    88.447; 
  41;     2.938;    26.988;    88.447; 
  42;     2.929;    26.989;    88.447; 
  43;     2.924;    26.989;    88.447; 
  44;     2.917;    26.989;    88.447; 
  45;     2.913;    26.989;    88.447; 
  46;     2.909;    26.988;    88.447; 
  47;     2.905;    26.988;    88.447; 
  48;     2.900;    26.988;    88.447; 
  49;     2.894;    26.987;    88.447; 
  50;     2.890;    26.986;    88.447; 
  51;     2.884;    26.986;    88.447; 
  52;     2.879;    26.985;    88.447; 
  53;     2.877;    26.984;    88.447; 
  54;     2.869;    26.982;    88.447; 
  55;     2.865;    26.981;    88.447; 
  56;     2.862;    26.980;    88.447; 
  57;     2.859;    26.979;    88.447; 
  58;     2.860;    26.979;    88.447; 
  59;     2.856;    26.978;    88.447; 
  60;     2.855;    26.977;    88.447; 
  61;     2.854;    26.976;    88.447; 
  62;     2.849;    26.974;    88.447; 
  63;     2.846;    26.972;    88.447; 
  64;     2.843;    26.970;    88.447; 
  65;     2.842;    26.969;    88.447; 
  66;     2.840;    26.968;    88.447; 
  67;     2.838;    26.966;    88.447; 
  68;     2.828;    26.958;    88.447; 
  69;     2.815;    26.949;    88.447; 
  70;     2.796;    26.938;    88.447; 
  71;     2.789;    26.933;    88.447; 
  72;     2.785;    26.930;    88.447; 
  73;     2.779;    26.926;    88.447; 
  74;     2.776;    26.924;    88.447; 
  75;     2.773;    26.921;    88.447; 
  76;     2.770;    26.919;    88.447; 
  77;     2.769;    26.918;    88.447; 
  78;     2.768;    26.916;    88.447; 
  79;     2.762;    26.910;    88.447; 
  80;     2.761;    26.909;    88.447; 
  81;     2.759;    26.907;    88.447; 
  82;     2.757;    26.903;    88.447; 
  83;     2.755;    26.901;    88.447; 
  84;     2.751;    26.896;    88.447; 
  85;     2.751;    26.895;    88.447; 
  86;     2.745;    26.886;    88.447; 
  87;     2.743;    26.883;    88.447; 
  88;     2.738;    26.875;    88.447; 
  89;     2.735;    26.869;    88.447; 
  90;     2.732;    26.864;    88.447; 
  91;     2.725;    26.852;    88.447; 
  92;     2.721;    26.843;    88.447; 
  93;     2.713;    26.830;    88.447; 
  94;     2.706;    26.819;    88.447; 
  95;     2.704;    26.815;    88.447; 
  96;     2.701;    26.808;    88.447; 
  97;     2.693;    26.796;    88.447; 
  98;     2.688;    26.786;    88.447; 
  99;     2.680;    26.773;    88.447; 
 100;     2.674;    26.763;    88.447; 
 101;     2.671;    26.757;    88.447; 
 102;     2.666;    26.749;    88.447; 
 103;     2.662;    26.743;    88.447; 
 104;     2.660;    26.737;    88.447; 
 105;     2.656;    26.730;    88.447; 
 106;     2.650;    26.719;    88.447; 
 107;     2.646;    26.712;    88.447; 
 108;     2.638;    26.696;    88.447; 
 109;     2.629;    26.681;    88.447; 
 110;     2.625;    26.674;    88.447; 
 111;     2.624;    26.672;    88.447; 
 112;     2.619;    26.663;    88.447; 
 113;     2.615;    26.655;    88.447; 
 114;     2.608;    26.642;    88.447; 
 115;     2.599;    26.626;    88.447; 
 116;     2.593;    26.616;    88.447; 
 117;     2.589;    26.609;    88.447; 
 118;     2.584;    26.600;    88.447; 
 119;     2.580;    26.594;    88.447; 
 120;     2.576;    26.586;    88.447; 
 121;     2.571;    26.578;    88.447; 
 122;     2.569;    26.574;    88.447; 
 123;     2.563;    26.562;    88.447; 
 124;     2.558;    26.552;    88.447; 
 125;     2.553;    26.543;    88.447; 
 126;     2.548;    26.532;    88.447; 
 127;     2.543;    26.524;    88.447; 
 128;     2.538;    26.514;    88.447; 
 129;     2.531;    26.502;    88.447; 
 130;     2.528;    26.495;    88.447; 
 131;     2.524;    26.488;    88.447; 
 132;     2.520;    26.480;    88.447; 
 133;     2.513;    26.467;    88.447; 
 134;     2.508;    26.457;    88.447; 
 135;     2.502;    26.446;    88.447; 
 136;     2.494;    26.433;    88.447; 
 137;     2.492;    26.428;    88.447; 
 138;     2.488;    26.421;    88.447; 
 139;     2.486;    26.416;    88.447; 
 140;     2.479;    26.404;    88.447; 
 141;     2.476;    26.397;    88.447; 
 142;     2.471;    26.387;    88.447; 
 143;     2.468;    26.381;    88.447; 
 144;     2.463;    26.369;    88.447; 
 145;     2.457;    26.358;    88.447; 
 146;     2.452;    26.349;    88.447; 
 147;     2.449;    26.341;    88.447; 
 148;     2.442;    26.329;    88.447; 
 149;     2.437;    26.319;    88.447; 
 150;     2.433;    26.311;    88.447; 
 151;     2.428;    26.301;    88.447; 
 152;     2.424;    26.292;    88.447; 
 153;     2.418;    26.280;    88.447; 
 154;     2.414;    26.273;    88.447; 
 155;     2.408;    26.261;    88.447; 
 156;     2.403;    26.251;    88.447; 
 157;     2.399;    26.243;    88.447; 
 158;     2.396;    26.237;    88.447; 
 159;     2.392;    26.229;    88.447; 
 160;     2.388;    26.221;    88.447; 
 161;     2.383;    26.210;    88.447; 
 162;     2.380;    26.204;    88.447; 
 163;     2.375;    26.193;    88.447; 
 164;     2.368;    26.178;    88.447; 
 165;     2.363;    26.168;    88.447; 
 166;     2.359;    26.159;    88.447; 
 167;     2.353;    26.147;    88.447; 
 168;     2.353;    26.147;    88.447; 
 169;     2.350;    26.141;    88.447; 
 170;     2.347;    26.133;    88.447; 
 171;     2.340;    26.118;    88.447; 
 172;     2.333;    26.103;    88.447; 
 173;     2.327;    26.091;    88.447; 
 174;     2.320;    26.079;    88.447; 
 175;     2.318;    26.074;    88.447; 
 176;     2.315;    26.068;    88.447; 
 177;     2.311;    26.059;    88.447; 
 178;     2.305;    26.046;    88.447; 
 179;     2.301;    26.039;    88.447; 
 180;     2.297;    26.030;    88.447; 
 181;     2.294;    26.023;    88.447; 
 182;     2.290;    26.014;    88.447; 
 183;     2.284;    26.001;    88.447; 
 184;     2.279;    25.990;    88.447; 
 185;     2.276;    25.982;    88.447; 
 186;     2.270;    25.970;    88.447; 
 187;     2.266;    25.961;    88.447; 
 188;     2.262;    25.953;    88.447; 
 189;     2.258;    25.945;    88.447; 
 190;     2.257;    25.942;    88.447; 
 191;     2.253;    25.931;    88.447; 
 192;     2.250;    25.924;    88.447; 
 193;     2.243;    25.907;    88.447; 
 194;     2.237;    25.894;    88.447; 
 195;     2.232;    25.883;    88.447; 
 196;     2.227;    25.874;    88.447; 
 197;     2.222;    25.862;    88.447; 
 198;     2.220;    25.857;    88.447; 
 199;     2.217;    25.850;    88.447; 
 200;     2.215;    25.845;    88.447; 
 201;     2.214;    25.842;    88.447; 
 202;     2.208;    25.827;    88.447; 
 203;     2.206;    25.822;    88.447; 
 204;     2.196;    25.799;    88.447; 
 205;     2.189;    25.784;    88.447; 
 206;     2.188;    25.781;    88.447; 
 207;     2.184;    25.772;    88.447; 
 208;     2.179;    25.760;    88.447; 
 209;     2.175;    25.751;    88.447; 
 210;     2.171;    25.742;    88.447; 
 211;     2.167;    25.733;    88.447; 
 212;     2.165;    25.727;    88.447; 
 213;     2.163;    25.722;    88.447; 
 214;     2.157;    25.708;    88.447; 
 215;     2.154;    25.701;    88.447; 
 216;     2.150;    25.691;    88.447; 
 217;     2.147;    25.683;    88.447; 
 218;     2.147;    25.682;    88.447; 
 219;     2.144;    25.674;    88.447; 
 220;     2.143;    25.671;    88.447; 
 221;     2.136;    25.649;    88.447; 
 222;     2.130;    25.636;    88.447; 
 223;     2.122;    25.617;    88.447; 
 224;     2.115;    25.602;    88.447; 
 225;     2.112;    25.593;    88.447; 
 226;     2.109;    25.588;    88.447; 
 227;     2.106;    25.579;    88.447; 
 228;     2.105;    25.577;    88.447; 
 229;     2.100;    25.564;    88.447; 
 230;     2.095;    25.552;    88.447; 
 231;     2.091;    25.543;    88.447; 
 232;     2.087;    25.532;    88.447; 
 233;     2.083;    25.522;    88.447; 
 234;     2.079;    25.512;    88.447; 
 235;     2.075;    25.503;    88.447; 
 236;     2.073;    25.496;    88.447; 
 237;     2.068;    25.485;    88.447; 
 238;     2.066;    25.478;    88.447; 
 239;     2.061;    25.465;    88.447; 
 240;     2.059;    25.461;    88.447; 
 241;     2.056;    25.451;    88.447; 
 242;     2.053;    25.443;    88.447; 
 243;     2.050;    25.435;    88.447; 
 244;     2.046;    25.423;    88.447; 
 245;     2.042;    25.413;    88.447; 
 246;     2.039;    25.404;    88.447; 
 247;     2.035;    25.393;    88.447; 
 248;     2.032;    25.384;    88.447; 
 249;     2.028;    25.373;    88.447; 
 250;     2.026;    25.366;    88.447; 
 251;     2.023;    25.358;    88.447; 
 252;     2.019;    25.346;    88.447; 
 253;     2.016;    25.337;    88.447; 
 254;     2.011;    25.323;    88.447; 
 255;     2.007;    25.311;    88.447; 
 256;     2.004;    25.303;    88.447; 
 257;     2.002;    25.297;    88.447; 
 258;     1.998;    25.284;    88.447; 
 259;     1.995;    25.277;    88.447; 
 260;     1.991;    25.265;    88.447; 
 261;     1.989;    25.258;    88.447; 
 262;     1.985;    25.246;    88.447; 
 263;     1.983;    25.238;    88.447; 
 264;     1.980;    25.230;    88.447; 
 265;     1.977;    25.222;    88.447; 
 266;     1.976;    25.216;    88.447; 
 267;     1.973;    25.205;    88.447; 
 268;     1.970;    25.197;    88.447; 
 269;     1.966;    25.182;    88.447; 
 270;     1.961;    25.167;    88.447; 
 271;     1.958;    25.159;    88.447; 
 272;     1.956;    25.151;    88.447; 
 273;     1.954;    25.144;    88.447; 
 274;     1.951;    25.136;    88.447; 
 275;     1.947;    25.123;    88.447; 
 276;     1.943;    25.108;    88.447; 
 277;     1.940;    25.100;    88.447; 
 278;     1.937;    25.088;    88.447; 
 279;     1.933;    25.077;    88.447; 
 280;     1.926;    25.057;    88.447; 
 281;     1.918;    25.039;    88.447; 
 282;     1.913;    25.026;    88.447; 
 283;     1.908;    25.014;    88.447; 
 284;     1.903;    25.003;    88.447; 
 285;     1.895;    24.987;    88.447; 
 286;     1.882;    24.963;    88.447; 
 287;     1.869;    24.941;    88.447; 
 288;     1.851;    24.916;    88.447; 
 289;     1.746;    24.837;    88.447; 
 290;     1.640;    24.816;    88.447; 
 291;     1.618;    24.816;    88.447; 
 292;     1.601;    24.817;    88.447; 
 293;     1.588;    24.817;    88.447; 
 294;     1.577;    24.818;    88.447; 
 295;     1.569;    24.818;    88.447; 
 296;     1.556;    24.819;    88.447; 
 297;     1.546;    24.820;    88.447; 
 298;     1.536;    24.820;    88.447; 
 299;     1.524;    24.821;    88.447; 
 300;     1.513;    24.822;    88.447; 
 301;     1.505;    24.822;    88.447; 
 302;     1.494;    24.823;    88.447; 
 303;     1.483;    24.824;    88.447; 
 304;     1.473;    24.825;    88.447; 
 305;     1.463;    24.825;    88.447; 
 306;     1.453;    24.826;    88.447; 
 307;     1.443;    24.826;    88.447; 
 308;     1.433;    24.827;    88.447; 
 309;     1.422;    24.828;    88.447; 
 310;     1.413;    24.828;    88.447; 
 311;     1.406;    24.828;    88.447; 
 312;     1.400;    24.828;    88.447; 
 313;     1.395;    24.828;    88.447; 
 314;     1.369;    24.829;    88.447; 
 315;     1.344;    24.832;    88.447; 
 316;     1.327;    24.834;    88.447; 
 317;     1.325;    24.834;    88.447; 
 318;     1.320;    24.834;    88.447; 
 319;     1.316;    24.834;    88.447; 
 320;     1.313;    24.834;    88.447; 
 321;     1.307;    24.834;    88.447; 
 322;     1.284;    24.836;    88.447; 
 323;     1.266;    24.837;    88.447; 
 324;     1.247;    24.840;    88.447; 
 325;     1.236;    24.841;    88.447; 
 326;     1.149;    24.869;    88.447; 
 327;     1.094;    24.906;    88.447; 
 328;     1.019;    25.008;    88.447; 
 329;     1.005;    25.050;    88.447; 
 330;     1.003;    25.059;    88.447; 
 331;     1.000;    25.068;    88.447; 
 332;      .997;    25.082;    88.447; 
 333;      .994;    25.092;    88.447; 
 334;      .990;    25.108;    88.447; 
 335;      .985;    25.134;    88.447; 
 336;      .982;    25.150;    88.447; 
 337;      .981;    25.154;    88.447; 
 338;      .979;    25.166;    88.447; 
 339;      .978;    25.175;    88.447; 
 340;      .976;    25.185;    88.447; 
 341;      .974;    25.196;    88.447; 
 342;      .972;    25.203;    88.447; 
 343;      .971;    25.211;    88.447; 
 344;      .969;    25.217;    88.447; 
 345;      .968;    25.223;    88.447; 
 346;      .964;    25.243;    88.447; 
 347;      .962;    25.251;    88.447; 
 348;      .958;    25.273;    88.447; 
 349;      .956;    25.286;    88.447; 
 350;      .955;    25.294;    88.447; 
 351;      .954;    25.298;    88.447; 
 352;      .952;    25.305;    88.447; 
 353;      .950;    25.314;    88.447; 
 354;      .947;    25.331;    88.447; 
 355;      .946;    25.338;    88.447; 
 356;      .944;    25.345;    88.447; 
 357;      .942;    25.358;    88.447; 
 358;      .940;    25.367;    88.447; 
 359;      .938;    25.376;    88.447; 
 360;      .936;    25.385;    88.447; 
 361;      .934;    25.397;    88.447; 
 362;      .931;    25.408;    88.447; 
 363;      .930;    25.414;    88.447; 
 364;      .927;    25.424;    88.447; 
 365;      .925;    25.434;    88.447; 
 366;      .922;    25.448;    88.447; 
 367;      .921;    25.454;    88.447; 
 368;      .919;    25.463;    88.447; 
 369;      .916;    25.472;    88.447; 
 370;      .914;    25.479;    88.447; 
 371;      .911;    25.491;    88.447; 
 372;      .910;    25.497;    88.447; 
 373;      .906;    25.511;    88.447; 
 374;      .903;    25.523;    88.447; 
 375;      .900;    25.537;    88.447; 
 376;      .898;    25.546;    88.447; 
 377;      .896;    25.555;    88.447; 
 378;      .894;    25.562;    88.447; 
 379;      .891;    25.577;    88.447; 
 380;      .889;    25.582;    88.447; 
 381;      .886;    25.596;    88.447; 
 382;      .884;    25.604;    88.447; 
 383;      .881;    25.617;    88.447; 
 384;      .879;    25.625;    88.447; 
 385;      .877;    25.633;    88.447; 
 386;      .875;    25.639;    88.447; 
 387;      .874;    25.642;    88.447; 
 388;      .872;    25.650;    88.447; 
 389;      .867;    25.668;    88.447; 
 390;      .863;    25.681;    88.447; 
 391;      .860;    25.696;    88.447; 
 392;      .857;    25.706;    88.447; 
 393;      .856;    25.712;    88.447; 
 394;      .853;    25.720;    88.447; 
 395;      .850;    25.731;    88.447; 
 396;      .847;    25.744;    88.447; 
 397;      .845;    25.754;    88.447; 
 398;      .842;    25.765;    88.447; 
 399;      .840;    25.773;    88.447; 
 400;      .838;    25.780;    88.447; 
 401;      .835;    25.790;    88.447; 
 402;      .833;    25.797;    88.447; 
 403;      .829;    25.810;    88.447; 
 404;      .827;    25.818;    88.447; 
 405;      .825;    25.825;    88.447; 
 406;      .823;    25.832;    88.447; 
 407;      .819;    25.845;    88.447; 
 408;      .815;    25.857;    88.447; 
 409;      .811;    25.871;    88.447; 
 410;      .809;    25.880;    88.447; 
 411;      .807;    25.886;    88.447; 
 412;      .804;    25.896;    88.447; 
 413;      .802;    25.903;    88.447; 
 414;      .799;    25.911;    88.447; 
 415;      .796;    25.921;    88.447; 
 416;      .793;    25.932;    88.447; 
 417;      .787;    25.950;    88.447; 
 418;      .785;    25.957;    88.447; 
 419;      .782;    25.967;    88.447; 
 420;      .780;    25.976;    88.447; 
 421;      .777;    25.985;    88.447; 
 422;      .775;    25.992;    88.447; 
 423;      .771;    26.005;    88.447; 
 424;      .768;    26.014;    88.447; 
 425;      .765;    26.024;    88.447; 
 426;      .762;    26.033;    88.447; 
 427;      .759;    26.041;    88.447; 
 428;      .756;    26.050;    88.447; 
 429;      .753;    26.060;    88.447; 
 430;      .748;    26.073;    88.447; 
 431;      .744;    26.087;    88.447; 
 432;      .741;    26.096;    88.447; 
 433;      .739;    26.102;    88.447; 
 434;      .735;    26.113;    88.447; 
 435;      .732;    26.122;    88.447; 
 436;      .729;    26.131;    88.447; 
 437;      .726;    26.139;    88.447; 
 438;      .723;    26.149;    88.447; 
 439;      .721;    26.156;    88.447; 
 440;      .716;    26.168;    88.447; 
 441;      .713;    26.176;    88.447; 
 442;      .708;    26.190;    88.447; 
 443;      .704;    26.204;    88.447; 
 444;      .701;    26.212;    88.447; 
 445;      .699;    26.219;    88.447; 
 446;      .696;    26.227;    88.447; 
 447;      .692;    26.238;    88.447; 
 448;      .689;    26.246;    88.447; 
 449;      .687;    26.254;    88.447; 
 450;      .683;    26.264;    88.447; 
 451;      .681;    26.268;    88.447; 
 452;      .678;    26.277;    88.447; 
 453;      .673;    26.288;    88.447; 
 454;      .670;    26.296;    88.447; 
 455;      .665;    26.310;    88.447; 
 456;      .661;    26.322;    88.447; 
 457;      .658;    26.330;    88.447; 
 458;      .653;    26.342;    88.447; 
 459;      .649;    26.354;    88.447; 
 460;      .646;    26.363;    88.447; 
 461;      .642;    26.375;    88.447; 
 462;      .640;    26.380;    88.447; 
 463;      .636;    26.390;    88.447; 
 464;      .630;    26.409;    88.447; 
 465;      .629;    26.413;    88.447; 
 466;      .625;    26.424;    88.447; 
 467;      .625;    26.423;    88.447; 
 468;      .621;    26.433;    88.447; 
 469;      .616;    26.445;    88.447; 
 470;      .611;    26.459;    88.447; 
 471;      .606;    26.472;    88.447; 
 472;      .605;    26.475;    88.447; 
 473;      .604;    26.477;    88.447; 
 474;      .600;    26.486;    88.447; 
 475;      .594;    26.502;    88.447; 
 476;      .586;    26.524;    88.447; 
 477;      .583;    26.534;    88.447; 
 478;      .580;    26.541;    88.447; 
 479;      .579;    26.543;    88.447; 
 480;      .575;    26.554;    88.447; 
 481;      .571;    26.564;    88.447; 
 482;      .569;    26.570;    88.447; 
 483;      .563;    26.584;    88.447; 
 484;      .559;    26.596;    88.447; 
 485;      .556;    26.603;    88.447; 
 486;      .551;    26.617;    88.447; 
 487;      .547;    26.627;    88.447; 
 488;      .545;    26.632;    88.447; 
 489;      .541;    26.641;    88.447; 
 490;      .537;    26.651;    88.447; 
 491;      .533;    26.662;    88.447; 
 492;      .529;    26.670;    88.447; 
 493;      .525;    26.681;    88.447; 
 494;      .521;    26.691;    88.447; 
 495;      .518;    26.700;    88.447; 
 496;      .514;    26.707;    88.447; 
 497;      .511;    26.715;    88.447; 
 498;      .505;    26.729;    88.447; 
 499;      .502;    26.738;    88.447; 
 500;      .497;    26.751;    88.447; 
 501;      .495;    26.753;    88.447; 
 502;      .491;    26.763;    88.447; 
 503;      .489;    26.767;    88.447; 
 504;      .487;    26.772;    88.447; 
 505;      .483;    26.781;    88.447; 
 506;      .473;    26.802;    88.447; 
 507;      .466;    26.821;    88.447; 
 508;      .462;    26.832;    88.447; 
 509;      .458;    26.842;    88.447; 
 510;      .457;    26.844;    88.447; 
 511;      .453;    26.853;    88.447; 
 512;      .451;    26.858;    88.447; 
 513;      .448;    26.866;    88.447; 
 514;      .444;    26.873;    88.447; 
 515;      .439;    26.884;    88.447; 
 516;      .433;    26.900;    88.447; 
 517;      .428;    26.911;    88.447; 
 518;      .426;    26.915;    88.447; 
 519;      .422;    26.924;    88.447; 
 520;      .417;    26.936;    88.447; 
 521;      .415;    26.941;    88.447; 
 522;      .409;    26.955;    88.447; 
 523;      .405;    26.965;    88.447; 
 524;      .401;    26.973;    88.447; 
 525;      .394;    26.989;    88.447; 
 526;      .391;    26.996;    88.447; 
 527;      .389;    27.002;    88.447; 
 528;      .386;    27.008;    88.447; 
 529;      .384;    27.013;    88.447; 
 530;      .382;    27.015;    88.447; 
 531;      .379;    27.021;    88.447; 
 532;      .379;    27.021;    88.447; 
 533;      .374;    27.028;    88.447; 
 534;      .370;    27.035;    88.447; 
 535;      .368;    27.038;    88.447; 
 536;      .363;    27.044;    88.447; 
 537;      .363;    27.044;    88.447; 
 538;      .360;    27.047;    88.447; 
 539;      .357;    27.051;    88.447; 
 540;      .351;    27.058;    88.447; 
 541;      .346;    27.063;    88.447; 
 542;      .340;    27.071;    88.447; 
 543;      .337;    27.073;    88.447; 
 544;      .332;    27.078;    88.447; 
 545;      .330;    27.081;    88.447; 
 546;      .326;    27.083;    88.447; 
 547;      .321;    27.088;    88.447; 
 548;      .315;    27.093;    88.447; 
 549;      .310;    27.097;    88.447; 
 550;      .308;    27.098;    88.447; 
 551;      .303;    27.102;    88.447; 
 552;      .298;    27.106;    88.447; 
 553;      .296;    27.106;    88.447; 
 554;      .290;    27.110;    88.447; 
 555;      .289;    27.111;    88.447; 
 556;      .285;    27.112;    88.447; 
 557;      .279;    27.115;    88.447; 
 558;      .273;    27.118;    88.447; 
 559;      .270;    27.119;    88.447; 
 560;      .269;    27.119;    88.447; 
 561;      .265;    27.121;    88.447; 
 562;      .262;    27.121;    88.447; 
 563;      .254;    27.124;    88.447; 
 564;      .247;    27.126;    88.447; 
 565;      .243;    27.127;    88.447; 
 566;      .237;    27.128;    88.447; 
 567;      .232;    27.129;    88.447; 
 568;      .226;    27.130;    88.447; 
 569;      .220;    27.131;    88.447; 
 570;      .216;    27.131;    88.447; 
 571;      .214;    27.131;    88.447; 
 572;      .209;    27.132;    88.447; 
 573;      .203;    27.132;    88.447; 
 574;      .196;    27.132;    88.447; 
 575;      .190;    27.132;    88.447; 
 576;      .181;    27.133;    88.447; 
 577;      .175;    27.133;    88.447; 
 578;      .166;    27.133;    88.447; 
 579;      .158;    27.132;    88.447; 
 580;      .148;    27.132;    88.447; 
 581;      .136;    27.132;    88.447; 
 582;      .122;    27.132;    88.447; 
 583;      .111;    27.132;    88.447; 
 584;      .105;    27.132;    88.447; 
 585;      .093;    27.132;    88.447; 
 586;      .081;    27.132;    88.447; 
 587;      .067;    27.132;    88.447; 
 588;      .054;    27.132;    88.447; 
 589;      .046;    27.132;    88.447; 
 590;      .034;    27.132;    88.447; 
 591;      .025;    27.132;    88.447; 
 592;      .014;    27.132;    88.447; 
 593;      .004;    27.132;    88.447; 
 594;     -.003;    27.132;    88.447; 
 595;     -.010;    27.132;    88.447; 
 596;     -.025;    27.132;    88.447; 
 597;     -.039;    27.132;    88.447; 
 598;     -.048;    27.132;    88.447; 
 599;     -.053;    27.132;    88.447; 
 600;     -.063;    27.132;    88.447; 
 601;     -.076;    27.132;    88.447; 
 602;     -.089;    27.131;    88.447; 
 603;     -.100;    27.131;    88.447; 
 604;     -.111;    27.131;    88.447; 
 605;     -.124;    27.132;    88.447; 
 606;     -.131;    27.131;    88.447; 
 607;     -.140;    27.131;    88.447; 
 608;     -.148;    27.131;    88.447; 
 609;     -.156;    27.131;    88.447; 
 610;     -.165;    27.130;    88.447; 
 611;     -.179;    27.130;    88.447; 
 612;     -.193;    27.130;    88.447; 
 613;     -.203;    27.130;    88.447; 
 614;     -.210;    27.130;    88.447; 
 615;     -.223;    27.129;    88.447; 
 616;     -.240;    27.130;    88.447; 
 617;     -.259;    27.130;    88.447; 
 618;     -.266;    27.131;    88.447; 
 619;     -.275;    27.131;    88.447; 
 620;     -.283;    27.131;    88.447; 
 621;     -.291;    27.131;    88.447; 
 622;     -.298;    27.131;    88.447; 
 623;     -.308;    27.131;    88.447; 
 624;     -.315;    27.130;    88.447; 
 625;     -.322;    27.130;    88.447; 
 626;     -.330;    27.130;    88.447; 
 627;     -.334;    27.129;    88.447; 
 628;     -.340;    27.129;    88.447; 
 629;     -.345;    27.128;    88.447; 
 630;     -.348;    27.127;    88.447; 
 631;     -.350;    27.127;    88.447; 
 632;     -.352;    27.126;    88.447; 
 633;     -.354;    27.126;    88.447; 
 634;     -.364;    27.123;    88.447; 
 635;     -.378;    27.120;    88.447; 
 636;     -.389;    27.117;    88.447; 
 637;     -.396;    27.115;    88.447; 
 638;     -.399;    27.114;    88.447; 
 639;     -.404;    27.113;    88.447; 
 640;     -.405;    27.112;    88.447; 
 641;     -.408;    27.111;    88.447; 
 642;     -.410;    27.110;    88.447; 
 643;     -.413;    27.108;    88.447; 
 644;     -.417;    27.106;    88.447; 
 645;     -.420;    27.104;    88.447; 
 646;     -.425;    27.102;    88.447; 
 647;     -.425;    27.101;    88.447; 
 648;     -.427;    27.100;    88.447; 
 649;     -.431;    27.097;    88.447; 
 650;     -.432;    27.096;    88.447; 
 651;     -.436;    27.093;    88.447; 
 652;     -.438;    27.091;    88.447; 
 653;     -.445;    27.085;    88.447; 
 654;     -.452;    27.079;    88.447; 
 655;     -.464;    27.069;    88.447; 
 656;     -.466;    27.067;    88.447; 
 657;     -.468;    27.065;    88.447; 
 658;     -.469;    27.063;    88.447; 
 659;     -.471;    27.061;    88.447; 
 660;     -.471;    27.061;    88.447; 
 661;     -.471;    27.061;    88.447; 
 662;     -.477;    27.053;    88.447; 
 663;     -.482;    27.046;    88.447; 
 664;     -.486;    27.040;    88.447; 
 665;     -.490;    27.034;    88.447; 
 666;     -.495;    27.026;    88.447; 
 667;     -.497;    27.023;    88.447; 
 668;     -.498;    27.021;    88.447; 
 669;     -.500;    27.017;    88.447; 
 670;     -.499;    27.019;    88.447; 
 671;     -.502;    27.012;    88.447; 
 672;     -.503;    27.010;    88.447; 
 673;     -.510;    26.995;    88.447; 
 674;     -.526;    26.966;    88.447; 
 675;     -.527;    26.964;    88.447; 
 676;     -.528;    26.962;    88.447; 
 677;     -.530;    26.958;    88.447; 
 678;     -.530;    26.958;    88.447; 
 679;     -.532;    26.953;    88.447; 
 680;     -.533;    26.950;    88.447; 
 681;     -.535;    26.944;    88.447; 
 682;     -.543;    26.922;    88.447; 
 683;     -.550;    26.905;    88.447; 
 684;     -.555;    26.894;    88.447; 
 685;     -.560;    26.884;    88.447; 
 686;     -.559;    26.886;    88.447; 
 687;     -.563;    26.875;    88.447; 
 688;     -.567;    26.864;    88.447; 
 689;     -.570;    26.857;    88.447; 
 690;     -.575;    26.843;    88.447; 
 691;     -.579;    26.835;    88.447; 
 692;     -.586;    26.818;    88.447; 
 693;     -.586;    26.816;    88.447; 
 694;     -.590;    26.808;    88.447; 
 695;     -.591;    26.803;    88.447; 
 696;     -.596;    26.790;    88.447; 
 697;     -.599;    26.781;    88.447; 
 698;     -.604;    26.769;    88.447; 
 699;     -.610;    26.754;    88.447; 
 700;     -.614;    26.743;    88.447; 
 701;     -.616;    26.737;    88.447; 
 702;     -.620;    26.729;    88.447; 
 703;     -.626;    26.714;    88.447; 
 704;     -.630;    26.704;    88.447; 
 705;     -.635;    26.692;    88.447; 
 706;     -.638;    26.685;    88.447; 
 707;     -.640;    26.679;    88.447; 
 708;     -.644;    26.668;    88.447; 
 709;     -.649;    26.656;    88.447; 
 710;     -.653;    26.645;    88.447; 
 711;     -.656;    26.639;    88.447; 
 712;     -.659;    26.631;    88.447; 
 713;     -.662;    26.623;    88.447; 
 714;     -.664;    26.615;    88.447; 
 715;     -.668;    26.606;    88.447; 
 716;     -.674;    26.590;    88.447; 
 717;     -.678;    26.579;    88.447; 
 718;     -.680;    26.574;    88.447; 
 719;     -.682;    26.567;    88.447; 
 720;     -.685;    26.559;    88.447; 
 721;     -.689;    26.548;    88.447; 
 722;     -.695;    26.532;    88.447; 
 723;     -.697;    26.528;    88.447; 
 724;     -.704;    26.511;    88.447; 
 725;     -.707;    26.501;    88.447; 
 726;     -.711;    26.492;    88.447; 
 727;     -.714;    26.484;    88.447; 
 728;     -.717;    26.476;    88.447; 
 729;     -.719;    26.470;    88.447; 
 730;     -.722;    26.463;    88.447; 
 731;     -.726;    26.451;    88.447; 
 732;     -.729;    26.441;    88.447; 
 733;     -.732;    26.432;    88.447; 
 734;     -.735;    26.423;    88.447; 
 735;     -.739;    26.413;    88.447; 
 736;     -.743;    26.401;    88.447; 
 737;     -.748;    26.388;    88.447; 
 738;     -.752;    26.375;    88.447; 
 739;     -.757;    26.363;    88.447; 
 740;     -.759;    26.359;    88.447; 
 741;     -.762;    26.349;    88.447; 
 742;     -.766;    26.339;    88.447; 
 743;     -.770;    26.327;    88.447; 
 744;     -.772;    26.320;    88.447; 
 745;     -.776;    26.310;    88.447; 
 746;     -.779;    26.302;    88.447; 
 747;     -.782;    26.292;    88.447; 
 748;     -.785;    26.283;    88.447; 
 749;     -.789;    26.273;    88.447; 
 750;     -.792;    26.263;    88.447; 
 751;     -.795;    26.254;    88.447; 
 752;     -.798;    26.246;    88.447; 
 753;     -.802;    26.233;    88.447; 
 754;     -.804;    26.226;    88.447; 
 755;     -.808;    26.215;    88.447; 
 756;     -.812;    26.204;    88.447; 
 757;     -.814;    26.197;    88.447; 
 758;     -.817;    26.188;    88.447; 
 759;     -.820;    26.176;    88.447; 
 760;     -.824;    26.164;    88.447; 
 761;     -.829;    26.150;    88.447; 
 762;     -.831;    26.144;    88.447; 
 763;     -.832;    26.141;    88.447; 
 764;     -.833;    26.135;    88.447; 
 765;     -.835;    26.129;    88.447; 
 766;     -.838;    26.118;    88.447; 
 767;     -.844;    26.095;    88.447; 
 768;     -.852;    26.075;    88.447; 
 769;     -.856;    26.064;    88.447; 
 770;     -.859;    26.056;    88.447; 
 771;     -.861;    26.050;    88.447; 
 772;     -.863;    26.043;    88.447; 
 773;     -.868;    26.029;    88.447; 
 774;     -.869;    26.024;    88.447; 
 775;     -.870;    26.020;    88.447; 
 776;     -.875;    26.005;    88.447; 
 777;     -.878;    25.996;    88.447; 
 778;     -.882;    25.983;    88.447; 
 779;     -.885;    25.975;    88.447; 
 780;     -.889;    25.962;    88.447; 
 781;     -.891;    25.955;    88.447; 
 782;     -.893;    25.948;    88.447; 
 783;     -.897;    25.937;    88.447; 
 784;     -.899;    25.927;    88.447; 
 785;     -.901;    25.921;    88.447; 
 786;     -.905;    25.907;    88.447; 
 787;     -.907;    25.901;    88.447; 
 788;     -.910;    25.890;    88.447; 
 789;     -.913;    25.880;    88.447; 
 790;     -.916;    25.868;    88.447; 
 791;     -.918;    25.861;    88.447; 
 792;     -.921;    25.850;    88.447; 
 793;     -.925;    25.838;    88.447; 
 794;     -.928;    25.829;    88.447; 
 795;     -.931;    25.818;    88.447; 
 796;     -.934;    25.806;    88.447; 
 797;     -.937;    25.797;    88.447; 
 798;     -.940;    25.786;    88.447; 
 799;     -.943;    25.778;    88.447; 
 800;     -.945;    25.768;    88.447; 
 801;     -.948;    25.758;    88.447; 
 802;     -.950;    25.751;    88.447; 
 803;     -.954;    25.737;    88.447; 
 804;     -.956;    25.731;    88.447; 
 805;     -.959;    25.717;    88.447; 
 806;     -.962;    25.709;    88.447; 
 807;     -.965;    25.697;    88.447; 
 808;     -.967;    25.690;    88.447; 
 809;     -.969;    25.682;    88.447; 
 810;     -.972;    25.671;    88.447; 
 811;     -.974;    25.662;    88.447; 
 812;     -.976;    25.655;    88.447; 
 813;     -.979;    25.641;    88.447; 
 814;     -.981;    25.634;    88.447; 
 815;     -.984;    25.623;    88.447; 
 816;     -.987;    25.612;    88.447; 
 817;     -.989;    25.603;    88.447; 
 818;     -.992;    25.590;    88.447; 
 819;     -.994;    25.584;    88.447; 
 820;     -.995;    25.577;    88.447; 
 821;     -.997;    25.568;    88.447; 
 822;    -1.000;    25.557;    88.447; 
 823;    -1.004;    25.540;    88.447; 
 824;    -1.007;    25.526;    88.447; 
 825;    -1.009;    25.520;    88.447; 
 826;    -1.011;    25.512;    88.447; 
 827;    -1.012;    25.506;    88.447; 
 828;    -1.014;    25.495;    88.447; 
 829;    -1.016;    25.486;    88.447; 
 830;    -1.018;    25.478;    88.447; 
 831;    -1.021;    25.466;    88.447; 
 832;    -1.024;    25.452;    88.447; 
 833;    -1.026;    25.442;    88.447; 
 834;    -1.028;    25.433;    88.447; 
 835;    -1.029;    25.428;    88.447; 
 836;    -1.031;    25.418;    88.447; 
 837;    -1.033;    25.408;    88.447; 
 838;    -1.036;    25.394;    88.447; 
 839;    -1.039;    25.381;    88.447; 
 840;    -1.041;    25.371;    88.447; 
 841;    -1.042;    25.366;    88.447; 
 842;    -1.042;    25.363;    88.447; 
 843;    -1.044;    25.353;    88.447; 
 844;    -1.047;    25.334;    88.447; 
 845;    -1.050;    25.323;    88.447; 
 846;    -1.053;    25.307;    88.447; 
 847;    -1.056;    25.297;    88.447; 
 848;    -1.058;    25.287;    88.447; 
 849;    -1.060;    25.279;    88.447; 
 850;    -1.062;    25.269;    88.447; 
 851;    -1.063;    25.264;    88.447; 
 852;    -1.063;    25.263;    88.447; 
 853;    -1.063;    25.256;    88.447; 
 854;    -1.064;    25.252;    88.447; 
 855;    -1.067;    25.228;    88.447; 
 856;    -1.074;    25.201;    88.447; 
 857;    -1.078;    25.185;    88.447; 
 858;    -1.079;    25.180;    88.447; 
 859;    -1.081;    25.172;    88.447; 
 860;    -1.082;    25.165;    88.447; 
 861;    -1.083;    25.161;    88.447; 
 862;    -1.084;    25.156;    88.447; 
 863;    -1.085;    25.149;    88.447; 
 864;    -1.085;    25.147;    88.447; 
 865;    -1.085;    25.143;    88.447; 
 866;    -1.089;    25.115;    88.447; 
 867;    -1.093;    25.094;    88.447; 
 868;    -1.102;    25.064;    88.447; 
 869;    -1.107;    25.047;    88.447; 
 870;    -1.110;    25.039;    88.447; 
 871;    -1.113;    25.028;    88.447; 
 872;    -1.118;    25.014;    88.447; 
 873;    -1.126;    24.994;    88.447; 
 874;    -1.134;    24.976;    88.447; 
 875;    -1.144;    24.956;    88.447; 
 876;    -1.214;    24.872;    88.447; 
 877;    -1.319;    24.820;    88.447; 
 878;    -1.358;    24.813;    88.447; 
 879;    -1.385;    24.810;    88.447; 
 880;    -1.399;    24.810;    88.447; 
 881;    -1.411;    24.809;    88.447; 
 882;    -1.424;    24.808;    88.447; 
 883;    -1.435;    24.808;    88.447; 
 884;    -1.442;    24.807;    88.447; 
 885;    -1.449;    24.807;    88.447; 
 886;    -1.462;    24.806;    88.447; 
 887;    -1.475;    24.805;    88.447; 
 888;    -1.483;    24.805;    88.447; 
 889;    -1.489;    24.804;    88.447; 
 890;    -1.494;    24.804;    88.447; 
 891;    -1.509;    24.802;    88.447; 
 892;    -1.525;    24.801;    88.447; 
 893;    -1.537;    24.801;    88.447; 
 894;    -1.550;    24.800;    88.447; 
 895;    -1.557;    24.800;    88.447; 
 896;    -1.564;    24.799;    88.447; 
 897;    -1.571;    24.799;    88.447; 
 898;    -1.576;    24.798;    88.447; 
 899;    -1.587;    24.797;    88.447; 
 900;    -1.596;    24.796;    88.447; 
 901;    -1.614;    24.794;    88.447; 
 902;    -1.630;    24.793;    88.447; 
 903;    -1.635;    24.793;    88.447; 
 904;    -1.637;    24.793;    88.447; 
 905;    -1.646;    24.791;    88.447; 
 906;    -1.655;    24.790;    88.447; 
 907;    -1.667;    24.789;    88.447; 
 908;    -1.695;    24.787;    88.447; 
 909;    -1.719;    24.786;    88.447; 
 910;    -1.741;    24.787;    88.447; 
 911;    -1.751;    24.788;    88.447; 
 912;    -1.781;    24.791;    88.447; 
 913;    -1.822;    24.800;    88.447; 
 914;    -1.891;    24.829;    88.447; 
 915;    -1.985;    24.923;    88.447; 
 916;    -2.002;    24.955;    88.447; 
 917;    -2.008;    24.968;    88.447; 
 918;    -2.013;    24.979;    88.447; 
 919;    -2.017;    24.988;    88.447; 
 920;    -2.021;    24.997;    88.447; 
 921;    -2.031;    25.020;    88.447; 
 922;    -2.037;    25.037;    88.447; 
 923;    -2.043;    25.057;    88.447; 
 924;    -2.048;    25.072;    88.447; 
 925;    -2.052;    25.090;    88.447; 
 926;    -2.055;    25.102;    88.447; 
 927;    -2.058;    25.114;    88.447; 
 928;    -2.059;    25.115;    88.447; 
 929;    -2.059;    25.115;    88.447; 
 930;    -2.061;    25.120;    88.447; 
 931;    -2.061;    25.121;    88.447; 
 932;    -2.062;    25.122;    88.447; 
 933;    -2.064;    25.125;    88.447; 
 934;    -2.066;    25.129;    88.447; 
 935;    -2.075;    25.150;    88.447; 
 936;    -2.087;    25.179;    88.447; 
 937;    -2.094;    25.203;    88.447; 
 938;    -2.098;    25.217;    88.447; 
 939;    -2.101;    25.231;    88.447; 
 940;    -2.104;    25.243;    88.447; 
 941;    -2.106;    25.248;    88.447; 
 942;    -2.107;    25.252;    88.447; 
 943;    -2.109;    25.256;    88.447; 
 944;    -2.111;    25.263;    88.447; 
 945;    -2.113;    25.270;    88.447; 
 946;    -2.117;    25.280;    88.447; 
 947;    -2.121;    25.291;    88.447; 
 948;    -2.123;    25.297;    88.447; 
 949;    -2.126;    25.305;    88.447; 
 950;    -2.129;    25.311;    88.447; 
 951;    -2.131;    25.318;    88.447; 
 952;    -2.136;    25.330;    88.447; 
 953;    -2.138;    25.334;    88.447; 
 954;    -2.142;    25.342;    88.447; 
 955;    -2.143;    25.345;    88.447; 
 956;    -2.145;    25.349;    88.447; 
 957;    -2.149;    25.356;    88.447; 
 958;    -2.159;    25.376;    88.447; 
 959;    -2.167;    25.394;    88.447; 
 960;    -2.176;    25.418;    88.447; 
 961;    -2.181;    25.434;    88.447; 
 962;    -2.187;    25.456;    88.447; 
 963;    -2.189;    25.465;    88.447; 
 964;    -2.192;    25.475;    88.447; 
 965;    -2.195;    25.484;    88.447; 
 966;    -2.197;    25.492;    88.447; 
 967;    -2.199;    25.499;    88.447; 
 968;    -2.202;    25.506;    88.447; 
 969;    -2.205;    25.516;    88.447; 
 970;    -2.208;    25.524;    88.447; 
 971;    -2.211;    25.535;    88.447; 
 972;    -2.213;    25.540;    88.447; 
 973;    -2.215;    25.545;    88.447; 
 974;    -2.217;    25.550;    88.447; 
 975;    -2.220;    25.558;    88.447; 
 976;    -2.224;    25.570;    88.447; 
 977;    -2.228;    25.578;    88.447; 
 978;    -2.232;    25.587;    88.447; 
 979;    -2.234;    25.593;    88.447; 
 980;    -2.238;    25.602;    88.447; 
 981;    -2.244;    25.618;    88.447; 
 982;    -2.247;    25.625;    88.447; 
 983;    -2.251;    25.633;    88.447; 
 984;    -2.256;    25.646;    88.447; 
 985;    -2.259;    25.655;    88.447; 
 986;    -2.264;    25.666;    88.447; 
 987;    -2.267;    25.673;    88.447; 
 988;    -2.270;    25.681;    88.447; 
 989;    -2.273;    25.687;    88.447; 
 990;    -2.277;    25.696;    88.447; 
 991;    -2.279;    25.701;    88.447; 
 992;    -2.283;    25.707;    88.447; 
 993;    -2.285;    25.712;    88.447; 
 994;    -2.290;    25.722;    88.447; 
 995;    -2.306;    25.760;    88.447; 
 996;    -2.311;    25.773;    88.447; 
 997;    -2.314;    25.782;    88.447; 
 998;    -2.316;    25.785;    88.447; 
 999;    -2.318;    25.790;    88.447; 
1000;    -2.321;    25.798;    88.447; 
1001;    -2.324;    25.805;    88.447; 
1002;    -2.325;    25.807;    88.447; 
1003;    -2.331;    25.820;    88.447; 
1004;    -2.338;    25.834;    88.447; 
1005;    -2.342;    25.844;    88.447; 
1006;    -2.345;    25.850;    88.447; 
1007;    -2.348;    25.857;    88.447; 
1008;    -2.353;    25.868;    88.447; 
1009;    -2.356;    25.873;    88.447; 
1010;    -2.360;    25.883;    88.447; 
1011;    -2.365;    25.893;    88.447; 
1012;    -2.369;    25.901;    88.447; 
1013;    -2.374;    25.912;    88.447; 
1014;    -2.379;    25.920;    88.447; 
1015;    -2.382;    25.927;    88.447; 
1016;    -2.386;    25.934;    88.447; 
1017;    -2.394;    25.951;    88.447; 
1018;    -2.399;    25.962;    88.447; 
1019;    -2.408;    25.982;    88.447; 
1020;    -2.411;    25.990;    88.447; 
1021;    -2.414;    25.997;    88.447; 
1022;    -2.418;    26.005;    88.447; 
1023;    -2.421;    26.012;    88.447; 
1024;    -2.426;    26.022;    88.447; 
1025;    -2.430;    26.030;    88.447; 
1026;    -2.434;    26.040;    88.447; 
1027;    -2.437;    26.046;    88.447; 
1028;    -2.440;    26.052;    88.447; 
1029;    -2.447;    26.064;    88.447; 
1030;    -2.452;    26.074;    88.447; 
1031;    -2.456;    26.082;    88.447; 
1032;    -2.461;    26.093;    88.447; 
1033;    -2.463;    26.095;    88.447; 
1034;    -2.471;    26.112;    88.447; 
1035;    -2.478;    26.125;    88.447; 
1036;    -2.483;    26.137;    88.447; 
1037;    -2.487;    26.144;    88.447; 
1038;    -2.489;    26.149;    88.447; 
1039;    -2.493;    26.157;    88.447; 
1040;    -2.503;    26.176;    88.447; 
1041;    -2.507;    26.185;    88.447; 
1042;    -2.512;    26.195;    88.447; 
1043;    -2.515;    26.202;    88.447; 
1044;    -2.517;    26.204;    88.447; 
1045;    -2.523;    26.217;    88.447; 
1046;    -2.526;    26.222;    88.447; 
1047;    -2.533;    26.235;    88.447; 
1048;    -2.539;    26.248;    88.447; 
1049;    -2.543;    26.257;    88.447; 
1050;    -2.547;    26.263;    88.447; 
1051;    -2.551;    26.272;    88.447; 
1052;    -2.556;    26.281;    88.447; 
1053;    -2.562;    26.292;    88.447; 
1054;    -2.566;    26.301;    88.447; 
1055;    -2.571;    26.310;    88.447; 
1056;    -2.575;    26.317;    88.447; 
1057;    -2.578;    26.323;    88.447; 
1058;    -2.582;    26.330;    88.447; 
1059;    -2.584;    26.335;    88.447; 
1060;    -2.592;    26.347;    88.447; 
1061;    -2.597;    26.357;    88.447; 
1062;    -2.604;    26.369;    88.447; 
1063;    -2.608;    26.376;    88.447; 
1064;    -2.615;    26.390;    88.447; 
1065;    -2.624;    26.407;    88.447; 
1066;    -2.626;    26.412;    88.447; 
1067;    -2.629;    26.416;    88.447; 
1068;    -2.631;    26.419;    88.447; 
1069;    -2.636;    26.429;    88.447; 
1070;    -2.639;    26.434;    88.447; 
1071;    -2.641;    26.437;    88.447; 
1072;    -2.649;    26.449;    88.447; 
1073;    -2.660;    26.468;    88.447; 
1074;    -2.666;    26.481;    88.447; 
1075;    -2.676;    26.500;    88.447; 
1076;    -2.678;    26.505;    88.447; 
1077;    -2.684;    26.516;    88.447; 
1078;    -2.691;    26.530;    88.447; 
1079;    -2.694;    26.536;    88.447; 
1080;    -2.695;    26.538;    88.447; 
1081;    -2.698;    26.543;    88.447; 
1082;    -2.700;    26.546;    88.447; 
1083;    -2.704;    26.553;    88.447; 
1084;    -2.710;    26.564;    88.447; 
1085;    -2.716;    26.573;    88.447; 
1086;    -2.722;    26.584;    88.447; 
1087;    -2.729;    26.597;    88.447; 
1088;    -2.738;    26.612;    88.447; 
1089;    -2.742;    26.621;    88.447; 
1090;    -2.744;    26.623;    88.447; 
1091;    -2.748;    26.631;    88.447; 
1092;    -2.754;    26.641;    88.447; 
1093;    -2.761;    26.654;    88.447; 
1094;    -2.766;    26.662;    88.447; 
1095;    -2.772;    26.674;    88.447; 
1096;    -2.780;    26.688;    88.447; 
1097;    -2.783;    26.695;    88.447; 
1098;    -2.789;    26.705;    88.447; 
1099;    -2.792;    26.711;    88.447; 
1100;    -2.793;    26.712;    88.447; 
1101;    -2.797;    26.719;    88.447; 
1102;    -2.803;    26.728;    88.447; 
1103;    -2.809;    26.737;    88.447; 
1104;    -2.815;    26.749;    88.447; 
1105;    -2.822;    26.761;    88.447; 
1106;    -2.828;    26.771;    88.447; 
1107;    -2.830;    26.774;    88.447; 
1108;    -2.838;    26.786;    88.447; 
1109;    -2.842;    26.794;    88.447; 
1110;    -2.847;    26.801;    88.447; 
1111;    -2.851;    26.808;    88.447; 
1112;    -2.858;    26.820;    88.447; 
1113;    -2.861;    26.824;    88.447; 
1114;    -2.866;    26.832;    88.447; 
1115;    -2.871;    26.838;    88.447; 
1116;    -2.876;    26.846;    88.447; 
1117;    -2.880;    26.853;    88.447; 
1118;    -2.883;    26.857;    88.447; 
1119;    -2.885;    26.858;    88.447; 
1120;    -2.888;    26.862;    88.447; 
1121;    -2.893;    26.867;    88.447; 
1122;    -2.892;    26.867;    88.447; 
1123;    -2.895;    26.869;    88.447; 
1124;    -2.897;    26.871;    88.447; 
1125;    -2.898;    26.871;    88.447; 
1126;    -2.909;    26.881;    88.447; 
1127;    -2.915;    26.886;    88.447; 
1128;    -2.923;    26.894;    88.447; 
1129;    -2.934;    26.903;    88.447; 
1130;    -2.934;    26.904;    88.447; 
1131;    -2.940;    26.908;    88.447; 
1132;    -2.937;    26.906;    88.447; 
1133;    -2.940;    26.907;    88.447; 
1134;    -2.938;    26.906;    88.447; 
1135;    -2.943;    26.908;    88.447; 
1136;    -2.946;    26.910;    88.447; 
1137;    -2.951;    26.912;    88.447; 
1138;    -2.954;    26.913;    88.447; 
1139;    -2.962;    26.916;    88.447; 
1140;    -2.968;    26.919;    88.447; 
1141;    -2.976;    26.922;    88.447; 
1142;    -2.978;    26.923;    88.447; 
1143;    -2.981;    26.923;    88.447; 
1144;    -2.983;    26.924;    88.447; 
1145;    -2.986;    26.924;    88.447; 
1146;    -2.990;    26.925;    88.447; 
1147;    -2.997;    26.927;    88.447; 
1148;    -3.003;    26.927;    88.447; 
1149;    -3.011;    26.929;    88.447; 
1150;    -3.019;    26.930;    88.447; 
1151;    -3.028;    26.931;    88.447; 
1152;    -3.033;    26.932;    88.447; 
1153;    -3.037;    26.932;    88.447; 
1154;    -3.040;    26.932;    88.447; 
1155;    -3.041;    26.932;    88.447; 
1156;    -3.045;    26.932;    88.447; 
1157;    -3.045;    26.932;    88.447; 
1158;    -3.061;    26.931;    88.447; 
1159;    -3.069;    26.931;    88.447; 
1160;    -3.077;    26.931;    88.447; 
1161;    -3.085;    26.930;    88.447; 
