[A]
   1;     3.403;    26.719;    88.490; 
   2;     3.373;    26.723;    88.490; 
   3;     3.344;    26.727;    88.490; 
   4;     3.317;    26.730;    88.490; 
   5;     3.277;    26.737;    88.490; 
   6;     3.253;    26.740;    88.490; 
   7;     3.228;    26.743;    88.490; 
   8;     3.209;    26.744;    88.490; 
   9;     3.189;    26.744;    88.490; 
  10;     3.137;    26.749;    88.490; 
  11;     3.114;    26.751;    88.490; 
  12;     3.107;    26.750;    88.490; 
  13;     3.094;    26.748;    88.490; 
  14;     3.079;    26.745;    88.490; 
  15;     3.065;    26.742;    88.490; 
  16;     3.055;    26.738;    88.490; 
  17;     3.043;    26.733;    88.490; 
  18;     3.036;    26.728;    88.490; 
  19;     3.031;    26.724;    88.490; 
  20;     3.025;    26.718;    88.490; 
  21;     3.020;    26.711;    88.490; 
  22;     3.003;    26.695;    88.490; 
  23;     2.980;    26.672;    88.490; 
  24;     2.961;    26.653;    88.490; 
  25;     2.948;    26.638;    88.490; 
  26;     2.942;    26.629;    88.490; 
  27;     2.938;    26.621;    88.490; 
  28;     2.934;    26.611;    88.490; 
  29;     2.920;    26.585;    88.490; 
  30;     2.892;    26.541;    88.490; 
  31;     2.880;    26.520;    88.490; 
  32;     2.868;    26.500;    88.490; 
  33;     2.857;    26.478;    88.490; 
  34;     2.842;    26.450;    88.490; 
  35;     2.819;    26.413;    88.490; 
  36;     2.807;    26.392;    88.490; 
  37;     2.793;    26.368;    88.490; 
  38;     2.777;    26.339;    88.490; 
  39;     2.765;    26.317;    88.490; 
  40;     2.749;    26.289;    88.490; 
  41;     2.736;    26.264;    88.490; 
  42;     2.727;    26.245;    88.490; 
  43;     2.710;    26.213;    88.490; 
  44;     2.693;    26.182;    88.490; 
  45;     2.679;    26.156;    88.490; 
  46;     2.665;    26.130;    88.490; 
  47;     2.651;    26.103;    88.490; 
  48;     2.639;    26.079;    88.490; 
  49;     2.630;    26.059;    88.490; 
  50;     2.614;    26.027;    88.490; 
  51;     2.603;    26.003;    88.490; 
  52;     2.581;    25.963;    88.490; 
  53;     2.567;    25.937;    88.490; 
  54;     2.558;    25.919;    88.490; 
  55;     2.548;    25.897;    88.490; 
  56;     2.534;    25.868;    88.490; 
  57;     2.515;    25.831;    88.490; 
  58;     2.504;    25.808;    88.490; 
  59;     2.493;    25.785;    88.490; 
  60;     2.478;    25.755;    88.490; 
  61;     2.467;    25.731;    88.490; 
  62;     2.454;    25.703;    88.490; 
  63;     2.443;    25.679;    88.490; 
  64;     2.435;    25.657;    88.490; 
  65;     2.417;    25.618;    88.490; 
  66;     2.399;    25.583;    88.490; 
  67;     2.394;    25.571;    88.490; 
  68;     2.389;    25.555;    88.490; 
  69;     2.368;    25.507;    88.490; 
  70;     2.350;    25.471;    88.490; 
  71;     2.344;    25.458;    88.490; 
  72;     2.334;    25.433;    88.490; 
  73;     2.322;    25.405;    88.490; 
  74;     2.308;    25.373;    88.490; 
  75;     2.298;    25.349;    88.490; 
  76;     2.286;    25.321;    88.490; 
  77;     2.278;    25.300;    88.490; 
  78;     2.271;    25.281;    88.490; 
  79;     2.268;    25.266;    88.490; 
  80;     2.255;    25.225;    88.490; 
  81;     2.237;    25.181;    88.490; 
  82;     2.229;    25.160;    88.490; 
  83;     2.222;    25.138;    88.490; 
  84;     2.213;    25.113;    88.490; 
  85;     2.196;    25.071;    88.490; 
  86;     2.183;    25.040;    88.490; 
  87;     2.174;    25.015;    88.490; 
  88;     2.168;    24.998;    88.490; 
  89;     2.164;    24.983;    88.490; 
  90;     2.158;    24.959;    88.490; 
  91;     2.152;    24.933;    88.490; 
  92;     2.144;    24.899;    88.490; 
  93;     2.129;    24.854;    88.490; 
  94;     2.112;    24.811;    88.490; 
  95;     2.076;    24.746;    88.490; 
  96;     2.047;    24.706;    88.490; 
  97;     1.885;    24.607;    88.490; 
  98;     1.773;    24.600;    88.490; 
  99;     1.744;    24.601;    88.490; 
 100;     1.711;    24.604;    88.490; 
 101;     1.677;    24.606;    88.490; 
 102;     1.650;    24.608;    88.490; 
 103;     1.615;    24.611;    88.490; 
 104;     1.589;    24.612;    88.490; 
 105;     1.561;    24.614;    88.490; 
 106;     1.528;    24.616;    88.490; 
 107;     1.508;    24.616;    88.490; 
 108;     1.463;    24.620;    88.490; 
 109;     1.405;    24.629;    88.490; 
 110;     1.227;    24.765;    88.490; 
 111;     1.190;    24.854;    88.490; 
 112;     1.181;    24.885;    88.490; 
 113;     1.170;    24.931;    88.490; 
 114;     1.163;    24.964;    88.490; 
 115;     1.156;    25.029;    88.490; 
 116;     1.153;    25.049;    88.490; 
 117;     1.151;    25.057;    88.490; 
 118;     1.145;    25.079;    88.490; 
 119;     1.139;    25.102;    88.490; 
 120;     1.130;    25.144;    88.490; 
 121;     1.124;    25.166;    88.490; 
 122;     1.117;    25.195;    88.490; 
 123;     1.109;    25.234;    88.490; 
 124;     1.102;    25.267;    88.490; 
 125;     1.097;    25.289;    88.490; 
 126;     1.090;    25.324;    88.490; 
 127;     1.085;    25.346;    88.490; 
 128;     1.078;    25.378;    88.490; 
 129;     1.070;    25.416;    88.490; 
 130;     1.065;    25.434;    88.490; 
 131;     1.059;    25.455;    88.490; 
 132;     1.051;    25.482;    88.490; 
 133;     1.044;    25.504;    88.490; 
 134;     1.033;    25.546;    88.490; 
 135;     1.026;    25.571;    88.490; 
 136;     1.018;    25.597;    88.490; 
 137;     1.008;    25.630;    88.490; 
 138;     1.004;    25.642;    88.490; 
 139;      .990;    25.687;    88.490; 
 140;      .979;    25.736;    88.490; 
 141;      .976;    25.742;    88.490; 
 142;      .971;    25.754;    88.490; 
 143;      .954;    25.819;    88.490; 
 144;      .949;    25.832;    88.490; 
 145;      .940;    25.860;    88.490; 
 146;      .932;    25.887;    88.490; 
 147;      .923;    25.916;    88.490; 
 148;      .915;    25.940;    88.490; 
 149;      .905;    25.965;    88.490; 
 150;      .892;    26.009;    88.490; 
 151;      .887;    26.024;    88.490; 
 152;      .876;    26.054;    88.490; 
 153;      .866;    26.087;    88.490; 
 154;      .857;    26.111;    88.490; 
 155;      .850;    26.128;    88.490; 
 156;      .836;    26.168;    88.490; 
 157;      .824;    26.201;    88.490; 
 158;      .816;    26.225;    88.490; 
 159;      .805;    26.255;    88.490; 
 160;      .797;    26.278;    88.490; 
 161;      .788;    26.299;    88.490; 
 162;      .774;    26.337;    88.490; 
 163;      .764;    26.365;    88.490; 
 164;      .753;    26.396;    88.490; 
 165;      .744;    26.421;    88.490; 
 166;      .734;    26.448;    88.490; 
 167;      .725;    26.469;    88.490; 
 168;      .714;    26.498;    88.490; 
 169;      .704;    26.522;    88.490; 
 170;      .689;    26.558;    88.490; 
 171;      .679;    26.584;    88.490; 
 172;      .667;    26.614;    88.490; 
 173;      .656;    26.641;    88.490; 
 174;      .647;    26.661;    88.490; 
 175;      .635;    26.688;    88.490; 
 176;      .621;    26.721;    88.490; 
 177;      .605;    26.765;    88.490; 
 178;      .597;    26.785;    88.490; 
 179;      .590;    26.801;    88.490; 
 180;      .580;    26.820;    88.490; 
 181;      .573;    26.830;    88.490; 
 182;      .563;    26.844;    88.490; 
 183;      .554;    26.855;    88.490; 
 184;      .545;    26.864;    88.490; 
 185;      .537;    26.871;    88.490; 
 186;      .524;    26.881;    88.490; 
 187;      .508;    26.894;    88.490; 
 188;      .497;    26.900;    88.490; 
 189;      .491;    26.902;    88.490; 
 190;      .484;    26.903;    88.490; 
 191;      .463;    26.911;    88.490; 
 192;      .438;    26.919;    88.490; 
 193;      .430;    26.920;    88.490; 
 194;      .421;    26.921;    88.490; 
 195;      .405;    26.922;    88.490; 
 196;      .384;    26.923;    88.490; 
 197;      .362;    26.923;    88.490; 
 198;      .338;    26.923;    88.490; 
 199;      .309;    26.923;    88.490; 
 200;      .261;    26.925;    88.490; 
 201;      .242;    26.925;    88.490; 
 202;      .218;    26.925;    88.490; 
 203;      .185;    26.925;    88.490; 
 204;      .150;    26.925;    88.490; 
 205;      .123;    26.926;    88.490; 
 206;      .095;    26.925;    88.490; 
 207;      .067;    26.925;    88.490; 
 208;      .035;    26.925;    88.490; 
 209;      .005;    26.924;    88.490; 
 210;     -.012;    26.923;    88.490; 
 211;     -.042;    26.920;    88.490; 
 212;     -.083;    26.919;    88.490; 
 213;     -.114;    26.918;    88.490; 
 214;     -.124;    26.916;    88.490; 
 215;     -.135;    26.913;    88.490; 
 216;     -.144;    26.910;    88.490; 
 217;     -.150;    26.906;    88.490; 
 218;     -.194;    26.892;    88.490; 
 219;     -.236;    26.881;    88.490; 
 220;     -.250;    26.876;    88.490; 
 221;     -.255;    26.872;    88.490; 
 222;     -.259;    26.868;    88.490; 
 223;     -.263;    26.864;    88.490; 
 224;     -.267;    26.859;    88.490; 
 225;     -.273;    26.851;    88.490; 
 226;     -.279;    26.843;    88.490; 
 227;     -.290;    26.828;    88.490; 
 228;     -.292;    26.822;    88.490; 
 229;     -.293;    26.816;    88.490; 
 230;     -.299;    26.801;    88.490; 
 231;     -.323;    26.752;    88.490; 
 232;     -.339;    26.721;    88.490; 
 233;     -.348;    26.703;    88.490; 
 234;     -.353;    26.689;    88.490; 
 235;     -.368;    26.655;    88.490; 
 236;     -.378;    26.632;    88.490; 
 237;     -.389;    26.605;    88.490; 
 238;     -.406;    26.569;    88.490; 
 239;     -.414;    26.549;    88.490; 
 240;     -.422;    26.526;    88.490; 
 241;     -.430;    26.504;    88.490; 
 242;     -.447;    26.462;    88.490; 
 243;     -.460;    26.433;    88.490; 
 244;     -.466;    26.415;    88.490; 
 245;     -.478;    26.383;    88.490; 
 246;     -.487;    26.357;    88.490; 
 247;     -.498;    26.329;    88.490; 
 248;     -.510;    26.296;    88.490; 
 249;     -.520;    26.270;    88.490; 
 250;     -.531;    26.240;    88.490; 
 251;     -.543;    26.210;    88.490; 
 252;     -.553;    26.184;    88.490; 
 253;     -.557;    26.170;    88.490; 
 254;     -.565;    26.141;    88.490; 
 255;     -.578;    26.104;    88.490; 
 256;     -.587;    26.075;    88.490; 
 257;     -.597;    26.047;    88.490; 
 258;     -.619;    25.996;    88.490; 
 259;     -.630;    25.971;    88.490; 
 260;     -.635;    25.956;    88.490; 
 261;     -.638;    25.943;    88.490; 
 262;     -.648;    25.909;    88.490; 
 263;     -.664;    25.864;    88.490; 
 264;     -.670;    25.845;    88.490; 
 265;     -.679;    25.820;    88.490; 
 266;     -.689;    25.789;    88.490; 
 267;     -.699;    25.758;    88.490; 
 268;     -.705;    25.736;    88.490; 
 269;     -.711;    25.715;    88.490; 
 270;     -.717;    25.689;    88.490; 
 271;     -.730;    25.646;    88.490; 
 272;     -.743;    25.610;    88.490; 
 273;     -.749;    25.588;    88.490; 
 274;     -.758;    25.560;    88.490; 
 275;     -.764;    25.539;    88.490; 
 276;     -.769;    25.517;    88.490; 
 277;     -.779;    25.479;    88.490; 
 278;     -.789;    25.445;    88.490; 
 279;     -.795;    25.424;    88.490; 
 280;     -.798;    25.406;    88.490; 
 281;     -.808;    25.367;    88.490; 
 282;     -.810;    25.351;    88.490; 
 283;     -.812;    25.335;    88.490; 
 284;     -.825;    25.275;    88.490; 
 285;     -.835;    25.240;    88.490; 
 286;     -.843;    25.211;    88.490; 
 287;     -.849;    25.187;    88.490; 
 288;     -.857;    25.157;    88.490; 
 289;     -.865;    25.127;    88.490; 
 290;     -.872;    25.100;    88.490; 
 291;     -.878;    25.074;    88.490; 
 292;     -.882;    25.053;    88.490; 
 293;     -.887;    25.025;    88.490; 
 294;     -.894;    24.992;    88.490; 
 295;     -.898;    24.966;    88.490; 
 296;     -.904;    24.936;    88.490; 
 297;     -.910;    24.904;    88.490; 
 298;     -.919;    24.863;    88.490; 
 299;     -.941;    24.801;    88.490; 
 300;    -1.023;    24.692;    88.490; 
 301;    -1.191;    24.621;    88.490; 
 302;    -1.244;    24.618;    88.490; 
 303;    -1.266;    24.616;    88.490; 
 304;    -1.298;    24.614;    88.490; 
 305;    -1.336;    24.612;    88.490; 
 306;    -1.361;    24.611;    88.490; 
 307;    -1.390;    24.609;    88.490; 
 308;    -1.423;    24.607;    88.490; 
 309;    -1.448;    24.605;    88.490; 
 310;    -1.469;    24.602;    88.490; 
 311;    -1.513;    24.599;    88.490; 
 312;    -1.559;    24.599;    88.490; 
 313;    -1.743;    24.677;    88.490; 
 314;    -1.819;    24.785;    88.490; 
 315;    -1.838;    24.830;    88.490; 
 316;    -1.850;    24.860;    88.490; 
 317;    -1.855;    24.869;    88.490; 
 318;    -1.880;    24.943;    88.490; 
 319;    -1.890;    24.997;    88.490; 
 320;    -1.894;    25.008;    88.490; 
 321;    -1.898;    25.017;    88.490; 
 322;    -1.905;    25.034;    88.490; 
 323;    -1.921;    25.085;    88.490; 
 324;    -1.929;    25.113;    88.490; 
 325;    -1.936;    25.132;    88.490; 
 326;    -1.944;    25.155;    88.490; 
 327;    -1.956;    25.185;    88.490; 
 328;    -1.968;    25.222;    88.490; 
 329;    -1.975;    25.242;    88.490; 
 330;    -1.986;    25.271;    88.490; 
 331;    -1.997;    25.298;    88.490; 
 332;    -2.007;    25.326;    88.490; 
 333;    -2.017;    25.353;    88.490; 
 334;    -2.030;    25.385;    88.490; 
 335;    -2.040;    25.412;    88.490; 
 336;    -2.048;    25.431;    88.490; 
 337;    -2.061;    25.463;    88.490; 
 338;    -2.074;    25.494;    88.490; 
 339;    -2.082;    25.510;    88.490; 
 340;    -2.092;    25.531;    88.490; 
 341;    -2.113;    25.584;    88.490; 
 342;    -2.124;    25.611;    88.490; 
 343;    -2.132;    25.630;    88.490; 
 344;    -2.143;    25.656;    88.490; 
 345;    -2.156;    25.688;    88.490; 
 346;    -2.166;    25.709;    88.490; 
 347;    -2.179;    25.737;    88.490; 
 348;    -2.192;    25.766;    88.490; 
 349;    -2.203;    25.791;    88.490; 
 350;    -2.216;    25.818;    88.490; 
 351;    -2.229;    25.845;    88.490; 
 352;    -2.239;    25.865;    88.490; 
 353;    -2.253;    25.893;    88.490; 
 354;    -2.272;    25.935;    88.490; 
 355;    -2.281;    25.953;    88.490; 
 356;    -2.294;    25.978;    88.490; 
 357;    -2.307;    26.007;    88.490; 
 358;    -2.319;    26.030;    88.490; 
 359;    -2.335;    26.062;    88.490; 
 360;    -2.349;    26.090;    88.490; 
 361;    -2.360;    26.113;    88.490; 
 362;    -2.374;    26.141;    88.490; 
 363;    -2.388;    26.167;    88.490; 
 364;    -2.401;    26.194;    88.490; 
 365;    -2.416;    26.222;    88.490; 
 366;    -2.428;    26.244;    88.490; 
 367;    -2.443;    26.274;    88.490; 
 368;    -2.455;    26.296;    88.490; 
 369;    -2.470;    26.323;    88.490; 
 370;    -2.485;    26.351;    88.490; 
 371;    -2.501;    26.382;    88.490; 
 372;    -2.515;    26.407;    88.490; 
 373;    -2.528;    26.430;    88.490; 
 374;    -2.542;    26.455;    88.490; 
 375;    -2.558;    26.485;    88.490; 
 376;    -2.573;    26.514;    88.490; 
 377;    -2.585;    26.536;    88.490; 
 378;    -2.600;    26.562;    88.490; 
 379;    -2.616;    26.589;    88.490; 
 380;    -2.632;    26.618;    88.490; 
 381;    -2.644;    26.640;    88.490; 
 382;    -2.653;    26.651;    88.490; 
 383;    -2.659;    26.658;    88.490; 
 384;    -2.674;    26.675;    88.490; 
 385;    -2.698;    26.705;    88.490; 
 386;    -2.706;    26.713;    88.490; 
 387;    -2.718;    26.724;    88.490; 
 388;    -2.731;    26.734;    88.490; 
 389;    -2.742;    26.742;    88.490; 
 390;    -2.752;    26.747;    88.490; 
 391;    -2.762;    26.751;    88.490; 
 392;    -2.773;    26.754;    88.490; 
 393;    -2.785;    26.757;    88.490; 
 394;    -2.797;    26.760;    88.490; 
 395;    -2.814;    26.762;    88.490; 
 396;    -2.826;    26.763;    88.490; 
 397;    -2.836;    26.762;    88.490; 
 398;    -2.849;    26.760;    88.490; 
