[A]
   1;     3.689;    26.924;    91.216; 
   2;     3.659;    26.928;    91.216; 
   3;     3.630;    26.932;    91.216; 
   4;     3.596;    26.936;    91.216; 
   5;     3.567;    26.940;    91.216; 
   6;     3.541;    26.943;    91.216; 
   7;     3.506;    26.948;    91.216; 
   8;     3.480;    26.951;    91.216; 
   9;     3.446;    26.956;    91.216; 
  10;     3.423;    26.958;    91.216; 
  11;     3.399;    26.960;    91.216; 
  12;     3.357;    26.965;    91.216; 
  13;     3.330;    26.969;    91.216; 
  14;     3.301;    26.972;    91.216; 
  15;     3.273;    26.975;    91.216; 
  16;     3.259;    26.975;    91.216; 
  17;     3.247;    26.974;    91.216; 
  18;     3.236;    26.972;    91.216; 
  19;     3.223;    26.968;    91.216; 
  20;     3.212;    26.965;    91.216; 
  21;     3.199;    26.960;    91.216; 
  22;     3.190;    26.955;    91.216; 
  23;     3.180;    26.948;    91.216; 
  24;     3.166;    26.940;    91.216; 
  25;     3.154;    26.930;    91.216; 
  26;     3.144;    26.921;    91.216; 
  27;     3.136;    26.912;    91.216; 
  28;     3.126;    26.901;    91.216; 
  29;     3.112;    26.883;    91.216; 
  30;     3.104;    26.872;    91.216; 
  31;     3.094;    26.857;    91.216; 
  32;     3.081;    26.836;    91.216; 
  33;     3.068;    26.814;    91.216; 
  34;     3.056;    26.793;    91.216; 
  35;     3.041;    26.767;    91.216; 
  36;     3.025;    26.739;    91.216; 
  37;     3.010;    26.714;    91.216; 
  38;     2.992;    26.683;    91.216; 
  39;     2.980;    26.661;    91.216; 
  40;     2.965;    26.636;    91.216; 
  41;     2.952;    26.611;    91.216; 
  42;     2.936;    26.583;    91.216; 
  43;     2.919;    26.553;    91.216; 
  44;     2.904;    26.527;    91.216; 
  45;     2.891;    26.504;    91.216; 
  46;     2.882;    26.484;    91.216; 
  47;     2.866;    26.454;    91.216; 
  48;     2.846;    26.419;    91.216; 
  49;     2.830;    26.391;    91.216; 
  50;     2.817;    26.368;    91.216; 
  51;     2.803;    26.343;    91.216; 
  52;     2.790;    26.318;    91.216; 
  53;     2.777;    26.292;    91.216; 
  54;     2.763;    26.266;    91.216; 
  55;     2.749;    26.239;    91.216; 
  56;     2.736;    26.214;    91.216; 
  57;     2.720;    26.184;    91.216; 
  58;     2.707;    26.159;    91.216; 
  59;     2.694;    26.134;    91.216; 
  60;     2.683;    26.110;    91.216; 
  61;     2.668;    26.081;    91.216; 
  62;     2.653;    26.051;    91.216; 
  63;     2.641;    26.026;    91.216; 
  64;     2.629;    26.002;    91.216; 
  65;     2.616;    25.974;    91.216; 
  66;     2.603;    25.947;    91.216; 
  67;     2.590;    25.919;    91.216; 
  68;     2.579;    25.895;    91.216; 
  69;     2.565;    25.865;    91.216; 
  70;     2.554;    25.840;    91.216; 
  71;     2.542;    25.814;    91.216; 
  72;     2.526;    25.779;    91.216; 
  73;     2.515;    25.756;    91.216; 
  74;     2.506;    25.735;    91.216; 
  75;     2.491;    25.701;    91.216; 
  76;     2.480;    25.674;    91.216; 
  77;     2.470;    25.651;    91.216; 
  78;     2.459;    25.623;    91.216; 
  79;     2.446;    25.592;    91.216; 
  80;     2.433;    25.563;    91.216; 
  81;     2.423;    25.536;    91.216; 
  82;     2.413;    25.511;    91.216; 
  83;     2.402;    25.484;    91.216; 
  84;     2.391;    25.456;    91.216; 
  85;     2.379;    25.427;    91.216; 
  86;     2.371;    25.403;    91.216; 
  87;     2.364;    25.382;    91.216; 
  88;     2.351;    25.346;    91.216; 
  89;     2.335;    25.308;    91.216; 
  90;     2.330;    25.292;    91.216; 
  91;     2.320;    25.264;    91.216; 
  92;     2.314;    25.243;    91.216; 
  93;     2.302;    25.207;    91.216; 
  94;     2.291;    25.175;    91.216; 
  95;     2.284;    25.154;    91.216; 
  96;     2.269;    25.114;    91.216; 
  97;     2.260;    25.089;    91.216; 
  98;     2.250;    25.060;    91.216; 
  99;     2.232;    25.017;    91.216; 
 100;     2.214;    24.980;    91.216; 
 101;     2.164;    24.909;    91.216; 
 102;     1.958;    24.816;    91.216; 
 103;     1.893;    24.818;    91.216; 
 104;     1.862;    24.820;    91.216; 
 105;     1.831;    24.822;    91.216; 
 106;     1.796;    24.826;    91.216; 
 107;     1.772;    24.827;    91.216; 
 108;     1.735;    24.831;    91.216; 
 109;     1.714;    24.832;    91.216; 
 110;     1.678;    24.835;    91.216; 
 111;     1.643;    24.838;    91.216; 
 112;     1.614;    24.841;    91.216; 
 113;     1.578;    24.845;    91.216; 
 114;     1.459;    24.889;    91.216; 
 115;     1.333;    25.066;    91.216; 
 116;     1.323;    25.106;    91.216; 
 117;     1.314;    25.147;    91.216; 
 118;     1.308;    25.181;    91.216; 
 119;     1.303;    25.208;    91.216; 
 120;     1.297;    25.242;    91.216; 
 121;     1.292;    25.269;    91.216; 
 122;     1.286;    25.305;    91.216; 
 123;     1.281;    25.328;    91.216; 
 124;     1.276;    25.359;    91.216; 
 125;     1.270;    25.388;    91.216; 
 126;     1.264;    25.417;    91.216; 
 127;     1.258;    25.449;    91.216; 
 128;     1.253;    25.473;    91.216; 
 129;     1.246;    25.503;    91.216; 
 130;     1.240;    25.532;    91.216; 
 131;     1.233;    25.566;    91.216; 
 132;     1.227;    25.590;    91.216; 
 133;     1.221;    25.616;    91.216; 
 134;     1.214;    25.639;    91.216; 
 135;     1.205;    25.679;    91.216; 
 136;     1.199;    25.704;    91.216; 
 137;     1.192;    25.731;    91.216; 
 138;     1.184;    25.761;    91.216; 
 139;     1.175;    25.797;    91.216; 
 140;     1.168;    25.822;    91.216; 
 141;     1.162;    25.845;    91.216; 
 142;     1.152;    25.883;    91.216; 
 143;     1.146;    25.907;    91.216; 
 144;     1.138;    25.936;    91.216; 
 145;     1.130;    25.963;    91.216; 
 146;     1.123;    25.983;    91.216; 
 147;     1.115;    26.004;    91.216; 
 148;     1.103;    26.045;    91.216; 
 149;     1.091;    26.094;    91.216; 
 150;     1.085;    26.112;    91.216; 
 151;     1.079;    26.134;    91.216; 
 152;     1.071;    26.155;    91.216; 
 153;     1.065;    26.168;    91.216; 
 154;     1.054;    26.193;    91.216; 
 155;     1.033;    26.272;    91.216; 
 156;     1.028;    26.287;    91.216; 
 157;     1.021;    26.312;    91.216; 
 158;     1.013;    26.338;    91.216; 
 159;     1.004;    26.367;    91.216; 
 160;      .995;    26.397;    91.216; 
 161;      .987;    26.418;    91.216; 
 162;      .977;    26.450;    91.216; 
 163;      .968;    26.476;    91.216; 
 164;      .958;    26.507;    91.216; 
 165;      .949;    26.532;    91.216; 
 166;      .940;    26.556;    91.216; 
 167;      .929;    26.590;    91.216; 
 168;      .919;    26.616;    91.216; 
 169;      .909;    26.645;    91.216; 
 170;      .899;    26.671;    91.216; 
 171;      .889;    26.701;    91.216; 
 172;      .878;    26.729;    91.216; 
 173;      .868;    26.756;    91.216; 
 174;      .857;    26.785;    91.216; 
 175;      .846;    26.814;    91.216; 
 176;      .836;    26.841;    91.216; 
 177;      .827;    26.862;    91.216; 
 178;      .815;    26.889;    91.216; 
 179;      .800;    26.931;    91.216; 
 180;      .790;    26.956;    91.216; 
 181;      .784;    26.969;    91.216; 
 182;      .771;    26.999;    91.216; 
 183;      .756;    27.036;    91.216; 
 184;      .750;    27.047;    91.216; 
 185;      .742;    27.060;    91.216; 
 186;      .732;    27.075;    91.216; 
 187;      .722;    27.089;    91.216; 
 188;      .714;    27.097;    91.216; 
 189;      .707;    27.104;    91.216; 
 190;      .691;    27.118;    91.216; 
 191;      .681;    27.125;    91.216; 
 192;      .673;    27.129;    91.216; 
 193;      .665;    27.132;    91.216; 
 194;      .652;    27.138;    91.216; 
 195;      .633;    27.145;    91.216; 
 196;      .613;    27.152;    91.216; 
 197;      .587;    27.161;    91.216; 
 198;      .573;    27.164;    91.216; 
 199;      .567;    27.163;    91.216; 
 200;      .555;    27.164;    91.216; 
 201;      .539;    27.163;    91.216; 
 202;      .508;    27.164;    91.216; 
 203;      .479;    27.165;    91.216; 
 204;      .447;    27.166;    91.216; 
 205;      .421;    27.166;    91.216; 
 206;      .394;    27.166;    91.216; 
 207;      .351;    27.167;    91.216; 
 208;      .324;    27.168;    91.216; 
 209;      .299;    27.168;    91.216; 
 210;      .269;    27.168;    91.216; 
 211;      .239;    27.168;    91.216; 
 212;      .218;    27.167;    91.216; 
 213;      .190;    27.166;    91.216; 
 214;      .136;    27.168;    91.216; 
 215;      .105;    27.169;    91.216; 
 216;      .075;    27.171;    91.216; 
 217;      .053;    27.171;    91.216; 
 218;      .032;    27.171;    91.216; 
 219;      .016;    27.169;    91.216; 
 220;    -0.000;    27.166;    91.216; 
 221;     -.013;    27.163;    91.216; 
 222;     -.023;    27.159;    91.216; 
 223;     -.028;    27.155;    91.216; 
 224;     -.043;    27.148;    91.216; 
 225;     -.066;    27.136;    91.216; 
 226;     -.079;    27.128;    91.216; 
 227;     -.087;    27.122;    91.216; 
 228;     -.093;    27.115;    91.216; 
 229;     -.100;    27.107;    91.216; 
 230;     -.112;    27.093;    91.216; 
 231;     -.125;    27.077;    91.216; 
 232;     -.131;    27.067;    91.216; 
 233;     -.136;    27.056;    91.216; 
 234;     -.145;    27.040;    91.216; 
 235;     -.154;    27.021;    91.216; 
 236;     -.166;    26.993;    91.216; 
 237;     -.176;    26.970;    91.216; 
 238;     -.188;    26.943;    91.216; 
 239;     -.201;    26.913;    91.216; 
 240;     -.213;    26.886;    91.216; 
 241;     -.222;    26.862;    91.216; 
 242;     -.235;    26.832;    91.216; 
 243;     -.246;    26.806;    91.216; 
 244;     -.260;    26.773;    91.216; 
 245;     -.272;    26.746;    91.216; 
 246;     -.281;    26.722;    91.216; 
 247;     -.293;    26.693;    91.216; 
 248;     -.306;    26.663;    91.216; 
 249;     -.316;    26.637;    91.216; 
 250;     -.327;    26.611;    91.216; 
 251;     -.337;    26.583;    91.216; 
 252;     -.349;    26.554;    91.216; 
 253;     -.361;    26.523;    91.216; 
 254;     -.371;    26.499;    91.216; 
 255;     -.382;    26.470;    91.216; 
 256;     -.392;    26.443;    91.216; 
 257;     -.403;    26.414;    91.216; 
 258;     -.412;    26.388;    91.216; 
 259;     -.423;    26.360;    91.216; 
 260;     -.433;    26.332;    91.216; 
 261;     -.442;    26.306;    91.216; 
 262;     -.451;    26.279;    91.216; 
 263;     -.462;    26.247;    91.216; 
 264;     -.473;    26.217;    91.216; 
 265;     -.481;    26.192;    91.216; 
 266;     -.494;    26.157;    91.216; 
 267;     -.504;    26.129;    91.216; 
 268;     -.513;    26.103;    91.216; 
 269;     -.520;    26.080;    91.216; 
 270;     -.527;    26.056;    91.216; 
 271;     -.537;    26.023;    91.216; 
 272;     -.550;    25.985;    91.216; 
 273;     -.558;    25.960;    91.216; 
 274;     -.565;    25.935;    91.216; 
 275;     -.574;    25.906;    91.216; 
 276;     -.585;    25.874;    91.216; 
 277;     -.592;    25.849;    91.216; 
 278;     -.597;    25.829;    91.216; 
 279;     -.609;    25.790;    91.216; 
 280;     -.617;    25.761;    91.216; 
 281;     -.625;    25.733;    91.216; 
 282;     -.632;    25.710;    91.216; 
 283;     -.639;    25.683;    91.216; 
 284;     -.648;    25.647;    91.216; 
 285;     -.655;    25.621;    91.216; 
 286;     -.664;    25.591;    91.216; 
 287;     -.670;    25.566;    91.216; 
 288;     -.680;    25.530;    91.216; 
 289;     -.684;    25.511;    91.216; 
 290;     -.690;    25.483;    91.216; 
 291;     -.702;    25.440;    91.216; 
 292;     -.706;    25.422;    91.216; 
 293;     -.712;    25.395;    91.216; 
 294;     -.720;    25.362;    91.216; 
 295;     -.726;    25.334;    91.216; 
 296;     -.733;    25.305;    91.216; 
 297;     -.736;    25.284;    91.216; 
 298;     -.742;    25.255;    91.216; 
 299;     -.750;    25.217;    91.216; 
 300;     -.757;    25.185;    91.216; 
 301;     -.763;    25.157;    91.216; 
 302;     -.773;    25.120;    91.216; 
 303;     -.787;    25.074;    91.216; 
 304;     -.806;    25.027;    91.216; 
 305;     -.953;    24.887;    91.216; 
 306;    -1.074;    24.860;    91.216; 
 307;    -1.119;    24.858;    91.216; 
 308;    -1.142;    24.857;    91.216; 
 309;    -1.170;    24.855;    91.216; 
 310;    -1.205;    24.854;    91.216; 
 311;    -1.224;    24.852;    91.216; 
 312;    -1.271;    24.850;    91.216; 
 313;    -1.304;    24.850;    91.216; 
 314;    -1.329;    24.849;    91.216; 
 315;    -1.357;    24.848;    91.216; 
 316;    -1.388;    24.846;    91.216; 
 317;    -1.467;    24.854;    91.216; 
 318;    -1.652;    24.986;    91.216; 
 319;    -1.687;    25.058;    91.216; 
 320;    -1.700;    25.090;    91.216; 
 321;    -1.715;    25.137;    91.216; 
 322;    -1.724;    25.163;    91.216; 
 323;    -1.734;    25.196;    91.216; 
 324;    -1.743;    25.226;    91.216; 
 325;    -1.751;    25.248;    91.216; 
 326;    -1.758;    25.266;    91.216; 
 327;    -1.772;    25.306;    91.216; 
 328;    -1.783;    25.346;    91.216; 
 329;    -1.790;    25.369;    91.216; 
 330;    -1.797;    25.388;    91.216; 
 331;    -1.807;    25.415;    91.216; 
 332;    -1.817;    25.440;    91.216; 
 333;    -1.828;    25.469;    91.216; 
 334;    -1.841;    25.508;    91.216; 
 335;    -1.851;    25.535;    91.216; 
 336;    -1.859;    25.554;    91.216; 
 337;    -1.871;    25.586;    91.216; 
 338;    -1.881;    25.613;    91.216; 
 339;    -1.891;    25.638;    91.216; 
 340;    -1.902;    25.664;    91.216; 
 341;    -1.913;    25.691;    91.216; 
 342;    -1.928;    25.732;    91.216; 
 343;    -1.935;    25.748;    91.216; 
 344;    -1.945;    25.769;    91.216; 
 345;    -1.961;    25.810;    91.216; 
 346;    -1.971;    25.835;    91.216; 
 347;    -1.979;    25.850;    91.216; 
 348;    -1.997;    25.895;    91.216; 
 349;    -2.005;    25.913;    91.216; 
 350;    -2.017;    25.940;    91.216; 
 351;    -2.030;    25.970;    91.216; 
 352;    -2.040;    25.992;    91.216; 
 353;    -2.052;    26.016;    91.216; 
 354;    -2.068;    26.053;    91.216; 
 355;    -2.081;    26.084;    91.216; 
 356;    -2.090;    26.105;    91.216; 
 357;    -2.102;    26.132;    91.216; 
 358;    -2.115;    26.160;    91.216; 
 359;    -2.127;    26.184;    91.216; 
 360;    -2.138;    26.206;    91.216; 
 361;    -2.154;    26.241;    91.216; 
 362;    -2.166;    26.268;    91.216; 
 363;    -2.178;    26.293;    91.216; 
 364;    -2.192;    26.320;    91.216; 
 365;    -2.204;    26.345;    91.216; 
 366;    -2.215;    26.365;    91.216; 
 367;    -2.232;    26.399;    91.216; 
 368;    -2.243;    26.418;    91.216; 
 369;    -2.255;    26.439;    91.216; 
 370;    -2.271;    26.467;    91.216; 
 371;    -2.293;    26.513;    91.216; 
 372;    -2.302;    26.531;    91.216; 
 373;    -2.318;    26.563;    91.216; 
 374;    -2.332;    26.593;    91.216; 
 375;    -2.343;    26.615;    91.216; 
 376;    -2.352;    26.631;    91.216; 
 377;    -2.370;    26.665;    91.216; 
 378;    -2.385;    26.696;    91.216; 
 379;    -2.393;    26.708;    91.216; 
 380;    -2.409;    26.735;    91.216; 
 381;    -2.424;    26.760;    91.216; 
 382;    -2.432;    26.772;    91.216; 
 383;    -2.452;    26.802;    91.216; 
 384;    -2.478;    26.850;    91.216; 
 385;    -2.491;    26.876;    91.216; 
 386;    -2.498;    26.885;    91.216; 
 387;    -2.511;    26.903;    91.216; 
 388;    -2.521;    26.917;    91.216; 
 389;    -2.530;    26.926;    91.216; 
 390;    -2.543;    26.939;    91.216; 
 391;    -2.562;    26.959;    91.216; 
 392;    -2.570;    26.963;    91.216; 
 393;    -2.579;    26.969;    91.216; 
 394;    -2.590;    26.975;    91.216; 
 395;    -2.599;    26.977;    91.216; 
 396;    -2.608;    26.980;    91.216; 
 397;    -2.624;    26.984;    91.216; 
 398;    -2.642;    26.989;    91.216; 
 399;    -2.664;    26.993;    91.216; 
 400;    -2.697;    27.000;    91.216; 
 401;    -2.710;    27.001;    91.216; 
 402;    -2.715;    27.000;    91.216; 
