[A]
   1;     3.265;    26.945;    88.503; 
   2;     3.236;    26.948;    88.503; 
   3;     3.210;    26.950;    88.503; 
   4;     3.164;    26.957;    88.503; 
   5;     3.139;    26.960;    88.503; 
   6;     3.113;    26.963;    88.503; 
   7;     3.086;    26.965;    88.503; 
   8;     3.044;    26.971;    88.503; 
   9;     3.016;    26.975;    88.503; 
  10;     2.982;    26.980;    88.503; 
  11;     2.955;    26.983;    88.503; 
  12;     2.933;    26.986;    88.503; 
  13;     2.904;    26.988;    88.503; 
  14;     2.888;    26.989;    88.503; 
  15;     2.874;    26.988;    88.503; 
  16;     2.852;    26.986;    88.503; 
  17;     2.833;    26.984;    88.503; 
  18;     2.818;    26.981;    88.503; 
  19;     2.809;    26.977;    88.503; 
  20;     2.802;    26.974;    88.503; 
  21;     2.794;    26.969;    88.503; 
  22;     2.782;    26.962;    88.503; 
  23;     2.769;    26.953;    88.503; 
  24;     2.753;    26.941;    88.503; 
  25;     2.743;    26.932;    88.503; 
  26;     2.739;    26.927;    88.503; 
  27;     2.734;    26.919;    88.503; 
  28;     2.706;    26.888;    88.503; 
  29;     2.695;    26.874;    88.503; 
  30;     2.690;    26.866;    88.503; 
  31;     2.678;    26.847;    88.503; 
  32;     2.665;    26.826;    88.503; 
  33;     2.656;    26.809;    88.503; 
  34;     2.643;    26.784;    88.503; 
  35;     2.624;    26.751;    88.503; 
  36;     2.608;    26.725;    88.503; 
  37;     2.596;    26.702;    88.503; 
  38;     2.585;    26.680;    88.503; 
  39;     2.571;    26.654;    88.503; 
  40;     2.550;    26.617;    88.503; 
  41;     2.534;    26.590;    88.503; 
  42;     2.523;    26.570;    88.503; 
  43;     2.510;    26.545;    88.503; 
  44;     2.496;    26.519;    88.503; 
  45;     2.486;    26.498;    88.503; 
  46;     2.468;    26.465;    88.503; 
  47;     2.453;    26.436;    88.503; 
  48;     2.441;    26.413;    88.503; 
  49;     2.426;    26.385;    88.503; 
  50;     2.413;    26.359;    88.503; 
  51;     2.404;    26.339;    88.503; 
  52;     2.388;    26.308;    88.503; 
  53;     2.374;    26.279;    88.503; 
  54;     2.357;    26.247;    88.503; 
  55;     2.342;    26.220;    88.503; 
  56;     2.331;    26.196;    88.503; 
  57;     2.318;    26.171;    88.503; 
  58;     2.307;    26.147;    88.503; 
  59;     2.294;    26.120;    88.503; 
  60;     2.281;    26.092;    88.503; 
  61;     2.268;    26.066;    88.503; 
  62;     2.256;    26.040;    88.503; 
  63;     2.246;    26.017;    88.503; 
  64;     2.232;    25.986;    88.503; 
  65;     2.218;    25.955;    88.503; 
  66;     2.208;    25.932;    88.503; 
  67;     2.198;    25.908;    88.503; 
  68;     2.191;    25.888;    88.503; 
  69;     2.175;    25.851;    88.503; 
  70;     2.155;    25.809;    88.503; 
  71;     2.148;    25.791;    88.503; 
  72;     2.137;    25.766;    88.503; 
  73;     2.127;    25.741;    88.503; 
  74;     2.115;    25.712;    88.503; 
  75;     2.102;    25.681;    88.503; 
  76;     2.089;    25.651;    88.503; 
  77;     2.080;    25.629;    88.503; 
  78;     2.072;    25.608;    88.503; 
  79;     2.058;    25.572;    88.503; 
  80;     2.050;    25.549;    88.503; 
  81;     2.043;    25.528;    88.503; 
  82;     2.031;    25.494;    88.503; 
  83;     2.014;    25.453;    88.503; 
  84;     2.008;    25.435;    88.503; 
  85;     1.996;    25.405;    88.503; 
  86;     1.989;    25.383;    88.503; 
  87;     1.978;    25.354;    88.503; 
  88;     1.967;    25.322;    88.503; 
  89;     1.959;    25.299;    88.503; 
  90;     1.953;    25.278;    88.503; 
  91;     1.945;    25.249;    88.503; 
  92;     1.931;    25.209;    88.503; 
  93;     1.928;    25.194;    88.503; 
  94;     1.917;    25.159;    88.503; 
  95;     1.900;    25.113;    88.503; 
  96;     1.897;    25.100;    88.503; 
  97;     1.882;    25.060;    88.503; 
  98;     1.868;    25.024;    88.503; 
  99;     1.851;    24.986;    88.503; 
 100;     1.803;    24.913;    88.503; 
 101;     1.588;    24.815;    88.503; 
 102;     1.531;    24.817;    88.503; 
 103;     1.508;    24.817;    88.503; 
 104;     1.479;    24.818;    88.503; 
 105;     1.444;    24.819;    88.503; 
 106;     1.391;    24.825;    88.503; 
 107;     1.370;    24.827;    88.503; 
 108;     1.350;    24.828;    88.503; 
 109;     1.320;    24.829;    88.503; 
 110;     1.288;    24.831;    88.503; 
 111;     1.258;    24.833;    88.503; 
 112;     1.230;    24.834;    88.503; 
 113;     1.107;    24.871;    88.503; 
 114;      .969;    25.041;    88.503; 
 115;      .955;    25.094;    88.503; 
 116;      .947;    25.131;    88.503; 
 117;      .939;    25.176;    88.503; 
 118;      .935;    25.200;    88.503; 
 119;      .932;    25.209;    88.503; 
 120;      .925;    25.230;    88.503; 
 121;      .918;    25.251;    88.503; 
 122;      .902;    25.325;    88.503; 
 123;      .897;    25.366;    88.503; 
 124;      .894;    25.399;    88.503; 
 125;      .891;    25.412;    88.503; 
 126;      .887;    25.426;    88.503; 
 127;      .879;    25.461;    88.503; 
 128;      .873;    25.491;    88.503; 
 129;      .867;    25.518;    88.503; 
 130;      .860;    25.546;    88.503; 
 131;      .853;    25.571;    88.503; 
 132;      .846;    25.597;    88.503; 
 133;      .840;    25.618;    88.503; 
 134;      .831;    25.647;    88.503; 
 135;      .819;    25.698;    88.503; 
 136;      .813;    25.721;    88.503; 
 137;      .807;    25.744;    88.503; 
 138;      .800;    25.765;    88.503; 
 139;      .790;    25.801;    88.503; 
 140;      .781;    25.835;    88.503; 
 141;      .774;    25.858;    88.503; 
 142;      .766;    25.885;    88.503; 
 143;      .758;    25.913;    88.503; 
 144;      .750;    25.936;    88.503; 
 145;      .740;    25.967;    88.503; 
 146;      .729;    26.008;    88.503; 
 147;      .723;    26.029;    88.503; 
 148;      .714;    26.055;    88.503; 
 149;      .705;    26.083;    88.503; 
 150;      .697;    26.107;    88.503; 
 151;      .689;    26.128;    88.503; 
 152;      .675;    26.170;    88.503; 
 153;      .665;    26.202;    88.503; 
 154;      .658;    26.222;    88.503; 
 155;      .649;    26.248;    88.503; 
 156;      .638;    26.282;    88.503; 
 157;      .629;    26.308;    88.503; 
 158;      .619;    26.335;    88.503; 
 159;      .609;    26.365;    88.503; 
 160;      .600;    26.388;    88.503; 
 161;      .589;    26.420;    88.503; 
 162;      .579;    26.448;    88.503; 
 163;      .569;    26.472;    88.503; 
 164;      .560;    26.497;    88.503; 
 165;      .546;    26.535;    88.503; 
 166;      .536;    26.561;    88.503; 
 167;      .526;    26.586;    88.503; 
 168;      .516;    26.613;    88.503; 
 169;      .507;    26.633;    88.503; 
 170;      .497;    26.653;    88.503; 
 171;      .485;    26.677;    88.503; 
 172;      .466;    26.722;    88.503; 
 173;      .454;    26.755;    88.503; 
 174;      .446;    26.772;    88.503; 
 175;      .428;    26.823;    88.503; 
 176;      .419;    26.850;    88.503; 
 177;      .412;    26.866;    88.503; 
 178;      .403;    26.887;    88.503; 
 179;      .390;    26.918;    88.503; 
 180;      .381;    26.938;    88.503; 
 181;      .365;    26.976;    88.503; 
 182;      .356;    26.995;    88.503; 
 183;      .352;    26.998;    88.503; 
 184;      .336;    27.026;    88.503; 
 185;      .319;    27.057;    88.503; 
 186;      .314;    27.062;    88.503; 
 187;      .310;    27.065;    88.503; 
 188;      .304;    27.068;    88.503; 
 189;      .299;    27.070;    88.503; 
 190;      .289;    27.076;    88.503; 
 191;      .252;    27.102;    88.503; 
 192;      .227;    27.120;    88.503; 
 193;      .219;    27.123;    88.503; 
 194;      .212;    27.126;    88.503; 
 195;      .202;    27.128;    88.503; 
 196;      .194;    27.129;    88.503; 
 197;      .183;    27.130;    88.503; 
 198;      .161;    27.133;    88.503; 
 199;      .145;    27.134;    88.503; 
 200;      .134;    27.134;    88.503; 
 201;      .111;    27.133;    88.503; 
 202;      .072;    27.134;    88.503; 
 203;      .044;    27.134;    88.503; 
 204;      .017;    27.133;    88.503; 
 205;     -.014;    27.133;    88.503; 
 206;     -.047;    27.133;    88.503; 
 207;     -.076;    27.133;    88.503; 
 208;     -.101;    27.132;    88.503; 
 209;     -.134;    27.132;    88.503; 
 210;     -.166;    27.131;    88.503; 
 211;     -.199;    27.131;    88.503; 
 212;     -.226;    27.131;    88.503; 
 213;     -.257;    27.131;    88.503; 
 214;     -.286;    27.130;    88.503; 
 215;     -.327;    27.130;    88.503; 
 216;     -.356;    27.131;    88.503; 
 217;     -.370;    27.130;    88.503; 
 218;     -.385;    27.127;    88.503; 
 219;     -.397;    27.124;    88.503; 
 220;     -.407;    27.121;    88.503; 
 221;     -.414;    27.117;    88.503; 
 222;     -.438;    27.107;    88.503; 
 223;     -.459;    27.098;    88.503; 
 224;     -.470;    27.092;    88.503; 
 225;     -.476;    27.087;    88.503; 
 226;     -.478;    27.083;    88.503; 
 227;     -.488;    27.073;    88.503; 
 228;     -.514;    27.049;    88.503; 
 229;     -.527;    27.036;    88.503; 
 230;     -.537;    27.024;    88.503; 
 231;     -.539;    27.019;    88.503; 
 232;     -.540;    27.013;    88.503; 
 233;     -.550;    26.993;    88.503; 
 234;     -.563;    26.967;    88.503; 
 235;     -.570;    26.950;    88.503; 
 236;     -.576;    26.932;    88.503; 
 237;     -.586;    26.905;    88.503; 
 238;     -.610;    26.853;    88.503; 
 239;     -.619;    26.833;    88.503; 
 240;     -.630;    26.808;    88.503; 
 241;     -.639;    26.786;    88.503; 
 242;     -.646;    26.765;    88.503; 
 243;     -.660;    26.730;    88.503; 
 244;     -.670;    26.703;    88.503; 
 245;     -.682;    26.673;    88.503; 
 246;     -.693;    26.647;    88.503; 
 247;     -.701;    26.624;    88.503; 
 248;     -.716;    26.585;    88.503; 
 249;     -.726;    26.560;    88.503; 
 250;     -.737;    26.533;    88.503; 
 251;     -.746;    26.507;    88.503; 
 252;     -.757;    26.479;    88.503; 
 253;     -.766;    26.453;    88.503; 
 254;     -.773;    26.431;    88.503; 
 255;     -.786;    26.394;    88.503; 
 256;     -.802;    26.354;    88.503; 
 257;     -.807;    26.340;    88.503; 
 258;     -.815;    26.315;    88.503; 
 259;     -.827;    26.280;    88.503; 
 260;     -.839;    26.248;    88.503; 
 261;     -.847;    26.225;    88.503; 
 262;     -.855;    26.200;    88.503; 
 263;     -.864;    26.172;    88.503; 
 264;     -.874;    26.142;    88.503; 
 265;     -.884;    26.112;    88.503; 
 266;     -.893;    26.083;    88.503; 
 267;     -.902;    26.057;    88.503; 
 268;     -.912;    26.026;    88.503; 
 269;     -.919;    26.002;    88.503; 
 270;     -.927;    25.973;    88.503; 
 271;     -.934;    25.949;    88.503; 
 272;     -.943;    25.917;    88.503; 
 273;     -.952;    25.887;    88.503; 
 274;     -.960;    25.859;    88.503; 
 275;     -.969;    25.828;    88.503; 
 276;     -.979;    25.796;    88.503; 
 277;     -.986;    25.773;    88.503; 
 278;     -.993;    25.747;    88.503; 
 279;    -1.001;    25.717;    88.503; 
 280;    -1.008;    25.690;    88.503; 
 281;    -1.014;    25.663;    88.503; 
 282;    -1.024;    25.628;    88.503; 
 283;    -1.030;    25.601;    88.503; 
 284;    -1.038;    25.572;    88.503; 
 285;    -1.045;    25.544;    88.503; 
 286;    -1.050;    25.521;    88.503; 
 287;    -1.053;    25.502;    88.503; 
 288;    -1.058;    25.473;    88.503; 
 289;    -1.069;    25.427;    88.503; 
 290;    -1.076;    25.395;    88.503; 
 291;    -1.081;    25.373;    88.503; 
 292;    -1.090;    25.338;    88.503; 
 293;    -1.092;    25.323;    88.503; 
 294;    -1.094;    25.304;    88.503; 
 295;    -1.105;    25.251;    88.503; 
 296;    -1.110;    25.228;    88.503; 
 297;    -1.113;    25.207;    88.503; 
 298;    -1.117;    25.179;    88.503; 
 299;    -1.127;    25.131;    88.503; 
 300;    -1.135;    25.100;    88.503; 
 301;    -1.137;    25.085;    88.503; 
 302;    -1.154;    25.024;    88.503; 
 303;    -1.179;    24.965;    88.503; 
 304;    -1.366;    24.824;    88.503; 
 305;    -1.449;    24.813;    88.503; 
 306;    -1.484;    24.812;    88.503; 
 307;    -1.512;    24.810;    88.503; 
 308;    -1.542;    24.808;    88.503; 
 309;    -1.570;    24.807;    88.503; 
 310;    -1.607;    24.805;    88.503; 
 311;    -1.629;    24.803;    88.503; 
 312;    -1.656;    24.801;    88.503; 
 313;    -1.702;    24.799;    88.503; 
 314;    -1.727;    24.798;    88.503; 
 315;    -1.759;    24.796;    88.503; 
 316;    -1.830;    24.802;    88.503; 
 317;    -2.034;    24.959;    88.503; 
 318;    -2.053;    25.002;    88.503; 
 319;    -2.070;    25.047;    88.503; 
 320;    -2.076;    25.062;    88.503; 
 321;    -2.088;    25.089;    88.503; 
 322;    -2.110;    25.167;    88.503; 
 323;    -2.113;    25.177;    88.503; 
 324;    -2.119;    25.191;    88.503; 
 325;    -2.132;    25.230;    88.503; 
 326;    -2.142;    25.265;    88.503; 
 327;    -2.150;    25.288;    88.503; 
 328;    -2.156;    25.304;    88.503; 
 329;    -2.169;    25.343;    88.503; 
 330;    -2.176;    25.360;    88.503; 
 331;    -2.188;    25.394;    88.503; 
 332;    -2.201;    25.433;    88.503; 
 333;    -2.208;    25.454;    88.503; 
 334;    -2.216;    25.475;    88.503; 
 335;    -2.225;    25.495;    88.503; 
 336;    -2.239;    25.532;    88.503; 
 337;    -2.250;    25.560;    88.503; 
 338;    -2.259;    25.584;    88.503; 
 339;    -2.272;    25.618;    88.503; 
 340;    -2.282;    25.643;    88.503; 
 341;    -2.292;    25.667;    88.503; 
 342;    -2.303;    25.693;    88.503; 
 343;    -2.316;    25.725;    88.503; 
 344;    -2.327;    25.752;    88.503; 
 345;    -2.339;    25.779;    88.503; 
 346;    -2.350;    25.805;    88.503; 
 347;    -2.361;    25.828;    88.503; 
 348;    -2.369;    25.843;    88.503; 
 349;    -2.390;    25.891;    88.503; 
 350;    -2.403;    25.922;    88.503; 
 351;    -2.412;    25.942;    88.503; 
 352;    -2.424;    25.970;    88.503; 
 353;    -2.432;    25.986;    88.503; 
 354;    -2.449;    26.021;    88.503; 
 355;    -2.463;    26.053;    88.503; 
 356;    -2.476;    26.085;    88.503; 
 357;    -2.486;    26.107;    88.503; 
 358;    -2.498;    26.130;    88.503; 
 359;    -2.509;    26.153;    88.503; 
 360;    -2.523;    26.181;    88.503; 
 361;    -2.539;    26.215;    88.503; 
 362;    -2.550;    26.238;    88.503; 
 363;    -2.562;    26.262;    88.503; 
 364;    -2.576;    26.289;    88.503; 
 365;    -2.591;    26.319;    88.503; 
 366;    -2.601;    26.339;    88.503; 
 367;    -2.613;    26.360;    88.503; 
 368;    -2.631;    26.393;    88.503; 
 369;    -2.647;    26.426;    88.503; 
 370;    -2.659;    26.449;    88.503; 
 371;    -2.672;    26.475;    88.503; 
 372;    -2.686;    26.500;    88.503; 
 373;    -2.699;    26.525;    88.503; 
 374;    -2.714;    26.552;    88.503; 
 375;    -2.728;    26.578;    88.503; 
 376;    -2.743;    26.605;    88.503; 
 377;    -2.756;    26.629;    88.503; 
 378;    -2.769;    26.650;    88.503; 
 379;    -2.787;    26.683;    88.503; 
 380;    -2.801;    26.708;    88.503; 
 381;    -2.816;    26.733;    88.503; 
 382;    -2.831;    26.759;    88.503; 
 383;    -2.845;    26.783;    88.503; 
 384;    -2.861;    26.809;    88.503; 
 385;    -2.880;    26.844;    88.503; 
 386;    -2.891;    26.863;    88.503; 
 387;    -2.900;    26.875;    88.503; 
 388;    -2.912;    26.889;    88.503; 
 389;    -2.920;    26.897;    88.503; 
 390;    -2.926;    26.901;    88.503; 
 391;    -2.930;    26.903;    88.503; 
 392;    -2.947;    26.913;    88.503; 
 393;    -2.975;    26.933;    88.503; 
 394;    -2.996;    26.947;    88.503; 
 395;    -3.004;    26.950;    88.503; 
 396;    -3.007;    26.949;    88.503; 
 397;    -3.010;    26.949;    88.503; 
 398;    -3.024;    26.951;    88.503; 
 399;    -3.039;    26.953;    88.503; 
 400;    -3.066;    26.956;    88.503; 
 401;    -3.091;    26.958;    88.503; 
 402;    -3.090;    26.956;    88.503; 
 403;    -3.105;    26.954;    88.503; 
 404;    -3.134;    26.951;    88.503; 
