[A]
   1;     3.556;    26.943;    88.502; 
   2;     3.525;    26.947;    88.502; 
   3;     3.496;    26.950;    88.502; 
   4;     3.458;    26.956;    88.502; 
   5;     3.436;    26.958;    88.502; 
   6;     3.410;    26.961;    88.502; 
   7;     3.374;    26.966;    88.502; 
   8;     3.344;    26.969;    88.502; 
   9;     3.311;    26.974;    88.502; 
  10;     3.279;    26.978;    88.502; 
  11;     3.253;    26.981;    88.502; 
  12;     3.225;    26.985;    88.502; 
  13;     3.189;    26.989;    88.502; 
  14;     3.159;    26.993;    88.502; 
  15;     3.139;    26.995;    88.502; 
  16;     3.119;    26.996;    88.502; 
  17;     3.110;    26.994;    88.502; 
  18;     3.102;    26.992;    88.502; 
  19;     3.078;    26.989;    88.502; 
  20;     3.055;    26.984;    88.502; 
  21;     3.047;    26.981;    88.502; 
  22;     3.044;    26.978;    88.502; 
  23;     3.043;    26.975;    88.502; 
  24;     3.023;    26.964;    88.502; 
  25;     2.992;    26.946;    88.502; 
  26;     2.987;    26.941;    88.502; 
  27;     2.980;    26.934;    88.502; 
  28;     2.975;    26.927;    88.502; 
  29;     2.963;    26.914;    88.502; 
  30;     2.954;    26.901;    88.502; 
  31;     2.946;    26.889;    88.502; 
  32;     2.932;    26.867;    88.502; 
  33;     2.920;    26.847;    88.502; 
  34;     2.907;    26.826;    88.502; 
  35;     2.894;    26.802;    88.502; 
  36;     2.878;    26.774;    88.502; 
  37;     2.863;    26.747;    88.502; 
  38;     2.848;    26.722;    88.502; 
  39;     2.834;    26.696;    88.502; 
  40;     2.819;    26.670;    88.502; 
  41;     2.804;    26.643;    88.502; 
  42;     2.790;    26.618;    88.502; 
  43;     2.777;    26.593;    88.502; 
  44;     2.761;    26.565;    88.502; 
  45;     2.749;    26.542;    88.502; 
  46;     2.736;    26.516;    88.502; 
  47;     2.721;    26.488;    88.502; 
  48;     2.706;    26.460;    88.502; 
  49;     2.688;    26.428;    88.502; 
  50;     2.677;    26.407;    88.502; 
  51;     2.662;    26.379;    88.502; 
  52;     2.649;    26.354;    88.502; 
  53;     2.636;    26.327;    88.502; 
  54;     2.624;    26.304;    88.502; 
  55;     2.612;    26.278;    88.502; 
  56;     2.600;    26.251;    88.502; 
  57;     2.579;    26.213;    88.502; 
  58;     2.567;    26.190;    88.502; 
  59;     2.556;    26.166;    88.502; 
  60;     2.543;    26.140;    88.502; 
  61;     2.533;    26.117;    88.502; 
  62;     2.523;    26.095;    88.502; 
  63;     2.501;    26.051;    88.502; 
  64;     2.491;    26.030;    88.502; 
  65;     2.480;    26.007;    88.502; 
  66;     2.465;    25.975;    88.502; 
  67;     2.452;    25.949;    88.502; 
  68;     2.440;    25.924;    88.502; 
  69;     2.429;    25.898;    88.502; 
  70;     2.418;    25.874;    88.502; 
  71;     2.405;    25.845;    88.502; 
  72;     2.391;    25.814;    88.502; 
  73;     2.382;    25.793;    88.502; 
  74;     2.367;    25.760;    88.502; 
  75;     2.357;    25.736;    88.502; 
  76;     2.348;    25.713;    88.502; 
  77;     2.339;    25.688;    88.502; 
  78;     2.324;    25.653;    88.502; 
  79;     2.310;    25.622;    88.502; 
  80;     2.301;    25.598;    88.502; 
  81;     2.290;    25.571;    88.502; 
  82;     2.277;    25.541;    88.502; 
  83;     2.268;    25.518;    88.502; 
  84;     2.260;    25.495;    88.502; 
  85;     2.247;    25.463;    88.502; 
  86;     2.234;    25.430;    88.502; 
  87;     2.226;    25.408;    88.502; 
  88;     2.220;    25.387;    88.502; 
  89;     2.214;    25.367;    88.502; 
  90;     2.197;    25.319;    88.502; 
  91;     2.184;    25.287;    88.502; 
  92;     2.179;    25.271;    88.502; 
  93;     2.170;    25.243;    88.502; 
  94;     2.160;    25.214;    88.502; 
  95;     2.148;    25.180;    88.502; 
  96;     2.140;    25.156;    88.502; 
  97;     2.135;    25.137;    88.502; 
  98;     2.122;    25.097;    88.502; 
  99;     2.105;    25.054;    88.502; 
 100;     2.093;    25.025;    88.502; 
 101;     2.073;    24.982;    88.502; 
 102;     1.918;    24.851;    88.502; 
 103;     1.783;    24.832;    88.502; 
 104;     1.742;    24.835;    88.502; 
 105;     1.723;    24.835;    88.502; 
 106;     1.678;    24.838;    88.502; 
 107;     1.645;    24.841;    88.502; 
 108;     1.623;    24.842;    88.502; 
 109;     1.583;    24.846;    88.502; 
 110;     1.561;    24.847;    88.502; 
 111;     1.535;    24.848;    88.502; 
 112;     1.497;    24.851;    88.502; 
 113;     1.455;    24.856;    88.502; 
 114;     1.421;    24.861;    88.502; 
 115;     1.223;    25.013;    88.502; 
 116;     1.197;    25.074;    88.502; 
 117;     1.181;    25.133;    88.502; 
 118;     1.174;    25.162;    88.502; 
 119;     1.166;    25.214;    88.502; 
 120;     1.161;    25.255;    88.502; 
 121;     1.158;    25.268;    88.502; 
 122;     1.155;    25.283;    88.502; 
 123;     1.146;    25.331;    88.502; 
 124;     1.142;    25.354;    88.502; 
 125;     1.137;    25.377;    88.502; 
 126;     1.130;    25.407;    88.502; 
 127;     1.123;    25.440;    88.502; 
 128;     1.118;    25.468;    88.502; 
 129;     1.112;    25.491;    88.502; 
 130;     1.107;    25.504;    88.502; 
 131;     1.095;    25.555;    88.502; 
 132;     1.089;    25.583;    88.502; 
 133;     1.086;    25.588;    88.502; 
 134;     1.073;    25.646;    88.502; 
 135;     1.066;    25.680;    88.502; 
 136;     1.062;    25.697;    88.502; 
 137;     1.056;    25.712;    88.502; 
 138;     1.048;    25.739;    88.502; 
 139;     1.036;    25.786;    88.502; 
 140;     1.029;    25.811;    88.502; 
 141;     1.022;    25.838;    88.502; 
 142;     1.015;    25.865;    88.502; 
 143;     1.007;    25.894;    88.502; 
 144;      .999;    25.920;    88.502; 
 145;      .990;    25.947;    88.502; 
 146;      .983;    25.969;    88.502; 
 147;      .971;    26.009;    88.502; 
 148;      .962;    26.040;    88.502; 
 149;      .955;    26.061;    88.502; 
 150;      .946;    26.092;    88.502; 
 151;      .937;    26.118;    88.502; 
 152;      .928;    26.146;    88.502; 
 153;      .919;    26.174;    88.502; 
 154;      .908;    26.206;    88.502; 
 155;      .899;    26.234;    88.502; 
 156;      .890;    26.262;    88.502; 
 157;      .880;    26.291;    88.502; 
 158;      .870;    26.321;    88.502; 
 159;      .861;    26.345;    88.502; 
 160;      .851;    26.373;    88.502; 
 161;      .841;    26.402;    88.502; 
 162;      .830;    26.431;    88.502; 
 163;      .820;    26.456;    88.502; 
 164;      .807;    26.494;    88.502; 
 165;      .799;    26.518;    88.502; 
 166;      .787;    26.551;    88.502; 
 167;      .779;    26.573;    88.502; 
 168;      .768;    26.601;    88.502; 
 169;      .757;    26.631;    88.502; 
 170;      .746;    26.661;    88.502; 
 171;      .735;    26.690;    88.502; 
 172;      .726;    26.711;    88.502; 
 173;      .714;    26.744;    88.502; 
 174;      .702;    26.776;    88.502; 
 175;      .691;    26.806;    88.502; 
 176;      .683;    26.826;    88.502; 
 177;      .672;    26.851;    88.502; 
 178;      .659;    26.883;    88.502; 
 179;      .649;    26.908;    88.502; 
 180;      .637;    26.935;    88.502; 
 181;      .625;    26.963;    88.502; 
 182;      .611;    27.000;    88.502; 
 183;      .601;    27.023;    88.502; 
 184;      .594;    27.039;    88.502; 
 185;      .584;    27.057;    88.502; 
 186;      .575;    27.072;    88.502; 
 187;      .566;    27.083;    88.502; 
 188;      .556;    27.095;    88.502; 
 189;      .546;    27.105;    88.502; 
 190;      .534;    27.116;    88.502; 
 191;      .525;    27.123;    88.502; 
 192;      .518;    27.126;    88.502; 
 193;      .510;    27.129;    88.502; 
 194;      .500;    27.133;    88.502; 
 195;      .487;    27.138;    88.502; 
 196;      .476;    27.140;    88.502; 
 197;      .451;    27.147;    88.502; 
 198;      .426;    27.154;    88.502; 
 199;      .398;    27.161;    88.502; 
 200;      .386;    27.162;    88.502; 
 201;      .378;    27.162;    88.502; 
 202;      .361;    27.162;    88.502; 
 203;      .333;    27.163;    88.502; 
 204;      .304;    27.163;    88.502; 
 205;      .276;    27.163;    88.502; 
 206;      .245;    27.164;    88.502; 
 207;      .214;    27.164;    88.502; 
 208;      .184;    27.164;    88.502; 
 209;      .155;    27.164;    88.502; 
 210;      .125;    27.164;    88.502; 
 211;      .097;    27.164;    88.502; 
 212;      .068;    27.164;    88.502; 
 213;      .036;    27.163;    88.502; 
 214;      .002;    27.163;    88.502; 
 215;     -.027;    27.164;    88.502; 
 216;     -.054;    27.163;    88.502; 
 217;     -.080;    27.162;    88.502; 
 218;     -.106;    27.161;    88.502; 
 219;     -.130;    27.159;    88.502; 
 220;     -.152;    27.156;    88.502; 
 221;     -.165;    27.153;    88.502; 
 222;     -.174;    27.150;    88.502; 
 223;     -.180;    27.147;    88.502; 
 224;     -.187;    27.142;    88.502; 
 225;     -.193;    27.137;    88.502; 
 226;     -.217;    27.123;    88.502; 
 227;     -.263;    27.099;    88.502; 
 228;     -.277;    27.090;    88.502; 
 229;     -.279;    27.087;    88.502; 
 230;     -.282;    27.082;    88.502; 
 231;     -.286;    27.076;    88.502; 
 232;     -.294;    27.065;    88.502; 
 233;     -.300;    27.055;    88.502; 
 234;     -.306;    27.043;    88.502; 
 235;     -.314;    27.027;    88.502; 
 236;     -.320;    27.011;    88.502; 
 237;     -.333;    26.982;    88.502; 
 238;     -.355;    26.939;    88.502; 
 239;     -.377;    26.902;    88.502; 
 240;     -.377;    26.898;    88.502; 
 241;     -.383;    26.883;    88.502; 
 242;     -.391;    26.862;    88.502; 
 243;     -.405;    26.826;    88.502; 
 244;     -.418;    26.795;    88.502; 
 245;     -.428;    26.770;    88.502; 
 246;     -.435;    26.749;    88.502; 
 247;     -.440;    26.730;    88.502; 
 248;     -.447;    26.706;    88.502; 
 249;     -.461;    26.664;    88.502; 
 250;     -.473;    26.632;    88.502; 
 251;     -.487;    26.596;    88.502; 
 252;     -.495;    26.574;    88.502; 
 253;     -.506;    26.545;    88.502; 
 254;     -.517;    26.515;    88.502; 
 255;     -.528;    26.486;    88.502; 
 256;     -.537;    26.461;    88.502; 
 257;     -.544;    26.440;    88.502; 
 258;     -.557;    26.403;    88.502; 
 259;     -.569;    26.371;    88.502; 
 260;     -.579;    26.343;    88.502; 
 261;     -.587;    26.319;    88.502; 
 262;     -.594;    26.297;    88.502; 
 263;     -.603;    26.266;    88.502; 
 264;     -.621;    26.221;    88.502; 
 265;     -.629;    26.198;    88.502; 
 266;     -.637;    26.173;    88.502; 
 267;     -.646;    26.148;    88.502; 
 268;     -.656;    26.116;    88.502; 
 269;     -.665;    26.089;    88.502; 
 270;     -.672;    26.066;    88.502; 
 271;     -.682;    26.036;    88.502; 
 272;     -.691;    26.006;    88.502; 
 273;     -.700;    25.977;    88.502; 
 274;     -.709;    25.949;    88.502; 
 275;     -.716;    25.924;    88.502; 
 276;     -.727;    25.888;    88.502; 
 277;     -.734;    25.864;    88.502; 
 278;     -.740;    25.840;    88.502; 
 279;     -.753;    25.799;    88.502; 
 280;     -.760;    25.776;    88.502; 
 281;     -.766;    25.752;    88.502; 
 282;     -.774;    25.723;    88.502; 
 283;     -.783;    25.689;    88.502; 
 284;     -.791;    25.660;    88.502; 
 285;     -.801;    25.625;    88.502; 
 286;     -.809;    25.598;    88.502; 
 287;     -.816;    25.573;    88.502; 
 288;     -.823;    25.543;    88.502; 
 289;     -.827;    25.524;    88.502; 
 290;     -.834;    25.493;    88.502; 
 291;     -.842;    25.460;    88.502; 
 292;     -.849;    25.428;    88.502; 
 293;     -.856;    25.400;    88.502; 
 294;     -.860;    25.378;    88.502; 
 295;     -.865;    25.353;    88.502; 
 296;     -.873;    25.314;    88.502; 
 297;     -.880;    25.285;    88.502; 
 298;     -.884;    25.259;    88.502; 
 299;     -.887;    25.238;    88.502; 
 300;     -.894;    25.201;    88.502; 
 301;     -.899;    25.174;    88.502; 
 302;     -.900;    25.158;    88.502; 
 303;     -.919;    25.083;    88.502; 
 304;     -.934;    25.039;    88.502; 
 305;    -1.047;    24.907;    88.502; 
 306;    -1.185;    24.858;    88.502; 
 307;    -1.241;    24.854;    88.502; 
 308;    -1.265;    24.852;    88.502; 
 309;    -1.287;    24.849;    88.502; 
 310;    -1.337;    24.847;    88.502; 
 311;    -1.356;    24.846;    88.502; 
 312;    -1.387;    24.843;    88.502; 
 313;    -1.432;    24.842;    88.502; 
 314;    -1.456;    24.841;    88.502; 
 315;    -1.470;    24.839;    88.502; 
 316;    -1.513;    24.837;    88.502; 
 317;    -1.556;    24.836;    88.502; 
 318;    -1.711;    24.888;    88.502; 
 319;    -1.821;    25.022;    88.502; 
 320;    -1.838;    25.064;    88.502; 
 321;    -1.854;    25.112;    88.502; 
 322;    -1.864;    25.146;    88.502; 
 323;    -1.870;    25.162;    88.502; 
 324;    -1.877;    25.180;    88.502; 
 325;    -1.891;    25.220;    88.502; 
 326;    -1.904;    25.269;    88.502; 
 327;    -1.911;    25.294;    88.502; 
 328;    -1.916;    25.306;    88.502; 
 329;    -1.925;    25.330;    88.502; 
 330;    -1.937;    25.367;    88.502; 
 331;    -1.947;    25.399;    88.502; 
 332;    -1.955;    25.419;    88.502; 
 333;    -1.965;    25.447;    88.502; 
 334;    -1.975;    25.474;    88.502; 
 335;    -1.985;    25.502;    88.502; 
 336;    -1.995;    25.530;    88.502; 
 337;    -2.006;    25.558;    88.502; 
 338;    -2.016;    25.583;    88.502; 
 339;    -2.027;    25.612;    88.502; 
 340;    -2.038;    25.641;    88.502; 
 341;    -2.048;    25.665;    88.502; 
 342;    -2.059;    25.692;    88.502; 
 343;    -2.072;    25.721;    88.502; 
 344;    -2.083;    25.748;    88.502; 
 345;    -2.095;    25.778;    88.502; 
 346;    -2.106;    25.803;    88.502; 
 347;    -2.119;    25.834;    88.502; 
 348;    -2.130;    25.859;    88.502; 
 349;    -2.141;    25.885;    88.502; 
 350;    -2.154;    25.914;    88.502; 
 351;    -2.166;    25.942;    88.502; 
 352;    -2.178;    25.969;    88.502; 
 353;    -2.190;    25.994;    88.502; 
 354;    -2.201;    26.017;    88.502; 
 355;    -2.213;    26.040;    88.502; 
 356;    -2.230;    26.077;    88.502; 
 357;    -2.243;    26.107;    88.502; 
 358;    -2.254;    26.130;    88.502; 
 359;    -2.266;    26.155;    88.502; 
 360;    -2.279;    26.182;    88.502; 
 361;    -2.291;    26.208;    88.502; 
 362;    -2.305;    26.236;    88.502; 
 363;    -2.318;    26.263;    88.502; 
 364;    -2.330;    26.285;    88.502; 
 365;    -2.346;    26.316;    88.502; 
 366;    -2.360;    26.344;    88.502; 
 367;    -2.372;    26.368;    88.502; 
 368;    -2.387;    26.399;    88.502; 
 369;    -2.400;    26.422;    88.502; 
 370;    -2.414;    26.452;    88.502; 
 371;    -2.428;    26.478;    88.502; 
 372;    -2.440;    26.501;    88.502; 
 373;    -2.454;    26.527;    88.502; 
 374;    -2.468;    26.553;    88.502; 
 375;    -2.481;    26.574;    88.502; 
 376;    -2.499;    26.609;    88.502; 
 377;    -2.516;    26.643;    88.502; 
 378;    -2.527;    26.664;    88.502; 
 379;    -2.541;    26.688;    88.502; 
 380;    -2.555;    26.714;    88.502; 
 381;    -2.569;    26.739;    88.502; 
 382;    -2.585;    26.768;    88.502; 
 383;    -2.599;    26.793;    88.502; 
 384;    -2.612;    26.814;    88.502; 
 385;    -2.631;    26.848;    88.502; 
 386;    -2.643;    26.868;    88.502; 
 387;    -2.657;    26.892;    88.502; 
 388;    -2.670;    26.912;    88.502; 
 389;    -2.680;    26.926;    88.502; 
 390;    -2.689;    26.935;    88.502; 
 391;    -2.694;    26.939;    88.502; 
 392;    -2.712;    26.955;    88.502; 
 393;    -2.727;    26.968;    88.502; 
 394;    -2.736;    26.973;    88.502; 
 395;    -2.746;    26.978;    88.502; 
 396;    -2.761;    26.986;    88.502; 
 397;    -2.778;    26.994;    88.502; 
 398;    -2.791;    26.998;    88.502; 
 399;    -2.801;    27.000;    88.502; 
 400;    -2.811;    27.001;    88.502; 
 401;    -2.825;    27.002;    88.502; 
 402;    -2.834;    27.002;    88.502; 
 403;    -2.852;    27.001;    88.502; 
 404;    -2.873;    27.000;    88.502; 
 405;    -2.894;    26.998;    88.502; 
 406;    -2.924;    26.995;    88.502; 
