[A]
   1;     3.310;    26.852;    88.504; 
   2;     3.280;    26.856;    88.504; 
   3;     3.247;    26.860;    88.504; 
   4;     3.218;    26.864;    88.504; 
   5;     3.190;    26.868;    88.504; 
   6;     3.168;    26.870;    88.504; 
   7;     3.128;    26.875;    88.504; 
   8;     3.090;    26.881;    88.504; 
   9;     3.070;    26.883;    88.504; 
  10;     3.047;    26.885;    88.504; 
  11;     3.025;    26.886;    88.504; 
  12;     3.011;    26.885;    88.504; 
  13;     2.994;    26.883;    88.504; 
  14;     2.982;    26.881;    88.504; 
  15;     2.969;    26.878;    88.504; 
  16;     2.956;    26.873;    88.504; 
  17;     2.943;    26.868;    88.504; 
  18;     2.931;    26.862;    88.504; 
  19;     2.921;    26.855;    88.504; 
  20;     2.910;    26.847;    88.504; 
  21;     2.904;    26.841;    88.504; 
  22;     2.894;    26.832;    88.504; 
  23;     2.879;    26.817;    88.504; 
  24;     2.865;    26.802;    88.504; 
  25;     2.860;    26.794;    88.504; 
  26;     2.851;    26.781;    88.504; 
  27;     2.841;    26.764;    88.504; 
  28;     2.829;    26.744;    88.504; 
  29;     2.815;    26.720;    88.504; 
  30;     2.802;    26.697;    88.504; 
  31;     2.786;    26.669;    88.504; 
  32;     2.770;    26.643;    88.504; 
  33;     2.756;    26.617;    88.504; 
  34;     2.740;    26.590;    88.504; 
  35;     2.727;    26.567;    88.504; 
  36;     2.714;    26.542;    88.504; 
  37;     2.699;    26.515;    88.504; 
  38;     2.682;    26.484;    88.504; 
  39;     2.670;    26.462;    88.504; 
  40;     2.654;    26.433;    88.504; 
  41;     2.639;    26.406;    88.504; 
  42;     2.625;    26.380;    88.504; 
  43;     2.610;    26.353;    88.504; 
  44;     2.597;    26.328;    88.504; 
  45;     2.583;    26.303;    88.504; 
  46;     2.568;    26.275;    88.504; 
  47;     2.554;    26.248;    88.504; 
  48;     2.539;    26.219;    88.504; 
  49;     2.526;    26.195;    88.504; 
  50;     2.516;    26.174;    88.504; 
  51;     2.503;    26.148;    88.504; 
  52;     2.486;    26.114;    88.504; 
  53;     2.471;    26.086;    88.504; 
  54;     2.457;    26.059;    88.504; 
  55;     2.446;    26.036;    88.504; 
  56;     2.434;    26.011;    88.504; 
  57;     2.420;    25.983;    88.504; 
  58;     2.405;    25.953;    88.504; 
  59;     2.394;    25.929;    88.504; 
  60;     2.382;    25.903;    88.504; 
  61;     2.369;    25.875;    88.504; 
  62;     2.356;    25.848;    88.504; 
  63;     2.344;    25.821;    88.504; 
  64;     2.332;    25.796;    88.504; 
  65;     2.320;    25.768;    88.504; 
  66;     2.307;    25.741;    88.504; 
  67;     2.296;    25.714;    88.504; 
  68;     2.284;    25.688;    88.504; 
  69;     2.271;    25.658;    88.504; 
  70;     2.259;    25.630;    88.504; 
  71;     2.249;    25.605;    88.504; 
  72;     2.238;    25.579;    88.504; 
  73;     2.228;    25.554;    88.504; 
  74;     2.214;    25.520;    88.504; 
  75;     2.200;    25.489;    88.504; 
  76;     2.192;    25.469;    88.504; 
  77;     2.182;    25.442;    88.504; 
  78;     2.168;    25.410;    88.504; 
  79;     2.161;    25.389;    88.504; 
  80;     2.149;    25.359;    88.504; 
  81;     2.138;    25.329;    88.504; 
  82;     2.127;    25.301;    88.504; 
  83;     2.116;    25.272;    88.504; 
  84;     2.109;    25.251;    88.504; 
  85;     2.102;    25.229;    88.504; 
  86;     2.090;    25.194;    88.504; 
  87;     2.080;    25.166;    88.504; 
  88;     2.071;    25.139;    88.504; 
  89;     2.059;    25.106;    88.504; 
  90;     2.053;    25.087;    88.504; 
  91;     2.043;    25.055;    88.504; 
  92;     2.031;    25.020;    88.504; 
  93;     2.023;    24.996;    88.504; 
  94;     2.011;    24.961;    88.504; 
  95;     1.993;    24.918;    88.504; 
  96;     1.965;    24.865;    88.504; 
  97;     1.817;    24.749;    88.504; 
  98;     1.675;    24.732;    88.504; 
  99;     1.645;    24.734;    88.504; 
 100;     1.615;    24.735;    88.504; 
 101;     1.585;    24.737;    88.504; 
 102;     1.543;    24.742;    88.504; 
 103;     1.521;    24.743;    88.504; 
 104;     1.492;    24.745;    88.504; 
 105;     1.455;    24.748;    88.504; 
 106;     1.435;    24.749;    88.504; 
 107;     1.409;    24.750;    88.504; 
 108;     1.356;    24.756;    88.504; 
 109;     1.314;    24.763;    88.504; 
 110;     1.148;    24.872;    88.504; 
 111;     1.095;    24.976;    88.504; 
 112;     1.079;    25.039;    88.504; 
 113;     1.073;    25.081;    88.504; 
 114;     1.068;    25.110;    88.504; 
 115;     1.063;    25.134;    88.504; 
 116;     1.058;    25.161;    88.504; 
 117;     1.052;    25.194;    88.504; 
 118;     1.047;    25.220;    88.504; 
 119;     1.041;    25.251;    88.504; 
 120;     1.035;    25.277;    88.504; 
 121;     1.029;    25.300;    88.504; 
 122;     1.024;    25.317;    88.504; 
 123;     1.013;    25.376;    88.504; 
 124;     1.007;    25.413;    88.504; 
 125;     1.004;    25.427;    88.504; 
 126;      .999;    25.447;    88.504; 
 127;      .993;    25.467;    88.504; 
 128;      .982;    25.514;    88.504; 
 129;      .976;    25.541;    88.504; 
 130;      .970;    25.565;    88.504; 
 131;      .963;    25.590;    88.504; 
 132;      .956;    25.617;    88.504; 
 133;      .950;    25.632;    88.504; 
 134;      .938;    25.676;    88.504; 
 135;      .928;    25.720;    88.504; 
 136;      .923;    25.736;    88.504; 
 137;      .916;    25.762;    88.504; 
 138;      .908;    25.792;    88.504; 
 139;      .899;    25.822;    88.504; 
 140;      .891;    25.850;    88.504; 
 141;      .885;    25.866;    88.504; 
 142;      .874;    25.903;    88.504; 
 143;      .867;    25.923;    88.504; 
 144;      .856;    25.953;    88.504; 
 145;      .844;    25.999;    88.504; 
 146;      .836;    26.025;    88.504; 
 147;      .833;    26.031;    88.504; 
 148;      .818;    26.077;    88.504; 
 149;      .808;    26.113;    88.504; 
 150;      .800;    26.136;    88.504; 
 151;      .793;    26.160;    88.504; 
 152;      .784;    26.184;    88.504; 
 153;      .774;    26.210;    88.504; 
 154;      .764;    26.237;    88.504; 
 155;      .752;    26.272;    88.504; 
 156;      .741;    26.305;    88.504; 
 157;      .733;    26.331;    88.504; 
 158;      .723;    26.360;    88.504; 
 159;      .714;    26.385;    88.504; 
 160;      .705;    26.408;    88.504; 
 161;      .695;    26.437;    88.504; 
 162;      .683;    26.468;    88.504; 
 163;      .672;    26.500;    88.504; 
 164;      .663;    26.523;    88.504; 
 165;      .652;    26.551;    88.504; 
 166;      .642;    26.579;    88.504; 
 167;      .630;    26.611;    88.504; 
 168;      .621;    26.635;    88.504; 
 169;      .610;    26.661;    88.504; 
 170;      .598;    26.695;    88.504; 
 171;      .589;    26.716;    88.504; 
 172;      .578;    26.744;    88.504; 
 173;      .565;    26.775;    88.504; 
 174;      .557;    26.795;    88.504; 
 175;      .541;    26.835;    88.504; 
 176;      .533;    26.852;    88.504; 
 177;      .520;    26.881;    88.504; 
 178;      .505;    26.920;    88.504; 
 179;      .497;    26.937;    88.504; 
 180;      .488;    26.956;    88.504; 
 181;      .481;    26.967;    88.504; 
 182;      .474;    26.975;    88.504; 
 183;      .466;    26.985;    88.504; 
 184;      .452;    27.000;    88.504; 
 185;      .434;    27.019;    88.504; 
 186;      .421;    27.032;    88.504; 
 187;      .415;    27.036;    88.504; 
 188;      .410;    27.038;    88.504; 
 189;      .397;    27.044;    88.504; 
 190;      .383;    27.051;    88.504; 
 191;      .365;    27.058;    88.504; 
 192;      .353;    27.061;    88.504; 
 193;      .342;    27.063;    88.504; 
 194;      .327;    27.066;    88.504; 
 195;      .313;    27.066;    88.504; 
 196;      .302;    27.066;    88.504; 
 197;      .273;    27.067;    88.504; 
 198;      .238;    27.069;    88.504; 
 199;      .211;    27.069;    88.504; 
 200;      .184;    27.070;    88.504; 
 201;      .155;    27.070;    88.504; 
 202;      .123;    27.071;    88.504; 
 203;      .089;    27.072;    88.504; 
 204;      .060;    27.072;    88.504; 
 205;      .033;    27.072;    88.504; 
 206;      .004;    27.072;    88.504; 
 207;     -.027;    27.072;    88.504; 
 208;     -.059;    27.073;    88.504; 
 209;     -.088;    27.072;    88.504; 
 210;     -.112;    27.072;    88.504; 
 211;     -.145;    27.071;    88.504; 
 212;     -.170;    27.070;    88.504; 
 213;     -.193;    27.068;    88.504; 
 214;     -.219;    27.066;    88.504; 
 215;     -.240;    27.063;    88.504; 
 216;     -.254;    27.060;    88.504; 
 217;     -.275;    27.055;    88.504; 
 218;     -.294;    27.049;    88.504; 
 219;     -.306;    27.044;    88.504; 
 220;     -.315;    27.040;    88.504; 
 221;     -.323;    27.034;    88.504; 
 222;     -.331;    27.028;    88.504; 
 223;     -.338;    27.021;    88.504; 
 224;     -.347;    27.012;    88.504; 
 225;     -.362;    26.997;    88.504; 
 226;     -.376;    26.981;    88.504; 
 227;     -.386;    26.969;    88.504; 
 228;     -.393;    26.957;    88.504; 
 229;     -.400;    26.945;    88.504; 
 230;     -.409;    26.929;    88.504; 
 231;     -.417;    26.912;    88.504; 
 232;     -.425;    26.891;    88.504; 
 233;     -.436;    26.867;    88.504; 
 234;     -.443;    26.846;    88.504; 
 235;     -.454;    26.819;    88.504; 
 236;     -.466;    26.786;    88.504; 
 237;     -.482;    26.750;    88.504; 
 238;     -.496;    26.720;    88.504; 
 239;     -.505;    26.696;    88.504; 
 240;     -.513;    26.675;    88.504; 
 241;     -.526;    26.643;    88.504; 
 242;     -.539;    26.613;    88.504; 
 243;     -.549;    26.588;    88.504; 
 244;     -.560;    26.560;    88.504; 
 245;     -.567;    26.540;    88.504; 
 246;     -.581;    26.503;    88.504; 
 247;     -.596;    26.468;    88.504; 
 248;     -.603;    26.448;    88.504; 
 249;     -.614;    26.420;    88.504; 
 250;     -.625;    26.391;    88.504; 
 251;     -.635;    26.363;    88.504; 
 252;     -.644;    26.338;    88.504; 
 253;     -.656;    26.306;    88.504; 
 254;     -.666;    26.279;    88.504; 
 255;     -.676;    26.251;    88.504; 
 256;     -.686;    26.223;    88.504; 
 257;     -.694;    26.200;    88.504; 
 258;     -.702;    26.173;    88.504; 
 259;     -.711;    26.145;    88.504; 
 260;     -.724;    26.107;    88.504; 
 261;     -.737;    26.075;    88.504; 
 262;     -.744;    26.052;    88.504; 
 263;     -.752;    26.028;    88.504; 
 264;     -.762;    25.997;    88.504; 
 265;     -.772;    25.968;    88.504; 
 266;     -.782;    25.939;    88.504; 
 267;     -.790;    25.913;    88.504; 
 268;     -.799;    25.883;    88.504; 
 269;     -.807;    25.857;    88.504; 
 270;     -.818;    25.823;    88.504; 
 271;     -.826;    25.797;    88.504; 
 272;     -.832;    25.776;    88.504; 
 273;     -.840;    25.745;    88.504; 
 274;     -.850;    25.712;    88.504; 
 275;     -.859;    25.681;    88.504; 
 276;     -.867;    25.654;    88.504; 
 277;     -.875;    25.627;    88.504; 
 278;     -.884;    25.596;    88.504; 
 279;     -.891;    25.569;    88.504; 
 280;     -.898;    25.541;    88.504; 
 281;     -.907;    25.509;    88.504; 
 282;     -.911;    25.491;    88.504; 
 283;     -.919;    25.458;    88.504; 
 284;     -.931;    25.415;    88.504; 
 285;     -.936;    25.396;    88.504; 
 286;     -.943;    25.369;    88.504; 
 287;     -.948;    25.344;    88.504; 
 288;     -.953;    25.321;    88.504; 
 289;     -.963;    25.279;    88.504; 
 290;     -.966;    25.263;    88.504; 
 291;     -.973;    25.230;    88.504; 
 292;     -.982;    25.189;    88.504; 
 293;     -.987;    25.169;    88.504; 
 294;     -.990;    25.147;    88.504; 
 295;     -.996;    25.115;    88.504; 
 296;    -1.004;    25.079;    88.504; 
 297;    -1.009;    25.052;    88.504; 
 298;    -1.019;    25.012;    88.504; 
 299;    -1.032;    24.969;    88.504; 
 300;    -1.100;    24.857;    88.504; 
 301;    -1.283;    24.769;    88.504; 
 302;    -1.326;    24.764;    88.504; 
 303;    -1.371;    24.762;    88.504; 
 304;    -1.397;    24.761;    88.504; 
 305;    -1.427;    24.759;    88.504; 
 306;    -1.460;    24.758;    88.504; 
 307;    -1.487;    24.756;    88.504; 
 308;    -1.513;    24.754;    88.504; 
 309;    -1.537;    24.751;    88.504; 
 310;    -1.581;    24.749;    88.504; 
 311;    -1.609;    24.747;    88.504; 
 312;    -1.653;    24.747;    88.504; 
 313;    -1.787;    24.783;    88.504; 
 314;    -1.919;    24.927;    88.504; 
 315;    -1.936;    24.966;    88.504; 
 316;    -1.953;    25.015;    88.504; 
 317;    -1.963;    25.044;    88.504; 
 318;    -1.973;    25.075;    88.504; 
 319;    -1.982;    25.106;    88.504; 
 320;    -1.991;    25.136;    88.504; 
 321;    -2.000;    25.165;    88.504; 
 322;    -2.008;    25.186;    88.504; 
 323;    -2.017;    25.212;    88.504; 
 324;    -2.029;    25.249;    88.504; 
 325;    -2.037;    25.273;    88.504; 
 326;    -2.048;    25.308;    88.504; 
 327;    -2.057;    25.334;    88.504; 
 328;    -2.066;    25.362;    88.504; 
 329;    -2.073;    25.379;    88.504; 
 330;    -2.084;    25.409;    88.504; 
 331;    -2.095;    25.437;    88.504; 
 332;    -2.107;    25.468;    88.504; 
 333;    -2.117;    25.496;    88.504; 
 334;    -2.126;    25.520;    88.504; 
 335;    -2.137;    25.546;    88.504; 
 336;    -2.150;    25.582;    88.504; 
 337;    -2.159;    25.605;    88.504; 
 338;    -2.170;    25.630;    88.504; 
 339;    -2.182;    25.661;    88.504; 
 340;    -2.193;    25.688;    88.504; 
 341;    -2.203;    25.710;    88.504; 
 342;    -2.217;    25.744;    88.504; 
 343;    -2.228;    25.770;    88.504; 
 344;    -2.239;    25.795;    88.504; 
 345;    -2.252;    25.823;    88.504; 
 346;    -2.263;    25.849;    88.504; 
 347;    -2.275;    25.874;    88.504; 
 348;    -2.291;    25.912;    88.504; 
 349;    -2.299;    25.927;    88.504; 
 350;    -2.313;    25.959;    88.504; 
 351;    -2.326;    25.986;    88.504; 
 352;    -2.338;    26.011;    88.504; 
 353;    -2.352;    26.041;    88.504; 
 354;    -2.365;    26.069;    88.504; 
 355;    -2.376;    26.093;    88.504; 
 356;    -2.390;    26.122;    88.504; 
 357;    -2.401;    26.143;    88.504; 
 358;    -2.418;    26.180;    88.504; 
 359;    -2.427;    26.197;    88.504; 
 360;    -2.443;    26.230;    88.504; 
 361;    -2.457;    26.258;    88.504; 
 362;    -2.470;    26.283;    88.504; 
 363;    -2.483;    26.309;    88.504; 
 364;    -2.497;    26.338;    88.504; 
 365;    -2.511;    26.367;    88.504; 
 366;    -2.524;    26.393;    88.504; 
 367;    -2.537;    26.416;    88.504; 
 368;    -2.550;    26.441;    88.504; 
 369;    -2.564;    26.468;    88.504; 
 370;    -2.579;    26.497;    88.504; 
 371;    -2.593;    26.523;    88.504; 
 372;    -2.607;    26.549;    88.504; 
 373;    -2.621;    26.576;    88.504; 
 374;    -2.634;    26.598;    88.504; 
 375;    -2.648;    26.624;    88.504; 
 376;    -2.664;    26.655;    88.504; 
 377;    -2.679;    26.682;    88.504; 
 378;    -2.691;    26.703;    88.504; 
 379;    -2.705;    26.728;    88.504; 
 380;    -2.721;    26.755;    88.504; 
 381;    -2.737;    26.784;    88.504; 
 382;    -2.752;    26.811;    88.504; 
 383;    -2.761;    26.825;    88.504; 
 384;    -2.770;    26.837;    88.504; 
 385;    -2.783;    26.852;    88.504; 
 386;    -2.794;    26.865;    88.504; 
 387;    -2.804;    26.873;    88.504; 
 388;    -2.815;    26.882;    88.504; 
 389;    -2.825;    26.888;    88.504; 
 390;    -2.839;    26.897;    88.504; 
 391;    -2.853;    26.905;    88.504; 
 392;    -2.865;    26.909;    88.504; 
 393;    -2.876;    26.912;    88.504; 
 394;    -2.887;    26.915;    88.504; 
 395;    -2.904;    26.918;    88.504; 
 396;    -2.916;    26.919;    88.504; 
 397;    -2.930;    26.920;    88.504; 
 398;    -2.950;    26.920;    88.504; 
 399;    -2.962;    26.919;    88.504; 
