[A]
   1;     3.430;    26.761;    91.205; 
   2;     3.400;    26.767;    91.205; 
   3;     3.377;    26.770;    91.205; 
   4;     3.348;    26.774;    91.205; 
   5;     3.317;    26.779;    91.205; 
   6;     3.289;    26.783;    91.205; 
   7;     3.256;    26.788;    91.205; 
   8;     3.226;    26.792;    91.205; 
   9;     3.207;    26.794;    91.205; 
  10;     3.175;    26.798;    91.205; 
  11;     3.162;    26.798;    91.205; 
  12;     3.148;    26.797;    91.205; 
  13;     3.135;    26.795;    91.205; 
  14;     3.126;    26.793;    91.205; 
  15;     3.111;    26.789;    91.205; 
  16;     3.096;    26.783;    91.205; 
  17;     3.085;    26.778;    91.205; 
  18;     3.080;    26.774;    91.205; 
  19;     3.069;    26.766;    91.205; 
  20;     3.049;    26.753;    91.205; 
  21;     3.038;    26.744;    91.205; 
  22;     3.029;    26.735;    91.205; 
  23;     3.020;    26.724;    91.205; 
  24;     3.011;    26.713;    91.205; 
  25;     3.000;    26.698;    91.205; 
  26;     2.990;    26.683;    91.205; 
  27;     2.980;    26.666;    91.205; 
  28;     2.966;    26.641;    91.205; 
  29;     2.954;    26.619;    91.205; 
  30;     2.931;    26.582;    91.205; 
  31;     2.915;    26.557;    91.205; 
  32;     2.903;    26.536;    91.205; 
  33;     2.887;    26.510;    91.205; 
  34;     2.874;    26.486;    91.205; 
  35;     2.860;    26.462;    91.205; 
  36;     2.846;    26.437;    91.205; 
  37;     2.828;    26.406;    91.205; 
  38;     2.818;    26.386;    91.205; 
  39;     2.799;    26.354;    91.205; 
  40;     2.782;    26.325;    91.205; 
  41;     2.772;    26.306;    91.205; 
  42;     2.763;    26.288;    91.205; 
  43;     2.735;    26.240;    91.205; 
  44;     2.724;    26.220;    91.205; 
  45;     2.715;    26.203;    91.205; 
  46;     2.698;    26.172;    91.205; 
  47;     2.685;    26.147;    91.205; 
  48;     2.672;    26.121;    91.205; 
  49;     2.657;    26.094;    91.205; 
  50;     2.644;    26.068;    91.205; 
  51;     2.625;    26.035;    91.205; 
  52;     2.613;    26.012;    91.205; 
  53;     2.602;    25.990;    91.205; 
  54;     2.589;    25.962;    91.205; 
  55;     2.570;    25.928;    91.205; 
  56;     2.560;    25.908;    91.205; 
  57;     2.547;    25.881;    91.205; 
  58;     2.531;    25.849;    91.205; 
  59;     2.519;    25.825;    91.205; 
  60;     2.505;    25.798;    91.205; 
  61;     2.494;    25.774;    91.205; 
  62;     2.482;    25.749;    91.205; 
  63;     2.470;    25.723;    91.205; 
  64;     2.454;    25.690;    91.205; 
  65;     2.441;    25.663;    91.205; 
  66;     2.429;    25.638;    91.205; 
  67;     2.418;    25.612;    91.205; 
  68;     2.406;    25.587;    91.205; 
  69;     2.394;    25.558;    91.205; 
  70;     2.382;    25.532;    91.205; 
  71;     2.374;    25.511;    91.205; 
  72;     2.363;    25.485;    91.205; 
  73;     2.346;    25.447;    91.205; 
  74;     2.337;    25.423;    91.205; 
  75;     2.323;    25.391;    91.205; 
  76;     2.311;    25.364;    91.205; 
  77;     2.300;    25.338;    91.205; 
  78;     2.289;    25.312;    91.205; 
  79;     2.283;    25.293;    91.205; 
  80;     2.272;    25.264;    91.205; 
  81;     2.257;    25.226;    91.205; 
  82;     2.249;    25.205;    91.205; 
  83;     2.239;    25.178;    91.205; 
  84;     2.228;    25.148;    91.205; 
  85;     2.217;    25.119;    91.205; 
  86;     2.208;    25.095;    91.205; 
  87;     2.205;    25.081;    91.205; 
  88;     2.193;    25.044;    91.205; 
  89;     2.179;    25.004;    91.205; 
  90;     2.173;    24.985;    91.205; 
  91;     2.153;    24.937;    91.205; 
  92;     2.143;    24.912;    91.205; 
  93;     2.135;    24.890;    91.205; 
  94;     2.122;    24.859;    91.205; 
  95;     2.104;    24.819;    91.205; 
  96;     2.033;    24.726;    91.205; 
  97;     1.871;    24.652;    91.205; 
  98;     1.778;    24.651;    91.205; 
  99;     1.746;    24.654;    91.205; 
 100;     1.717;    24.657;    91.205; 
 101;     1.687;    24.659;    91.205; 
 102;     1.655;    24.661;    91.205; 
 103;     1.625;    24.664;    91.205; 
 104;     1.588;    24.668;    91.205; 
 105;     1.559;    24.671;    91.205; 
 106;     1.532;    24.673;    91.205; 
 107;     1.503;    24.676;    91.205; 
 108;     1.464;    24.680;    91.205; 
 109;     1.339;    24.730;    91.205; 
 110;     1.221;    24.895;    91.205; 
 111;     1.209;    24.945;    91.205; 
 112;     1.201;    24.984;    91.205; 
 113;     1.195;    25.017;    91.205; 
 114;     1.189;    25.044;    91.205; 
 115;     1.184;    25.076;    91.205; 
 116;     1.178;    25.108;    91.205; 
 117;     1.172;    25.145;    91.205; 
 118;     1.168;    25.173;    91.205; 
 119;     1.163;    25.202;    91.205; 
 120;     1.159;    25.221;    91.205; 
 121;     1.152;    25.248;    91.205; 
 122;     1.146;    25.276;    91.205; 
 123;     1.138;    25.322;    91.205; 
 124;     1.134;    25.341;    91.205; 
 125;     1.129;    25.362;    91.205; 
 126;     1.121;    25.397;    91.205; 
 127;     1.114;    25.429;    91.205; 
 128;     1.108;    25.456;    91.205; 
 129;     1.101;    25.485;    91.205; 
 130;     1.095;    25.507;    91.205; 
 131;     1.087;    25.538;    91.205; 
 132;     1.080;    25.564;    91.205; 
 133;     1.074;    25.582;    91.205; 
 134;     1.065;    25.610;    91.205; 
 135;     1.051;    25.668;    91.205; 
 136;     1.046;    25.689;    91.205; 
 137;     1.040;    25.712;    91.205; 
 138;     1.032;    25.742;    91.205; 
 139;     1.023;    25.779;    91.205; 
 140;     1.016;    25.804;    91.205; 
 141;     1.010;    25.826;    91.205; 
 142;     1.002;    25.853;    91.205; 
 143;      .994;    25.880;    91.205; 
 144;      .986;    25.902;    91.205; 
 145;      .975;    25.938;    91.205; 
 146;      .966;    25.971;    91.205; 
 147;      .958;    26.000;    91.205; 
 148;      .949;    26.029;    91.205; 
 149;      .941;    26.054;    91.205; 
 150;      .933;    26.079;    91.205; 
 151;      .922;    26.113;    91.205; 
 152;      .915;    26.136;    91.205; 
 153;      .908;    26.150;    91.205; 
 154;      .899;    26.172;    91.205; 
 155;      .877;    26.249;    91.205; 
 156;      .873;    26.264;    91.205; 
 157;      .866;    26.286;    91.205; 
 158;      .857;    26.311;    91.205; 
 159;      .849;    26.335;    91.205; 
 160;      .839;    26.363;    91.205; 
 161;      .828;    26.393;    91.205; 
 162;      .818;    26.422;    91.205; 
 163;      .807;    26.453;    91.205; 
 164;      .798;    26.478;    91.205; 
 165;      .789;    26.503;    91.205; 
 166;      .778;    26.532;    91.205; 
 167;      .768;    26.557;    91.205; 
 168;      .754;    26.596;    91.205; 
 169;      .746;    26.618;    91.205; 
 170;      .740;    26.627;    91.205; 
 171;      .723;    26.668;    91.205; 
 172;      .709;    26.703;    91.205; 
 173;      .695;    26.747;    91.205; 
 174;      .687;    26.766;    91.205; 
 175;      .680;    26.782;    91.205; 
 176;      .669;    26.810;    91.205; 
 177;      .659;    26.832;    91.205; 
 178;      .644;    26.869;    91.205; 
 179;      .630;    26.906;    91.205; 
 180;      .626;    26.910;    91.205; 
 181;      .621;    26.916;    91.205; 
 182;      .612;    26.929;    91.205; 
 183;      .602;    26.940;    91.205; 
 184;      .594;    26.948;    91.205; 
 185;      .586;    26.954;    91.205; 
 186;      .579;    26.958;    91.205; 
 187;      .566;    26.966;    91.205; 
 188;      .553;    26.973;    91.205; 
 189;      .540;    26.979;    91.205; 
 190;      .528;    26.983;    91.205; 
 191;      .507;    26.991;    91.205; 
 192;      .492;    26.995;    91.205; 
 193;      .475;    26.999;    91.205; 
 194;      .459;    27.002;    91.205; 
 195;      .451;    27.002;    91.205; 
 196;      .427;    27.003;    91.205; 
 197;      .396;    27.005;    91.205; 
 198;      .376;    27.006;    91.205; 
 199;      .350;    27.006;    91.205; 
 200;      .317;    27.007;    91.205; 
 201;      .286;    27.007;    91.205; 
 202;      .261;    27.007;    91.205; 
 203;      .226;    27.007;    91.205; 
 204;      .199;    27.007;    91.205; 
 205;      .164;    27.008;    91.205; 
 206;      .130;    27.009;    91.205; 
 207;      .102;    27.010;    91.205; 
 208;      .076;    27.010;    91.205; 
 209;      .061;    27.009;    91.205; 
 210;      .016;    27.009;    91.205; 
 211;     -.030;    27.011;    91.205; 
 212;     -.052;    27.012;    91.205; 
 213;     -.072;    27.012;    91.205; 
 214;     -.088;    27.010;    91.205; 
 215;     -.097;    27.008;    91.205; 
 216;     -.105;    27.005;    91.205; 
 217;     -.111;    27.002;    91.205; 
 218;     -.146;    26.990;    91.205; 
 219;     -.174;    26.981;    91.205; 
 220;     -.179;    26.977;    91.205; 
 221;     -.186;    26.973;    91.205; 
 222;     -.198;    26.964;    91.205; 
 223;     -.204;    26.958;    91.205; 
 224;     -.204;    26.955;    91.205; 
 225;     -.208;    26.949;    91.205; 
 226;     -.211;    26.942;    91.205; 
 227;     -.226;    26.920;    91.205; 
 228;     -.247;    26.889;    91.205; 
 229;     -.254;    26.877;    91.205; 
 230;     -.263;    26.859;    91.205; 
 231;     -.278;    26.831;    91.205; 
 232;     -.294;    26.802;    91.205; 
 233;     -.303;    26.784;    91.205; 
 234;     -.304;    26.778;    91.205; 
 235;     -.309;    26.761;    91.205; 
 236;     -.331;    26.707;    91.205; 
 237;     -.350;    26.671;    91.205; 
 238;     -.357;    26.653;    91.205; 
 239;     -.365;    26.634;    91.205; 
 240;     -.379;    26.600;    91.205; 
 241;     -.391;    26.572;    91.205; 
 242;     -.405;    26.541;    91.205; 
 243;     -.413;    26.519;    91.205; 
 244;     -.425;    26.491;    91.205; 
 245;     -.433;    26.469;    91.205; 
 246;     -.439;    26.451;    91.205; 
 247;     -.446;    26.427;    91.205; 
 248;     -.466;    26.374;    91.205; 
 249;     -.479;    26.344;    91.205; 
 250;     -.488;    26.322;    91.205; 
 251;     -.498;    26.297;    91.205; 
 252;     -.509;    26.269;    91.205; 
 253;     -.519;    26.242;    91.205; 
 254;     -.530;    26.215;    91.205; 
 255;     -.542;    26.184;    91.205; 
 256;     -.552;    26.157;    91.205; 
 257;     -.560;    26.135;    91.205; 
 258;     -.570;    26.107;    91.205; 
 259;     -.575;    26.089;    91.205; 
 260;     -.579;    26.072;    91.205; 
 261;     -.592;    26.029;    91.205; 
 262;     -.612;    25.978;    91.205; 
 263;     -.619;    25.960;    91.205; 
 264;     -.634;    25.924;    91.205; 
 265;     -.642;    25.902;    91.205; 
 266;     -.653;    25.873;    91.205; 
 267;     -.661;    25.850;    91.205; 
 268;     -.669;    25.825;    91.205; 
 269;     -.678;    25.797;    91.205; 
 270;     -.686;    25.772;    91.205; 
 271;     -.695;    25.742;    91.205; 
 272;     -.704;    25.713;    91.205; 
 273;     -.714;    25.682;    91.205; 
 274;     -.722;    25.655;    91.205; 
 275;     -.729;    25.631;    91.205; 
 276;     -.736;    25.604;    91.205; 
 277;     -.744;    25.575;    91.205; 
 278;     -.752;    25.545;    91.205; 
 279;     -.761;    25.514;    91.205; 
 280;     -.770;    25.484;    91.205; 
 281;     -.778;    25.456;    91.205; 
 282;     -.785;    25.430;    91.205; 
 283;     -.792;    25.403;    91.205; 
 284;     -.799;    25.374;    91.205; 
 285;     -.807;    25.342;    91.205; 
 286;     -.814;    25.317;    91.205; 
 287;     -.818;    25.294;    91.205; 
 288;     -.826;    25.261;    91.205; 
 289;     -.834;    25.227;    91.205; 
 290;     -.841;    25.199;    91.205; 
 291;     -.846;    25.175;    91.205; 
 292;     -.852;    25.147;    91.205; 
 293;     -.859;    25.114;    91.205; 
 294;     -.863;    25.093;    91.205; 
 295;     -.865;    25.073;    91.205; 
 296;     -.873;    25.030;    91.205; 
 297;     -.888;    24.976;    91.205; 
 298;     -.899;    24.942;    91.205; 
 299;     -.911;    24.908;    91.205; 
 300;     -.983;    24.800;    91.205; 
 301;    -1.170;    24.717;    91.205; 
 302;    -1.214;    24.715;    91.205; 
 303;    -1.249;    24.713;    91.205; 
 304;    -1.277;    24.712;    91.205; 
 305;    -1.307;    24.711;    91.205; 
 306;    -1.333;    24.709;    91.205; 
 307;    -1.373;    24.707;    91.205; 
 308;    -1.400;    24.706;    91.205; 
 309;    -1.428;    24.705;    91.205; 
 310;    -1.465;    24.703;    91.205; 
 311;    -1.495;    24.702;    91.205; 
 312;    -1.531;    24.702;    91.205; 
 313;    -1.689;    24.754;    91.205; 
 314;    -1.798;    24.890;    91.205; 
 315;    -1.813;    24.925;    91.205; 
 316;    -1.827;    24.961;    91.205; 
 317;    -1.843;    25.016;    91.205; 
 318;    -1.851;    25.044;    91.205; 
 319;    -1.858;    25.067;    91.205; 
 320;    -1.865;    25.090;    91.205; 
 321;    -1.876;    25.123;    91.205; 
 322;    -1.884;    25.150;    91.205; 
 323;    -1.894;    25.179;    91.205; 
 324;    -1.902;    25.204;    91.205; 
 325;    -1.912;    25.234;    91.205; 
 326;    -1.922;    25.264;    91.205; 
 327;    -1.932;    25.290;    91.205; 
 328;    -1.941;    25.318;    91.205; 
 329;    -1.951;    25.342;    91.205; 
 330;    -1.962;    25.373;    91.205; 
 331;    -1.971;    25.397;    91.205; 
 332;    -1.981;    25.423;    91.205; 
 333;    -1.994;    25.457;    91.205; 
 334;    -2.004;    25.483;    91.205; 
 335;    -2.014;    25.508;    91.205; 
 336;    -2.024;    25.533;    91.205; 
 337;    -2.037;    25.567;    91.205; 
 338;    -2.048;    25.596;    91.205; 
 339;    -2.058;    25.622;    91.205; 
 340;    -2.069;    25.649;    91.205; 
 341;    -2.081;    25.678;    91.205; 
 342;    -2.089;    25.696;    91.205; 
 343;    -2.102;    25.725;    91.205; 
 344;    -2.116;    25.757;    91.205; 
 345;    -2.128;    25.788;    91.205; 
 346;    -2.139;    25.812;    91.205; 
 347;    -2.151;    25.841;    91.205; 
 348;    -2.163;    25.868;    91.205; 
 349;    -2.173;    25.890;    91.205; 
 350;    -2.183;    25.908;    91.205; 
 351;    -2.202;    25.950;    91.205; 
 352;    -2.213;    25.975;    91.205; 
 353;    -2.226;    26.003;    91.205; 
 354;    -2.239;    26.033;    91.205; 
 355;    -2.248;    26.052;    91.205; 
 356;    -2.260;    26.073;    91.205; 
 357;    -2.274;    26.100;    91.205; 
 358;    -2.293;    26.144;    91.205; 
 359;    -2.302;    26.162;    91.205; 
 360;    -2.315;    26.188;    91.205; 
 361;    -2.329;    26.216;    91.205; 
 362;    -2.343;    26.243;    91.205; 
 363;    -2.356;    26.269;    91.205; 
 364;    -2.369;    26.294;    91.205; 
 365;    -2.385;    26.328;    91.205; 
 366;    -2.396;    26.350;    91.205; 
 367;    -2.411;    26.379;    91.205; 
 368;    -2.422;    26.399;    91.205; 
 369;    -2.438;    26.430;    91.205; 
 370;    -2.451;    26.455;    91.205; 
 371;    -2.464;    26.480;    91.205; 
 372;    -2.479;    26.508;    91.205; 
 373;    -2.493;    26.533;    91.205; 
 374;    -2.506;    26.558;    91.205; 
 375;    -2.521;    26.585;    91.205; 
 376;    -2.536;    26.613;    91.205; 
 377;    -2.552;    26.643;    91.205; 
 378;    -2.565;    26.665;    91.205; 
 379;    -2.578;    26.687;    91.205; 
 380;    -2.596;    26.720;    91.205; 
 381;    -2.612;    26.751;    91.205; 
 382;    -2.624;    26.772;    91.205; 
 383;    -2.634;    26.787;    91.205; 
 384;    -2.646;    26.803;    91.205; 
 385;    -2.657;    26.816;    91.205; 
 386;    -2.664;    26.823;    91.205; 
 387;    -2.676;    26.833;    91.205; 
 388;    -2.687;    26.842;    91.205; 
 389;    -2.699;    26.850;    91.205; 
 390;    -2.710;    26.856;    91.205; 
 391;    -2.722;    26.861;    91.205; 
 392;    -2.735;    26.866;    91.205; 
 393;    -2.753;    26.872;    91.205; 
 394;    -2.768;    26.876;    91.205; 
 395;    -2.779;    26.878;    91.205; 
 396;    -2.787;    26.878;    91.205; 
 397;    -2.807;    26.879;    91.205; 
 398;    -2.830;    26.880;    91.205; 
 399;    -2.845;    26.879;    91.205; 
 400;    -2.860;    26.877;    91.205; 
 401;    -2.884;    26.875;    91.205; 
 402;    -2.915;    26.872;    91.205; 
