[A]
   1;     2.898;    26.893;    88.444; 
   2;     2.868;    26.896;    88.444; 
   3;     2.838;    26.899;    88.444; 
   4;     2.806;    26.902;    88.444; 
   5;     2.768;    26.908;    88.444; 
   6;     2.745;    26.910;    88.444; 
   7;     2.726;    26.911;    88.444; 
   8;     2.672;    26.918;    88.444; 
   9;     2.653;    26.920;    88.444; 
  10;     2.640;    26.919;    88.444; 
  11;     2.612;    26.920;    88.444; 
  12;     2.595;    26.919;    88.444; 
  13;     2.584;    26.918;    88.444; 
  14;     2.574;    26.915;    88.444; 
  15;     2.562;    26.911;    88.444; 
  16;     2.554;    26.907;    88.444; 
  17;     2.540;    26.900;    88.444; 
  18;     2.525;    26.892;    88.444; 
  19;     2.512;    26.884;    88.444; 
  20;     2.499;    26.875;    88.444; 
  21;     2.488;    26.865;    88.444; 
  22;     2.471;    26.851;    88.444; 
  23;     2.453;    26.835;    88.444; 
  24;     2.448;    26.828;    88.444; 
  25;     2.446;    26.823;    88.444; 
  26;     2.441;    26.815;    88.444; 
  27;     2.429;    26.793;    88.444; 
  28;     2.416;    26.771;    88.444; 
  29;     2.401;    26.745;    88.444; 
  30;     2.386;    26.719;    88.444; 
  31;     2.373;    26.695;    88.444; 
  32;     2.360;    26.671;    88.444; 
  33;     2.346;    26.644;    88.444; 
  34;     2.329;    26.614;    88.444; 
  35;     2.314;    26.587;    88.444; 
  36;     2.302;    26.564;    88.444; 
  37;     2.287;    26.537;    88.444; 
  38;     2.276;    26.514;    88.444; 
  39;     2.264;    26.491;    88.444; 
  40;     2.243;    26.452;    88.444; 
  41;     2.229;    26.427;    88.444; 
  42;     2.217;    26.404;    88.444; 
  43;     2.204;    26.379;    88.444; 
  44;     2.191;    26.353;    88.444; 
  45;     2.176;    26.325;    88.444; 
  46;     2.163;    26.300;    88.444; 
  47;     2.152;    26.276;    88.444; 
  48;     2.135;    26.243;    88.444; 
  49;     2.126;    26.224;    88.444; 
  50;     2.112;    26.195;    88.444; 
  51;     2.096;    26.163;    88.444; 
  52;     2.080;    26.131;    88.444; 
  53;     2.070;    26.111;    88.444; 
  54;     2.058;    26.085;    88.444; 
  55;     2.046;    26.058;    88.444; 
  56;     2.032;    26.030;    88.444; 
  57;     2.021;    26.005;    88.444; 
  58;     2.008;    25.977;    88.444; 
  59;     1.995;    25.948;    88.444; 
  60;     1.984;    25.923;    88.444; 
  61;     1.971;    25.895;    88.444; 
  62;     1.960;    25.870;    88.444; 
  63;     1.946;    25.839;    88.444; 
  64;     1.936;    25.815;    88.444; 
  65;     1.926;    25.791;    88.444; 
  66;     1.913;    25.759;    88.444; 
  67;     1.900;    25.730;    88.444; 
  68;     1.886;    25.699;    88.444; 
  69;     1.875;    25.674;    88.444; 
  70;     1.864;    25.649;    88.444; 
  71;     1.855;    25.624;    88.444; 
  72;     1.842;    25.593;    88.444; 
  73;     1.830;    25.563;    88.444; 
  74;     1.823;    25.543;    88.444; 
  75;     1.812;    25.515;    88.444; 
  76;     1.800;    25.483;    88.444; 
  77;     1.786;    25.449;    88.444; 
  78;     1.781;    25.434;    88.444; 
  79;     1.767;    25.396;    88.444; 
  80;     1.760;    25.377;    88.444; 
  81;     1.755;    25.359;    88.444; 
  82;     1.739;    25.314;    88.444; 
  83;     1.730;    25.289;    88.444; 
  84;     1.720;    25.259;    88.444; 
  85;     1.702;    25.216;    88.444; 
  86;     1.695;    25.198;    88.444; 
  87;     1.689;    25.177;    88.444; 
  88;     1.681;    25.154;    88.444; 
  89;     1.672;    25.124;    88.444; 
  90;     1.663;    25.095;    88.444; 
  91;     1.656;    25.071;    88.444; 
  92;     1.647;    25.039;    88.444; 
  93;     1.637;    25.008;    88.444; 
  94;     1.625;    24.973;    88.444; 
  95;     1.600;    24.915;    88.444; 
  96;     1.578;    24.877;    88.444; 
  97;     1.409;    24.752;    88.444; 
  98;     1.282;    24.744;    88.444; 
  99;     1.255;    24.745;    88.444; 
 100;     1.227;    24.747;    88.444; 
 101;     1.203;    24.747;    88.444; 
 102;     1.162;    24.750;    88.444; 
 103;     1.130;    24.753;    88.444; 
 104;     1.103;    24.754;    88.444; 
 105;     1.071;    24.757;    88.444; 
 106;     1.044;    24.758;    88.444; 
 107;     1.017;    24.759;    88.444; 
 108;      .980;    24.761;    88.444; 
 109;      .924;    24.770;    88.444; 
 110;      .735;    24.916;    88.444; 
 111;      .702;    25.011;    88.444; 
 112;      .694;    25.041;    88.444; 
 113;      .689;    25.055;    88.444; 
 114;      .677;    25.115;    88.444; 
 115;      .671;    25.145;    88.444; 
 116;      .666;    25.171;    88.444; 
 117;      .659;    25.216;    88.444; 
 118;      .656;    25.232;    88.444; 
 119;      .650;    25.261;    88.444; 
 120;      .644;    25.289;    88.444; 
 121;      .639;    25.313;    88.444; 
 122;      .632;    25.343;    88.444; 
 123;      .625;    25.374;    88.444; 
 124;      .618;    25.404;    88.444; 
 125;      .611;    25.433;    88.444; 
 126;      .604;    25.463;    88.444; 
 127;      .598;    25.488;    88.444; 
 128;      .591;    25.512;    88.444; 
 129;      .584;    25.536;    88.444; 
 130;      .574;    25.571;    88.444; 
 131;      .567;    25.598;    88.444; 
 132;      .558;    25.630;    88.444; 
 133;      .549;    25.663;    88.444; 
 134;      .542;    25.688;    88.444; 
 135;      .535;    25.712;    88.444; 
 136;      .526;    25.739;    88.444; 
 137;      .516;    25.775;    88.444; 
 138;      .508;    25.800;    88.444; 
 139;      .500;    25.824;    88.444; 
 140;      .489;    25.863;    88.444; 
 141;      .483;    25.880;    88.444; 
 142;      .472;    25.914;    88.444; 
 143;      .464;    25.939;    88.444; 
 144;      .457;    25.958;    88.444; 
 145;      .447;    25.980;    88.444; 
 146;      .430;    26.038;    88.444; 
 147;      .423;    26.061;    88.444; 
 148;      .417;    26.076;    88.444; 
 149;      .404;    26.117;    88.444; 
 150;      .396;    26.140;    88.444; 
 151;      .386;    26.168;    88.444; 
 152;      .379;    26.184;    88.444; 
 153;      .370;    26.206;    88.444; 
 154;      .352;    26.258;    88.444; 
 155;      .343;    26.287;    88.444; 
 156;      .336;    26.306;    88.444; 
 157;      .326;    26.331;    88.444; 
 158;      .314;    26.365;    88.444; 
 159;      .304;    26.393;    88.444; 
 160;      .294;    26.418;    88.444; 
 161;      .284;    26.445;    88.444; 
 162;      .272;    26.475;    88.444; 
 163;      .263;    26.497;    88.444; 
 164;      .250;    26.528;    88.444; 
 165;      .239;    26.555;    88.444; 
 166;      .227;    26.588;    88.444; 
 167;      .217;    26.611;    88.444; 
 168;      .207;    26.633;    88.444; 
 169;      .195;    26.661;    88.444; 
 170;      .181;    26.694;    88.444; 
 171;      .167;    26.732;    88.444; 
 172;      .159;    26.752;    88.444; 
 173;      .148;    26.779;    88.444; 
 174;      .137;    26.803;    88.444; 
 175;      .129;    26.819;    88.444; 
 176;      .114;    26.852;    88.444; 
 177;      .095;    26.901;    88.444; 
 178;      .088;    26.918;    88.444; 
 179;      .078;    26.937;    88.444; 
 180;      .071;    26.949;    88.444; 
 181;      .061;    26.965;    88.444; 
 182;      .051;    26.979;    88.444; 
 183;      .043;    26.989;    88.444; 
 184;      .033;    26.999;    88.444; 
 185;      .025;    27.006;    88.444; 
 186;      .017;    27.011;    88.444; 
 187;      .007;    27.016;    88.444; 
 188;     -.001;    27.019;    88.444; 
 189;     -.010;    27.022;    88.444; 
 190;     -.034;    27.033;    88.444; 
 191;     -.056;    27.042;    88.444; 
 192;     -.077;    27.049;    88.444; 
 193;     -.086;    27.050;    88.444; 
 194;     -.093;    27.050;    88.444; 
 195;     -.100;    27.049;    88.444; 
 196;     -.120;    27.050;    88.444; 
 197;     -.151;    27.050;    88.444; 
 198;     -.174;    27.050;    88.444; 
 199;     -.207;    27.050;    88.444; 
 200;     -.233;    27.049;    88.444; 
 201;     -.261;    27.049;    88.444; 
 202;     -.298;    27.049;    88.444; 
 203;     -.323;    27.048;    88.444; 
 204;     -.357;    27.048;    88.444; 
 205;     -.385;    27.047;    88.444; 
 206;     -.413;    27.046;    88.444; 
 207;     -.440;    27.045;    88.444; 
 208;     -.486;    27.046;    88.444; 
 209;     -.514;    27.046;    88.444; 
 210;     -.542;    27.046;    88.444; 
 211;     -.570;    27.045;    88.444; 
 212;     -.584;    27.044;    88.444; 
 213;     -.631;    27.043;    88.444; 
 214;     -.655;    27.042;    88.444; 
 215;     -.670;    27.040;    88.444; 
 216;     -.681;    27.037;    88.444; 
 217;     -.691;    27.033;    88.444; 
 218;     -.700;    27.030;    88.444; 
 219;     -.706;    27.025;    88.444; 
 220;     -.711;    27.021;    88.444; 
 221;     -.721;    27.013;    88.444; 
 222;     -.745;    26.996;    88.444; 
 223;     -.764;    26.981;    88.444; 
 224;     -.774;    26.972;    88.444; 
 225;     -.785;    26.961;    88.444; 
 226;     -.792;    26.951;    88.444; 
 227;     -.798;    26.942;    88.444; 
 228;     -.809;    26.925;    88.444; 
 229;     -.820;    26.906;    88.444; 
 230;     -.826;    26.894;    88.444; 
 231;     -.835;    26.874;    88.444; 
 232;     -.845;    26.850;    88.444; 
 233;     -.853;    26.830;    88.444; 
 234;     -.864;    26.802;    88.444; 
 235;     -.876;    26.771;    88.444; 
 236;     -.888;    26.742;    88.444; 
 237;     -.896;    26.720;    88.444; 
 238;     -.902;    26.701;    88.444; 
 239;     -.919;    26.657;    88.444; 
 240;     -.932;    26.626;    88.444; 
 241;     -.942;    26.601;    88.444; 
 242;     -.951;    26.576;    88.444; 
 243;     -.959;    26.553;    88.444; 
 244;     -.973;    26.517;    88.444; 
 245;     -.983;    26.491;    88.444; 
 246;     -.990;    26.469;    88.444; 
 247;    -1.002;    26.435;    88.444; 
 248;    -1.015;    26.401;    88.444; 
 249;    -1.023;    26.379;    88.444; 
 250;    -1.033;    26.352;    88.444; 
 251;    -1.044;    26.320;    88.444; 
 252;    -1.056;    26.290;    88.444; 
 253;    -1.064;    26.266;    88.444; 
 254;    -1.073;    26.239;    88.444; 
 255;    -1.084;    26.208;    88.444; 
 256;    -1.092;    26.183;    88.444; 
 257;    -1.101;    26.155;    88.444; 
 258;    -1.108;    26.132;    88.444; 
 259;    -1.123;    26.089;    88.444; 
 260;    -1.133;    26.061;    88.444; 
 261;    -1.137;    26.046;    88.444; 
 262;    -1.148;    26.013;    88.444; 
 263;    -1.158;    25.980;    88.444; 
 264;    -1.168;    25.951;    88.444; 
 265;    -1.176;    25.925;    88.444; 
 266;    -1.184;    25.898;    88.444; 
 267;    -1.192;    25.871;    88.444; 
 268;    -1.202;    25.836;    88.444; 
 269;    -1.211;    25.808;    88.444; 
 270;    -1.218;    25.783;    88.444; 
 271;    -1.226;    25.753;    88.444; 
 272;    -1.233;    25.727;    88.444; 
 273;    -1.241;    25.698;    88.444; 
 274;    -1.251;    25.665;    88.444; 
 275;    -1.257;    25.639;    88.444; 
 276;    -1.265;    25.609;    88.444; 
 277;    -1.272;    25.582;    88.444; 
 278;    -1.279;    25.555;    88.444; 
 279;    -1.288;    25.521;    88.444; 
 280;    -1.294;    25.495;    88.444; 
 281;    -1.300;    25.471;    88.444; 
 282;    -1.308;    25.437;    88.444; 
 283;    -1.314;    25.411;    88.444; 
 284;    -1.322;    25.378;    88.444; 
 285;    -1.329;    25.349;    88.444; 
 286;    -1.331;    25.333;    88.444; 
 287;    -1.338;    25.298;    88.444; 
 288;    -1.345;    25.267;    88.444; 
 289;    -1.351;    25.236;    88.444; 
 290;    -1.355;    25.213;    88.444; 
 291;    -1.358;    25.191;    88.444; 
 292;    -1.361;    25.167;    88.444; 
 293;    -1.370;    25.116;    88.444; 
 294;    -1.382;    25.071;    88.444; 
 295;    -1.387;    25.049;    88.444; 
 296;    -1.391;    25.029;    88.444; 
 297;    -1.397;    24.996;    88.444; 
 298;    -1.413;    24.942;    88.444; 
 299;    -1.427;    24.902;    88.444; 
 300;    -1.529;    24.776;    88.444; 
 301;    -1.696;    24.721;    88.444; 
 302;    -1.719;    24.718;    88.444; 
 303;    -1.746;    24.715;    88.444; 
 304;    -1.801;    24.713;    88.444; 
 305;    -1.819;    24.711;    88.444; 
 306;    -1.853;    24.710;    88.444; 
 307;    -1.880;    24.708;    88.444; 
 308;    -1.909;    24.706;    88.444; 
 309;    -1.937;    24.703;    88.444; 
 310;    -1.970;    24.701;    88.444; 
 311;    -2.003;    24.699;    88.444; 
 312;    -2.028;    24.697;    88.444; 
 313;    -2.238;    24.781;    88.444; 
 314;    -2.311;    24.892;    88.444; 
 315;    -2.324;    24.922;    88.444; 
 316;    -2.335;    24.946;    88.444; 
 317;    -2.357;    25.011;    88.444; 
 318;    -2.366;    25.050;    88.444; 
 319;    -2.371;    25.064;    88.444; 
 320;    -2.379;    25.088;    88.444; 
 321;    -2.386;    25.107;    88.444; 
 322;    -2.397;    25.135;    88.444; 
 323;    -2.410;    25.171;    88.444; 
 324;    -2.420;    25.201;    88.444; 
 325;    -2.429;    25.228;    88.444; 
 326;    -2.439;    25.256;    88.444; 
 327;    -2.449;    25.281;    88.444; 
 328;    -2.458;    25.305;    88.444; 
 329;    -2.470;    25.335;    88.444; 
 330;    -2.481;    25.364;    88.444; 
 331;    -2.491;    25.389;    88.444; 
 332;    -2.502;    25.416;    88.444; 
 333;    -2.514;    25.446;    88.444; 
 334;    -2.525;    25.474;    88.444; 
 335;    -2.535;    25.499;    88.444; 
 336;    -2.548;    25.529;    88.444; 
 337;    -2.558;    25.554;    88.444; 
 338;    -2.570;    25.580;    88.444; 
 339;    -2.582;    25.608;    88.444; 
 340;    -2.594;    25.636;    88.444; 
 341;    -2.605;    25.662;    88.444; 
 342;    -2.618;    25.689;    88.444; 
 343;    -2.630;    25.716;    88.444; 
 344;    -2.640;    25.737;    88.444; 
 345;    -2.653;    25.764;    88.444; 
 346;    -2.671;    25.804;    88.444; 
 347;    -2.680;    25.824;    88.444; 
 348;    -2.693;    25.852;    88.444; 
 349;    -2.704;    25.875;    88.444; 
 350;    -2.716;    25.898;    88.444; 
 351;    -2.733;    25.933;    88.444; 
 352;    -2.745;    25.958;    88.444; 
 353;    -2.757;    25.983;    88.444; 
 354;    -2.771;    26.011;    88.444; 
 355;    -2.785;    26.039;    88.444; 
 356;    -2.797;    26.062;    88.444; 
 357;    -2.807;    26.080;    88.444; 
 358;    -2.828;    26.123;    88.444; 
 359;    -2.842;    26.151;    88.444; 
 360;    -2.853;    26.172;    88.444; 
 361;    -2.865;    26.194;    88.444; 
 362;    -2.879;    26.222;    88.444; 
 363;    -2.895;    26.251;    88.444; 
 364;    -2.907;    26.274;    88.444; 
 365;    -2.922;    26.300;    88.444; 
 366;    -2.938;    26.330;    88.444; 
 367;    -2.953;    26.358;    88.444; 
 368;    -2.969;    26.387;    88.444; 
 369;    -2.981;    26.411;    88.444; 
 370;    -2.994;    26.434;    88.444; 
 371;    -3.009;    26.459;    88.444; 
 372;    -3.024;    26.486;    88.444; 
 373;    -3.038;    26.511;    88.444; 
 374;    -3.054;    26.539;    88.444; 
 375;    -3.068;    26.563;    88.444; 
 376;    -3.085;    26.594;    88.444; 
 377;    -3.100;    26.621;    88.444; 
 378;    -3.110;    26.638;    88.444; 
 379;    -3.125;    26.660;    88.444; 
 380;    -3.145;    26.695;    88.444; 
 381;    -3.156;    26.713;    88.444; 
 382;    -3.163;    26.721;    88.444; 
 383;    -3.176;    26.736;    88.444; 
 384;    -3.187;    26.747;    88.444; 
 385;    -3.196;    26.755;    88.444; 
 386;    -3.217;    26.774;    88.444; 
 387;    -3.240;    26.795;    88.444; 
 388;    -3.249;    26.802;    88.444; 
 389;    -3.260;    26.808;    88.444; 
 390;    -3.274;    26.816;    88.444; 
 391;    -3.286;    26.821;    88.444; 
 392;    -3.303;    26.828;    88.444; 
 393;    -3.321;    26.835;    88.444; 
 394;    -3.333;    26.837;    88.444; 
 395;    -3.343;    26.838;    88.444; 
 396;    -3.354;    26.838;    88.444; 
 397;    -3.362;    26.838;    88.444; 
 398;    -3.368;    26.836;    88.444; 
 399;    -3.391;    26.833;    88.444; 
 400;    -3.420;    26.830;    88.444; 
 401;    -3.468;    26.827;    88.444; 
 402;    -3.484;    26.825;    88.444; 
 403;    -3.506;    26.822;    88.444; 
 404;    -3.537;    26.817;    88.444; 
