[A]
   1;     3.233;    26.976;    88.478; 
   2;     3.204;    26.979;    88.478; 
   3;     3.178;    26.982;    88.478; 
   4;     3.149;    26.986;    88.478; 
   5;     3.120;    26.989;    88.478; 
   6;     3.084;    26.993;    88.478; 
   7;     3.051;    26.997;    88.478; 
   8;     3.022;    27.001;    88.478; 
   9;     3.002;    27.003;    88.478; 
  10;     2.979;    27.004;    88.478; 
  11;     2.964;    27.004;    88.478; 
  12;     2.950;    27.002;    88.478; 
  13;     2.939;    27.000;    88.478; 
  14;     2.933;    26.997;    88.478; 
  15;     2.926;    26.993;    88.478; 
  16;     2.903;    26.985;    88.478; 
  17;     2.875;    26.974;    88.478; 
  18;     2.861;    26.967;    88.478; 
  19;     2.854;    26.962;    88.478; 
  20;     2.850;    26.958;    88.478; 
  21;     2.841;    26.949;    88.478; 
  22;     2.832;    26.940;    88.478; 
  23;     2.822;    26.928;    88.478; 
  24;     2.811;    26.914;    88.478; 
  25;     2.798;    26.896;    88.478; 
  26;     2.791;    26.885;    88.478; 
  27;     2.782;    26.868;    88.478; 
  28;     2.767;    26.842;    88.478; 
  29;     2.754;    26.818;    88.478; 
  30;     2.737;    26.789;    88.478; 
  31;     2.721;    26.761;    88.478; 
  32;     2.708;    26.738;    88.478; 
  33;     2.693;    26.711;    88.478; 
  34;     2.682;    26.690;    88.478; 
  35;     2.667;    26.661;    88.478; 
  36;     2.649;    26.630;    88.478; 
  37;     2.633;    26.602;    88.478; 
  38;     2.622;    26.581;    88.478; 
  39;     2.608;    26.554;    88.478; 
  40;     2.593;    26.526;    88.478; 
  41;     2.578;    26.499;    88.478; 
  42;     2.564;    26.473;    88.478; 
  43;     2.552;    26.449;    88.478; 
  44;     2.540;    26.424;    88.478; 
  45;     2.521;    26.390;    88.478; 
  46;     2.512;    26.370;    88.478; 
  47;     2.498;    26.342;    88.478; 
  48;     2.483;    26.313;    88.478; 
  49;     2.468;    26.284;    88.478; 
  50;     2.455;    26.259;    88.478; 
  51;     2.443;    26.235;    88.478; 
  52;     2.430;    26.208;    88.478; 
  53;     2.416;    26.181;    88.478; 
  54;     2.403;    26.154;    88.478; 
  55;     2.391;    26.129;    88.478; 
  56;     2.378;    26.101;    88.478; 
  57;     2.365;    26.073;    88.478; 
  58;     2.352;    26.046;    88.478; 
  59;     2.340;    26.019;    88.478; 
  60;     2.327;    25.992;    88.478; 
  61;     2.315;    25.966;    88.478; 
  62;     2.303;    25.939;    88.478; 
  63;     2.291;    25.912;    88.478; 
  64;     2.283;    25.891;    88.478; 
  65;     2.269;    25.858;    88.478; 
  66;     2.255;    25.826;    88.478; 
  67;     2.243;    25.800;    88.478; 
  68;     2.234;    25.777;    88.478; 
  69;     2.219;    25.743;    88.478; 
  70;     2.209;    25.719;    88.478; 
  71;     2.198;    25.692;    88.478; 
  72;     2.186;    25.661;    88.478; 
  73;     2.174;    25.633;    88.478; 
  74;     2.165;    25.609;    88.478; 
  75;     2.154;    25.581;    88.478; 
  76;     2.142;    25.552;    88.478; 
  77;     2.133;    25.526;    88.478; 
  78;     2.127;    25.508;    88.478; 
  79;     2.109;    25.462;    88.478; 
  80;     2.100;    25.438;    88.478; 
  81;     2.094;    25.420;    88.478; 
  82;     2.089;    25.403;    88.478; 
  83;     2.075;    25.359;    88.478; 
  84;     2.058;    25.317;    88.478; 
  85;     2.055;    25.306;    88.478; 
  86;     2.043;    25.272;    88.478; 
  87;     2.032;    25.242;    88.478; 
  88;     2.027;    25.225;    88.478; 
  89;     2.021;    25.203;    88.478; 
  90;     2.016;    25.182;    88.478; 
  91;     1.997;    25.125;    88.478; 
  92;     1.993;    25.111;    88.478; 
  93;     1.978;    25.069;    88.478; 
  94;     1.955;    25.020;    88.478; 
  95;     1.943;    24.994;    88.478; 
  96;     1.869;    24.900;    88.478; 
  97;     1.676;    24.829;    88.478; 
  98;     1.622;    24.831;    88.478; 
  99;     1.579;    24.835;    88.478; 
 100;     1.558;    24.836;    88.478; 
 101;     1.524;    24.839;    88.478; 
 102;     1.499;    24.841;    88.478; 
 103;     1.468;    24.843;    88.478; 
 104;     1.436;    24.845;    88.478; 
 105;     1.409;    24.846;    88.478; 
 106;     1.382;    24.848;    88.478; 
 107;     1.345;    24.850;    88.478; 
 108;     1.300;    24.855;    88.478; 
 109;     1.185;    24.898;    88.478; 
 110;     1.056;    25.077;    88.478; 
 111;     1.046;    25.122;    88.478; 
 112;     1.039;    25.158;    88.478; 
 113;     1.034;    25.177;    88.478; 
 114;     1.026;    25.210;    88.478; 
 115;     1.018;    25.259;    88.478; 
 116;     1.014;    25.284;    88.478; 
 117;     1.009;    25.309;    88.478; 
 118;     1.004;    25.340;    88.478; 
 119;      .999;    25.361;    88.478; 
 120;      .993;    25.387;    88.478; 
 121;      .985;    25.426;    88.478; 
 122;      .980;    25.449;    88.478; 
 123;      .973;    25.476;    88.478; 
 124;      .966;    25.505;    88.478; 
 125;      .959;    25.543;    88.478; 
 126;      .953;    25.569;    88.478; 
 127;      .946;    25.596;    88.478; 
 128;      .940;    25.618;    88.478; 
 129;      .931;    25.656;    88.478; 
 130;      .925;    25.678;    88.478; 
 131;      .917;    25.708;    88.478; 
 132;      .908;    25.741;    88.478; 
 133;      .901;    25.768;    88.478; 
 134;      .894;    25.793;    88.478; 
 135;      .886;    25.817;    88.478; 
 136;      .876;    25.853;    88.478; 
 137;      .868;    25.881;    88.478; 
 138;      .861;    25.900;    88.478; 
 139;      .851;    25.934;    88.478; 
 140;      .840;    25.974;    88.478; 
 141;      .834;    25.996;    88.478; 
 142;      .827;    26.018;    88.478; 
 143;      .818;    26.045;    88.478; 
 144;      .808;    26.073;    88.478; 
 145;      .798;    26.107;    88.478; 
 146;      .788;    26.138;    88.478; 
 147;      .781;    26.158;    88.478; 
 148;      .772;    26.183;    88.478; 
 149;      .758;    26.229;    88.478; 
 150;      .752;    26.247;    88.478; 
 151;      .743;    26.273;    88.478; 
 152;      .732;    26.305;    88.478; 
 153;      .723;    26.329;    88.478; 
 154;      .713;    26.359;    88.478; 
 155;      .702;    26.389;    88.478; 
 156;      .692;    26.417;    88.478; 
 157;      .684;    26.438;    88.478; 
 158;      .673;    26.468;    88.478; 
 159;      .663;    26.495;    88.478; 
 160;      .652;    26.523;    88.478; 
 161;      .640;    26.554;    88.478; 
 162;      .630;    26.579;    88.478; 
 163;      .617;    26.615;    88.478; 
 164;      .608;    26.641;    88.478; 
 165;      .599;    26.663;    88.478; 
 166;      .588;    26.691;    88.478; 
 167;      .578;    26.716;    88.478; 
 168;      .565;    26.748;    88.478; 
 169;      .553;    26.778;    88.478; 
 170;      .543;    26.803;    88.478; 
 171;      .531;    26.830;    88.478; 
 172;      .520;    26.858;    88.478; 
 173;      .507;    26.890;    88.478; 
 174;      .497;    26.913;    88.478; 
 175;      .488;    26.933;    88.478; 
 176;      .472;    26.969;    88.478; 
 177;      .459;    27.001;    88.478; 
 178;      .451;    27.020;    88.478; 
 179;      .442;    27.035;    88.478; 
 180;      .431;    27.054;    88.478; 
 181;      .418;    27.078;    88.478; 
 182;      .409;    27.090;    88.478; 
 183;      .402;    27.097;    88.478; 
 184;      .395;    27.102;    88.478; 
 185;      .385;    27.111;    88.478; 
 186;      .372;    27.121;    88.478; 
 187;      .363;    27.126;    88.478; 
 188;      .353;    27.131;    88.478; 
 189;      .344;    27.134;    88.478; 
 190;      .330;    27.138;    88.478; 
 191;      .313;    27.143;    88.478; 
 192;      .296;    27.147;    88.478; 
 193;      .279;    27.150;    88.478; 
 194;      .267;    27.151;    88.478; 
 195;      .249;    27.152;    88.478; 
 196;      .228;    27.153;    88.478; 
 197;      .204;    27.153;    88.478; 
 198;      .181;    27.152;    88.478; 
 199;      .144;    27.152;    88.478; 
 200;      .110;    27.152;    88.478; 
 201;      .086;    27.152;    88.478; 
 202;      .048;    27.153;    88.478; 
 203;      .020;    27.153;    88.478; 
 204;     -.008;    27.153;    88.478; 
 205;     -.041;    27.153;    88.478; 
 206;     -.069;    27.153;    88.478; 
 207;     -.102;    27.153;    88.478; 
 208;     -.132;    27.153;    88.478; 
 209;     -.164;    27.153;    88.478; 
 210;     -.182;    27.152;    88.478; 
 211;     -.193;    27.150;    88.478; 
 212;     -.247;    27.147;    88.478; 
 213;     -.280;    27.147;    88.478; 
 214;     -.287;    27.145;    88.478; 
 215;     -.298;    27.142;    88.478; 
 216;     -.322;    27.137;    88.478; 
 217;     -.335;    27.132;    88.478; 
 218;     -.345;    27.128;    88.478; 
 219;     -.365;    27.119;    88.478; 
 220;     -.381;    27.111;    88.478; 
 221;     -.391;    27.105;    88.478; 
 222;     -.397;    27.099;    88.478; 
 223;     -.405;    27.092;    88.478; 
 224;     -.412;    27.084;    88.478; 
 225;     -.421;    27.073;    88.478; 
 226;     -.428;    27.063;    88.478; 
 227;     -.433;    27.054;    88.478; 
 228;     -.440;    27.040;    88.478; 
 229;     -.450;    27.020;    88.478; 
 230;     -.466;    26.989;    88.478; 
 231;     -.473;    26.972;    88.478; 
 232;     -.482;    26.951;    88.478; 
 233;     -.494;    26.923;    88.478; 
 234;     -.504;    26.899;    88.478; 
 235;     -.513;    26.875;    88.478; 
 236;     -.528;    26.840;    88.478; 
 237;     -.539;    26.812;    88.478; 
 238;     -.549;    26.787;    88.478; 
 239;     -.561;    26.757;    88.478; 
 240;     -.574;    26.727;    88.478; 
 241;     -.584;    26.700;    88.478; 
 242;     -.593;    26.676;    88.478; 
 243;     -.604;    26.647;    88.478; 
 244;     -.616;    26.616;    88.478; 
 245;     -.625;    26.592;    88.478; 
 246;     -.635;    26.565;    88.478; 
 247;     -.650;    26.527;    88.478; 
 248;     -.658;    26.505;    88.478; 
 249;     -.667;    26.481;    88.478; 
 250;     -.680;    26.446;    88.478; 
 251;     -.689;    26.422;    88.478; 
 252;     -.699;    26.394;    88.478; 
 253;     -.710;    26.363;    88.478; 
 254;     -.719;    26.337;    88.478; 
 255;     -.728;    26.310;    88.478; 
 256;     -.738;    26.282;    88.478; 
 257;     -.747;    26.256;    88.478; 
 258;     -.756;    26.226;    88.478; 
 259;     -.766;    26.196;    88.478; 
 260;     -.775;    26.169;    88.478; 
 261;     -.785;    26.140;    88.478; 
 262;     -.793;    26.113;    88.478; 
 263;     -.802;    26.087;    88.478; 
 264;     -.814;    26.050;    88.478; 
 265;     -.821;    26.026;    88.478; 
 266;     -.830;    25.999;    88.478; 
 267;     -.837;    25.974;    88.478; 
 268;     -.845;    25.946;    88.478; 
 269;     -.851;    25.922;    88.478; 
 270;     -.863;    25.883;    88.478; 
 271;     -.872;    25.855;    88.478; 
 272;     -.878;    25.831;    88.478; 
 273;     -.887;    25.801;    88.478; 
 274;     -.897;    25.768;    88.478; 
 275;     -.903;    25.744;    88.478; 
 276;     -.911;    25.714;    88.478; 
 277;     -.919;    25.683;    88.478; 
 278;     -.926;    25.658;    88.478; 
 279;     -.932;    25.631;    88.478; 
 280;     -.939;    25.602;    88.478; 
 281;     -.945;    25.576;    88.478; 
 282;     -.955;    25.538;    88.478; 
 283;     -.961;    25.513;    88.478; 
 284;     -.966;    25.490;    88.478; 
 285;     -.973;    25.459;    88.478; 
 286;     -.980;    25.429;    88.478; 
 287;     -.986;    25.401;    88.478; 
 288;     -.992;    25.371;    88.478; 
 289;     -.996;    25.348;    88.478; 
 290;    -1.006;    25.307;    88.478; 
 291;    -1.011;    25.282;    88.478; 
 292;    -1.015;    25.258;    88.478; 
 293;    -1.020;    25.231;    88.478; 
 294;    -1.022;    25.212;    88.478; 
 295;    -1.026;    25.182;    88.478; 
 296;    -1.039;    25.121;    88.478; 
 297;    -1.046;    25.092;    88.478; 
 298;    -1.067;    25.034;    88.478; 
 299;    -1.081;    25.000;    88.478; 
 300;    -1.234;    24.857;    88.478; 
 301;    -1.345;    24.833;    88.478; 
 302;    -1.400;    24.832;    88.478; 
 303;    -1.417;    24.830;    88.478; 
 304;    -1.445;    24.829;    88.478; 
 305;    -1.473;    24.827;    88.478; 
 306;    -1.507;    24.825;    88.478; 
 307;    -1.549;    24.824;    88.478; 
 308;    -1.570;    24.823;    88.478; 
 309;    -1.596;    24.821;    88.478; 
 310;    -1.625;    24.818;    88.478; 
 311;    -1.653;    24.816;    88.478; 
 312;    -1.747;    24.824;    88.478; 
 313;    -1.927;    24.953;    88.478; 
 314;    -1.964;    25.031;    88.478; 
 315;    -1.978;    25.068;    88.478; 
 316;    -1.987;    25.094;    88.478; 
 317;    -2.000;    25.134;    88.478; 
 318;    -2.012;    25.184;    88.478; 
 319;    -2.017;    25.200;    88.478; 
 320;    -2.024;    25.219;    88.478; 
 321;    -2.032;    25.243;    88.478; 
 322;    -2.038;    25.256;    88.478; 
 323;    -2.052;    25.291;    88.478; 
 324;    -2.065;    25.328;    88.478; 
 325;    -2.078;    25.373;    88.478; 
 326;    -2.084;    25.391;    88.478; 
 327;    -2.091;    25.409;    88.478; 
 328;    -2.101;    25.436;    88.478; 
 329;    -2.109;    25.453;    88.478; 
 330;    -2.125;    25.497;    88.478; 
 331;    -2.138;    25.538;    88.478; 
 332;    -2.142;    25.544;    88.478; 
 333;    -2.155;    25.579;    88.478; 
 334;    -2.168;    25.613;    88.478; 
 335;    -2.174;    25.627;    88.478; 
 336;    -2.190;    25.668;    88.478; 
 337;    -2.200;    25.693;    88.478; 
 338;    -2.209;    25.715;    88.478; 
 339;    -2.220;    25.739;    88.478; 
 340;    -2.233;    25.770;    88.478; 
 341;    -2.245;    25.799;    88.478; 
 342;    -2.257;    25.829;    88.478; 
 343;    -2.267;    25.852;    88.478; 
 344;    -2.280;    25.880;    88.478; 
 345;    -2.291;    25.905;    88.478; 
 346;    -2.303;    25.930;    88.478; 
 347;    -2.317;    25.962;    88.478; 
 348;    -2.328;    25.984;    88.478; 
 349;    -2.343;    26.019;    88.478; 
 350;    -2.355;    26.045;    88.478; 
 351;    -2.366;    26.069;    88.478; 
 352;    -2.378;    26.093;    88.478; 
 353;    -2.392;    26.120;    88.478; 
 354;    -2.405;    26.147;    88.478; 
 355;    -2.422;    26.186;    88.478; 
 356;    -2.432;    26.205;    88.478; 
 357;    -2.443;    26.228;    88.478; 
 358;    -2.458;    26.257;    88.478; 
 359;    -2.471;    26.283;    88.478; 
 360;    -2.487;    26.316;    88.478; 
 361;    -2.499;    26.341;    88.478; 
 362;    -2.511;    26.363;    88.478; 
 363;    -2.525;    26.391;    88.478; 
 364;    -2.540;    26.418;    88.478; 
 365;    -2.554;    26.446;    88.478; 
 366;    -2.566;    26.469;    88.478; 
 367;    -2.580;    26.494;    88.478; 
 368;    -2.596;    26.525;    88.478; 
 369;    -2.609;    26.548;    88.478; 
 370;    -2.621;    26.568;    88.478; 
 371;    -2.639;    26.604;    88.478; 
 372;    -2.653;    26.629;    88.478; 
 373;    -2.667;    26.656;    88.478; 
 374;    -2.676;    26.670;    88.478; 
 375;    -2.694;    26.701;    88.478; 
 376;    -2.712;    26.734;    88.478; 
 377;    -2.725;    26.755;    88.478; 
 378;    -2.739;    26.781;    88.478; 
 379;    -2.755;    26.808;    88.478; 
 380;    -2.769;    26.832;    88.478; 
 381;    -2.782;    26.854;    88.478; 
 382;    -2.792;    26.866;    88.478; 
 383;    -2.802;    26.878;    88.478; 
 384;    -2.812;    26.889;    88.478; 
 385;    -2.827;    26.904;    88.478; 
 386;    -2.843;    26.919;    88.478; 
 387;    -2.860;    26.934;    88.478; 
 388;    -2.878;    26.949;    88.478; 
 389;    -2.899;    26.966;    88.478; 
 390;    -2.904;    26.968;    88.478; 
 391;    -2.907;    26.968;    88.478; 
 392;    -2.910;    26.967;    88.478; 
 393;    -2.925;    26.971;    88.478; 
 394;    -2.941;    26.974;    88.478; 
 395;    -2.952;    26.975;    88.478; 
 396;    -2.964;    26.974;    88.478; 
 397;    -2.969;    26.973;    88.478; 
 398;    -2.975;    26.971;    88.478; 
 399;    -3.016;    26.967;    88.478; 
 400;    -3.069;    26.966;    88.478; 
 401;    -3.090;    26.965;    88.478; 
 402;    -3.109;    26.963;    88.478; 
 403;    -3.135;    26.960;    88.478; 
 404;    -3.154;    26.957;    88.478; 
