[A]
   1;     3.202;    26.806;    88.503; 
   2;     3.172;    26.810;    88.503; 
   3;     3.143;    26.814;    88.503; 
   4;     3.115;    26.818;    88.503; 
   5;     3.091;    26.820;    88.503; 
   6;     3.066;    26.822;    88.503; 
   7;     3.041;    26.823;    88.503; 
   8;     2.986;    26.830;    88.503; 
   9;     2.964;    26.833;    88.503; 
  10;     2.942;    26.835;    88.503; 
  11;     2.920;    26.836;    88.503; 
  12;     2.893;    26.837;    88.503; 
  13;     2.881;    26.836;    88.503; 
  14;     2.865;    26.834;    88.503; 
  15;     2.838;    26.831;    88.503; 
  16;     2.821;    26.827;    88.503; 
  17;     2.811;    26.824;    88.503; 
  18;     2.792;    26.818;    88.503; 
  19;     2.781;    26.813;    88.503; 
  20;     2.766;    26.806;    88.503; 
  21;     2.754;    26.799;    88.503; 
  22;     2.750;    26.795;    88.503; 
  23;     2.744;    26.789;    88.503; 
  24;     2.728;    26.775;    88.503; 
  25;     2.718;    26.765;    88.503; 
  26;     2.712;    26.756;    88.503; 
  27;     2.711;    26.752;    88.503; 
  28;     2.707;    26.744;    88.503; 
  29;     2.689;    26.713;    88.503; 
  30;     2.678;    26.693;    88.503; 
  31;     2.655;    26.656;    88.503; 
  32;     2.638;    26.629;    88.503; 
  33;     2.632;    26.617;    88.503; 
  34;     2.610;    26.579;    88.503; 
  35;     2.595;    26.554;    88.503; 
  36;     2.586;    26.538;    88.503; 
  37;     2.575;    26.516;    88.503; 
  38;     2.557;    26.483;    88.503; 
  39;     2.535;    26.446;    88.503; 
  40;     2.526;    26.429;    88.503; 
  41;     2.516;    26.409;    88.503; 
  42;     2.500;    26.379;    88.503; 
  43;     2.483;    26.349;    88.503; 
  44;     2.472;    26.327;    88.503; 
  45;     2.461;    26.304;    88.503; 
  46;     2.454;    26.287;    88.503; 
  47;     2.434;    26.247;    88.503; 
  48;     2.419;    26.218;    88.503; 
  49;     2.408;    26.195;    88.503; 
  50;     2.391;    26.162;    88.503; 
  51;     2.370;    26.126;    88.503; 
  52;     2.360;    26.107;    88.503; 
  53;     2.353;    26.091;    88.503; 
  54;     2.343;    26.068;    88.503; 
  55;     2.324;    26.028;    88.503; 
  56;     2.308;    25.999;    88.503; 
  57;     2.297;    25.976;    88.503; 
  58;     2.290;    25.959;    88.503; 
  59;     2.276;    25.927;    88.503; 
  60;     2.261;    25.895;    88.503; 
  61;     2.249;    25.870;    88.503; 
  62;     2.238;    25.845;    88.503; 
  63;     2.219;    25.807;    88.503; 
  64;     2.208;    25.784;    88.503; 
  65;     2.200;    25.765;    88.503; 
  66;     2.187;    25.735;    88.503; 
  67;     2.174;    25.706;    88.503; 
  68;     2.161;    25.677;    88.503; 
  69;     2.151;    25.655;    88.503; 
  70;     2.139;    25.625;    88.503; 
  71;     2.127;    25.596;    88.503; 
  72;     2.118;    25.574;    88.503; 
  73;     2.109;    25.550;    88.503; 
  74;     2.095;    25.515;    88.503; 
  75;     2.085;    25.489;    88.503; 
  76;     2.079;    25.471;    88.503; 
  77;     2.068;    25.441;    88.503; 
  78;     2.052;    25.399;    88.503; 
  79;     2.045;    25.379;    88.503; 
  80;     2.027;    25.338;    88.503; 
  81;     2.014;    25.307;    88.503; 
  82;     2.006;    25.289;    88.503; 
  83;     1.998;    25.265;    88.503; 
  84;     1.994;    25.251;    88.503; 
  85;     1.989;    25.230;    88.503; 
  86;     1.960;    25.160;    88.503; 
  87;     1.954;    25.144;    88.503; 
  88;     1.952;    25.134;    88.503; 
  89;     1.945;    25.110;    88.503; 
  90;     1.936;    25.080;    88.503; 
  91;     1.928;    25.053;    88.503; 
  92;     1.919;    25.024;    88.503; 
  93;     1.909;    24.992;    88.503; 
  94;     1.903;    24.970;    88.503; 
  95;     1.901;    24.958;    88.503; 
  96;     1.867;    24.871;    88.503; 
  97;     1.852;    24.842;    88.503; 
  98;     1.838;    24.814;    88.503; 
  99;     1.745;    24.713;    88.503; 
 100;     1.562;    24.661;    88.503; 
 101;     1.505;    24.666;    88.503; 
 102;     1.486;    24.667;    88.503; 
 103;     1.455;    24.669;    88.503; 
 104;     1.425;    24.671;    88.503; 
 105;     1.403;    24.672;    88.503; 
 106;     1.363;    24.675;    88.503; 
 107;     1.334;    24.677;    88.503; 
 108;     1.305;    24.678;    88.503; 
 109;     1.274;    24.680;    88.503; 
 110;     1.245;    24.682;    88.503; 
 111;     1.203;    24.686;    88.503; 
 112;     1.077;    24.734;    88.503; 
 113;      .953;    24.923;    88.503; 
 114;      .949;    24.931;    88.503; 
 115;      .937;    24.984;    88.503; 
 116;      .930;    25.015;    88.503; 
 117;      .926;    25.029;    88.503; 
 118;      .918;    25.057;    88.503; 
 119;      .907;    25.127;    88.503; 
 120;      .903;    25.162;    88.503; 
 121;      .901;    25.171;    88.503; 
 122;      .898;    25.175;    88.503; 
 123;      .891;    25.197;    88.503; 
 124;      .877;    25.266;    88.503; 
 125;      .872;    25.287;    88.503; 
 126;      .868;    25.301;    88.503; 
 127;      .860;    25.331;    88.503; 
 128;      .851;    25.372;    88.503; 
 129;      .845;    25.402;    88.503; 
 130;      .839;    25.427;    88.503; 
 131;      .833;    25.450;    88.503; 
 132;      .826;    25.474;    88.503; 
 133;      .818;    25.506;    88.503; 
 134;      .810;    25.531;    88.503; 
 135;      .803;    25.553;    88.503; 
 136;      .791;    25.597;    88.503; 
 137;      .783;    25.633;    88.503; 
 138;      .778;    25.650;    88.503; 
 139;      .772;    25.665;    88.503; 
 140;      .759;    25.713;    88.503; 
 141;      .753;    25.732;    88.503; 
 142;      .744;    25.759;    88.503; 
 143;      .734;    25.790;    88.503; 
 144;      .727;    25.813;    88.503; 
 145;      .716;    25.844;    88.503; 
 146;      .707;    25.872;    88.503; 
 147;      .701;    25.885;    88.503; 
 148;      .687;    25.920;    88.503; 
 149;      .674;    25.960;    88.503; 
 150;      .664;    25.991;    88.503; 
 151;      .657;    26.007;    88.503; 
 152;      .646;    26.040;    88.503; 
 153;      .629;    26.106;    88.503; 
 154;      .626;    26.117;    88.503; 
 155;      .620;    26.131;    88.503; 
 156;      .612;    26.151;    88.503; 
 157;      .601;    26.180;    88.503; 
 158;      .588;    26.217;    88.503; 
 159;      .579;    26.242;    88.503; 
 160;      .566;    26.282;    88.503; 
 161;      .557;    26.311;    88.503; 
 162;      .550;    26.329;    88.503; 
 163;      .541;    26.352;    88.503; 
 164;      .530;    26.382;    88.503; 
 165;      .521;    26.403;    88.503; 
 166;      .508;    26.433;    88.503; 
 167;      .495;    26.467;    88.503; 
 168;      .484;    26.497;    88.503; 
 169;      .475;    26.518;    88.503; 
 170;      .466;    26.537;    88.503; 
 171;      .456;    26.559;    88.503; 
 172;      .440;    26.593;    88.503; 
 173;      .421;    26.645;    88.503; 
 174;      .413;    26.667;    88.503; 
 175;      .406;    26.684;    88.503; 
 176;      .393;    26.717;    88.503; 
 177;      .385;    26.733;    88.503; 
 178;      .376;    26.752;    88.503; 
 179;      .361;    26.783;    88.503; 
 180;      .351;    26.800;    88.503; 
 181;      .333;    26.839;    88.503; 
 182;      .320;    26.866;    88.503; 
 183;      .313;    26.877;    88.503; 
 184;      .307;    26.883;    88.503; 
 185;      .302;    26.888;    88.503; 
 186;      .290;    26.900;    88.503; 
 187;      .279;    26.910;    88.503; 
 188;      .270;    26.916;    88.503; 
 189;      .262;    26.920;    88.503; 
 190;      .257;    26.922;    88.503; 
 191;      .242;    26.928;    88.503; 
 192;      .222;    26.937;    88.503; 
 193;      .214;    26.938;    88.503; 
 194;      .189;    26.945;    88.503; 
 195;      .165;    26.952;    88.503; 
 196;      .142;    26.958;    88.503; 
 197;      .108;    26.967;    88.503; 
 198;      .093;    26.969;    88.503; 
 199;      .088;    26.968;    88.503; 
 200;      .077;    26.968;    88.503; 
 201;      .045;    26.969;    88.503; 
 202;      .015;    26.969;    88.503; 
 203;     -.008;    26.969;    88.503; 
 204;     -.043;    26.969;    88.503; 
 205;     -.072;    26.969;    88.503; 
 206;     -.098;    26.969;    88.503; 
 207;     -.118;    26.968;    88.503; 
 208;     -.168;    26.968;    88.503; 
 209;     -.196;    26.968;    88.503; 
 210;     -.230;    26.969;    88.503; 
 211;     -.252;    26.969;    88.503; 
 212;     -.278;    26.968;    88.503; 
 213;     -.312;    26.967;    88.503; 
 214;     -.348;    26.967;    88.503; 
 215;     -.363;    26.966;    88.503; 
 216;     -.397;    26.965;    88.503; 
 217;     -.418;    26.963;    88.503; 
 218;     -.424;    26.960;    88.503; 
 219;     -.436;    26.957;    88.503; 
 220;     -.453;    26.951;    88.503; 
 221;     -.465;    26.946;    88.503; 
 222;     -.474;    26.940;    88.503; 
 223;     -.487;    26.933;    88.503; 
 224;     -.501;    26.923;    88.503; 
 225;     -.511;    26.915;    88.503; 
 226;     -.520;    26.906;    88.503; 
 227;     -.525;    26.899;    88.503; 
 228;     -.531;    26.890;    88.503; 
 229;     -.537;    26.881;    88.503; 
 230;     -.544;    26.868;    88.503; 
 231;     -.558;    26.842;    88.503; 
 232;     -.571;    26.818;    88.503; 
 233;     -.577;    26.803;    88.503; 
 234;     -.587;    26.782;    88.503; 
 235;     -.598;    26.756;    88.503; 
 236;     -.608;    26.731;    88.503; 
 237;     -.617;    26.708;    88.503; 
 238;     -.629;    26.677;    88.503; 
 239;     -.641;    26.648;    88.503; 
 240;     -.651;    26.622;    88.503; 
 241;     -.659;    26.598;    88.503; 
 242;     -.673;    26.563;    88.503; 
 243;     -.683;    26.537;    88.503; 
 244;     -.693;    26.510;    88.503; 
 245;     -.705;    26.478;    88.503; 
 246;     -.714;    26.455;    88.503; 
 247;     -.720;    26.434;    88.503; 
 248;     -.731;    26.402;    88.503; 
 249;     -.749;    26.359;    88.503; 
 250;     -.759;    26.333;    88.503; 
 251;     -.767;    26.313;    88.503; 
 252;     -.776;    26.287;    88.503; 
 253;     -.787;    26.256;    88.503; 
 254;     -.800;    26.223;    88.503; 
 255;     -.809;    26.199;    88.503; 
 256;     -.817;    26.175;    88.503; 
 257;     -.828;    26.144;    88.503; 
 258;     -.837;    26.117;    88.503; 
 259;     -.844;    26.095;    88.503; 
 260;     -.853;    26.067;    88.503; 
 261;     -.867;    26.027;    88.503; 
 262;     -.875;    26.002;    88.503; 
 263;     -.881;    25.983;    88.503; 
 264;     -.884;    25.968;    88.503; 
 265;     -.897;    25.924;    88.503; 
 266;     -.910;    25.885;    88.503; 
 267;     -.923;    25.852;    88.503; 
 268;     -.929;    25.832;    88.503; 
 269;     -.936;    25.809;    88.503; 
 270;     -.945;    25.780;    88.503; 
 271;     -.953;    25.753;    88.503; 
 272;     -.963;    25.721;    88.503; 
 273;     -.971;    25.692;    88.503; 
 274;     -.978;    25.668;    88.503; 
 275;     -.986;    25.640;    88.503; 
 276;     -.994;    25.610;    88.503; 
 277;    -1.003;    25.580;    88.503; 
 278;    -1.010;    25.553;    88.503; 
 279;    -1.014;    25.533;    88.503; 
 280;    -1.022;    25.500;    88.503; 
 281;    -1.036;    25.453;    88.503; 
 282;    -1.043;    25.430;    88.503; 
 283;    -1.049;    25.406;    88.503; 
 284;    -1.055;    25.380;    88.503; 
 285;    -1.063;    25.348;    88.503; 
 286;    -1.068;    25.326;    88.503; 
 287;    -1.075;    25.293;    88.503; 
 288;    -1.081;    25.267;    88.503; 
 289;    -1.088;    25.236;    88.503; 
 290;    -1.092;    25.214;    88.503; 
 291;    -1.097;    25.187;    88.503; 
 292;    -1.102;    25.155;    88.503; 
 293;    -1.105;    25.133;    88.503; 
 294;    -1.108;    25.108;    88.503; 
 295;    -1.113;    25.075;    88.503; 
 296;    -1.118;    25.041;    88.503; 
 297;    -1.122;    25.013;    88.503; 
 298;    -1.127;    24.984;    88.503; 
 299;    -1.146;    24.914;    88.503; 
 300;    -1.158;    24.879;    88.503; 
 301;    -1.171;    24.844;    88.503; 
 302;    -1.182;    24.816;    88.503; 
 303;    -1.330;    24.669;    88.503; 
 304;    -1.427;    24.642;    88.503; 
 305;    -1.502;    24.638;    88.503; 
 306;    -1.531;    24.638;    88.503; 
 307;    -1.547;    24.636;    88.503; 
 308;    -1.573;    24.634;    88.503; 
 309;    -1.614;    24.632;    88.503; 
 310;    -1.643;    24.631;    88.503; 
 311;    -1.661;    24.629;    88.503; 
 312;    -1.699;    24.626;    88.503; 
 313;    -1.724;    24.624;    88.503; 
 314;    -1.746;    24.621;    88.503; 
 315;    -1.829;    24.623;    88.503; 
 316;    -2.017;    24.737;    88.503; 
 317;    -2.065;    24.823;    88.503; 
 318;    -2.083;    24.876;    88.503; 
 319;    -2.090;    24.894;    88.503; 
 320;    -2.102;    24.928;    88.503; 
 321;    -2.108;    24.942;    88.503; 
 322;    -2.122;    24.979;    88.503; 
 323;    -2.139;    25.041;    88.503; 
 324;    -2.144;    25.061;    88.503; 
 325;    -2.151;    25.081;    88.503; 
 326;    -2.158;    25.103;    88.503; 
 327;    -2.168;    25.130;    88.503; 
 328;    -2.177;    25.157;    88.503; 
 329;    -2.184;    25.172;    88.503; 
 330;    -2.198;    25.207;    88.503; 
 331;    -2.210;    25.239;    88.503; 
 332;    -2.215;    25.248;    88.503; 
 333;    -2.237;    25.308;    88.503; 
 334;    -2.245;    25.332;    88.503; 
 335;    -2.251;    25.345;    88.503; 
 336;    -2.265;    25.381;    88.503; 
 337;    -2.275;    25.407;    88.503; 
 338;    -2.283;    25.422;    88.503; 
 339;    -2.294;    25.445;    88.503; 
 340;    -2.313;    25.490;    88.503; 
 341;    -2.321;    25.508;    88.503; 
 342;    -2.329;    25.524;    88.503; 
 343;    -2.351;    25.577;    88.503; 
 344;    -2.361;    25.603;    88.503; 
 345;    -2.373;    25.632;    88.503; 
 346;    -2.382;    25.655;    88.503; 
 347;    -2.393;    25.680;    88.503; 
 348;    -2.401;    25.697;    88.503; 
 349;    -2.415;    25.726;    88.503; 
 350;    -2.429;    25.758;    88.503; 
 351;    -2.441;    25.784;    88.503; 
 352;    -2.452;    25.807;    88.503; 
 353;    -2.465;    25.833;    88.503; 
 354;    -2.479;    25.861;    88.503; 
 355;    -2.495;    25.896;    88.503; 
 356;    -2.504;    25.915;    88.503; 
 357;    -2.517;    25.940;    88.503; 
 358;    -2.531;    25.967;    88.503; 
 359;    -2.545;    25.994;    88.503; 
 360;    -2.562;    26.030;    88.503; 
 361;    -2.572;    26.052;    88.503; 
 362;    -2.582;    26.069;    88.503; 
 363;    -2.601;    26.109;    88.503; 
 364;    -2.613;    26.130;    88.503; 
 365;    -2.625;    26.153;    88.503; 
 366;    -2.635;    26.169;    88.503; 
 367;    -2.658;    26.213;    88.503; 
 368;    -2.673;    26.244;    88.503; 
 369;    -2.682;    26.262;    88.503; 
 370;    -2.695;    26.286;    88.503; 
 371;    -2.710;    26.312;    88.503; 
 372;    -2.729;    26.350;    88.503; 
 373;    -2.740;    26.372;    88.503; 
 374;    -2.752;    26.393;    88.503; 
 375;    -2.765;    26.416;    88.503; 
 376;    -2.781;    26.445;    88.503; 
 377;    -2.797;    26.475;    88.503; 
 378;    -2.811;    26.500;    88.503; 
 379;    -2.827;    26.527;    88.503; 
 380;    -2.840;    26.551;    88.503; 
 381;    -2.852;    26.570;    88.503; 
 382;    -2.872;    26.603;    88.503; 
 383;    -2.884;    26.624;    88.503; 
 384;    -2.900;    26.650;    88.503; 
 385;    -2.913;    26.669;    88.503; 
 386;    -2.928;    26.691;    88.503; 
 387;    -2.937;    26.702;    88.503; 
 388;    -2.951;    26.718;    88.503; 
 389;    -2.963;    26.730;    88.503; 
 390;    -2.974;    26.739;    88.503; 
 391;    -2.981;    26.743;    88.503; 
 392;    -2.988;    26.747;    88.503; 
 393;    -2.995;    26.749;    88.503; 
 394;    -3.001;    26.750;    88.503; 
 395;    -3.010;    26.751;    88.503; 
 396;    -3.058;    26.767;    88.503; 
 397;    -3.071;    26.770;    88.503; 
 398;    -3.077;    26.770;    88.503; 
 399;    -3.080;    26.769;    88.503; 
 400;    -3.094;    26.768;    88.503; 
 401;    -3.123;    26.768;    88.503; 
 402;    -3.141;    26.766;    88.503; 
 403;    -3.152;    26.764;    88.503; 
 404;    -3.161;    26.761;    88.503; 
 405;    -3.232;    26.753;    88.503; 
 406;    -3.263;    26.751;    88.503; 
 407;    -3.267;    26.749;    88.503; 
 408;    -3.316;    26.744;    88.503; 
 409;    -3.343;    26.742;    88.503; 
 410;    -3.369;    26.738;    88.503; 
 411;    -3.401;    26.735;    88.503; 
 412;    -3.425;    26.731;    88.503; 
