[A]
   1;     2.938;    26.739;    88.447; 
   2;     2.927;    26.740;    88.447; 
   3;     2.918;    26.741;    88.447; 
   4;     2.908;    26.742;    88.447; 
   5;     2.898;    26.743;    88.447; 
   6;     2.883;    26.745;    88.447; 
   7;     2.867;    26.747;    88.447; 
   8;     2.858;    26.748;    88.447; 
   9;     2.850;    26.749;    88.447; 
  10;     2.844;    26.750;    88.447; 
  11;     2.835;    26.751;    88.447; 
  12;     2.826;    26.752;    88.447; 
  13;     2.814;    26.753;    88.447; 
  14;     2.803;    26.754;    88.447; 
  15;     2.792;    26.755;    88.447; 
  16;     2.784;    26.756;    88.447; 
  17;     2.772;    26.757;    88.447; 
  18;     2.762;    26.758;    88.447; 
  19;     2.751;    26.759;    88.447; 
  20;     2.740;    26.760;    88.447; 
  21;     2.726;    26.762;    88.447; 
  22;     2.714;    26.763;    88.447; 
  23;     2.704;    26.765;    88.447; 
  24;     2.695;    26.766;    88.447; 
  25;     2.685;    26.767;    88.447; 
  26;     2.673;    26.768;    88.447; 
  27;     2.663;    26.769;    88.447; 
  28;     2.652;    26.771;    88.447; 
  29;     2.644;    26.771;    88.447; 
  30;     2.637;    26.772;    88.447; 
  31;     2.624;    26.773;    88.447; 
  32;     2.612;    26.775;    88.447; 
  33;     2.599;    26.776;    88.447; 
  34;     2.587;    26.778;    88.447; 
  35;     2.576;    26.779;    88.447; 
  36;     2.569;    26.780;    88.447; 
  37;     2.562;    26.781;    88.447; 
  38;     2.556;    26.781;    88.447; 
  39;     2.550;    26.781;    88.447; 
  40;     2.544;    26.781;    88.447; 
  41;     2.538;    26.782;    88.447; 
  42;     2.532;    26.782;    88.447; 
  43;     2.525;    26.781;    88.447; 
  44;     2.520;    26.781;    88.447; 
  45;     2.513;    26.781;    88.447; 
  46;     2.510;    26.780;    88.447; 
  47;     2.507;    26.780;    88.447; 
  48;     2.506;    26.780;    88.447; 
  49;     2.500;    26.779;    88.447; 
  50;     2.491;    26.777;    88.447; 
  51;     2.484;    26.776;    88.447; 
  52;     2.478;    26.774;    88.447; 
  53;     2.467;    26.772;    88.447; 
  54;     2.461;    26.771;    88.447; 
  55;     2.459;    26.770;    88.447; 
  56;     2.456;    26.769;    88.447; 
  57;     2.453;    26.768;    88.447; 
  58;     2.453;    26.768;    88.447; 
  59;     2.451;    26.767;    88.447; 
  60;     2.450;    26.766;    88.447; 
  61;     2.446;    26.764;    88.447; 
  62;     2.444;    26.763;    88.447; 
  63;     2.440;    26.761;    88.447; 
  64;     2.433;    26.756;    88.447; 
  65;     2.424;    26.751;    88.447; 
  66;     2.417;    26.747;    88.447; 
  67;     2.413;    26.744;    88.447; 
  68;     2.406;    26.740;    88.447; 
  69;     2.401;    26.736;    88.447; 
  70;     2.398;    26.734;    88.447; 
  71;     2.394;    26.730;    88.447; 
  72;     2.391;    26.728;    88.447; 
  73;     2.390;    26.727;    88.447; 
  74;     2.385;    26.722;    88.447; 
  75;     2.382;    26.719;    88.447; 
  76;     2.379;    26.716;    88.447; 
  77;     2.375;    26.712;    88.447; 
  78;     2.371;    26.708;    88.447; 
  79;     2.371;    26.707;    88.447; 
  80;     2.364;    26.699;    88.447; 
  81;     2.363;    26.698;    88.447; 
  82;     2.359;    26.692;    88.447; 
  83;     2.357;    26.688;    88.447; 
  84;     2.352;    26.681;    88.447; 
  85;     2.349;    26.676;    88.447; 
  86;     2.347;    26.673;    88.447; 
  87;     2.341;    26.664;    88.447; 
  88;     2.337;    26.657;    88.447; 
  89;     2.334;    26.650;    88.447; 
  90;     2.327;    26.638;    88.447; 
  91;     2.320;    26.626;    88.447; 
  92;     2.317;    26.621;    88.447; 
  93;     2.312;    26.612;    88.447; 
  94;     2.313;    26.613;    88.447; 
  95;     2.306;    26.599;    88.447; 
  96;     2.300;    26.587;    88.447; 
  97;     2.293;    26.574;    88.447; 
  98;     2.285;    26.561;    88.447; 
  99;     2.281;    26.554;    88.447; 
 100;     2.277;    26.546;    88.447; 
 101;     2.274;    26.541;    88.447; 
 102;     2.268;    26.530;    88.447; 
 103;     2.263;    26.520;    88.447; 
 104;     2.258;    26.512;    88.447; 
 105;     2.254;    26.504;    88.447; 
 106;     2.249;    26.494;    88.447; 
 107;     2.244;    26.484;    88.447; 
 108;     2.239;    26.475;    88.447; 
 109;     2.236;    26.470;    88.447; 
 110;     2.231;    26.460;    88.447; 
 111;     2.226;    26.450;    88.447; 
 112;     2.220;    26.439;    88.447; 
 113;     2.214;    26.427;    88.447; 
 114;     2.210;    26.420;    88.447; 
 115;     2.207;    26.413;    88.447; 
 116;     2.201;    26.403;    88.447; 
 117;     2.197;    26.396;    88.447; 
 118;     2.188;    26.378;    88.447; 
 119;     2.185;    26.372;    88.447; 
 120;     2.180;    26.363;    88.447; 
 121;     2.175;    26.353;    88.447; 
 122;     2.173;    26.350;    88.447; 
 123;     2.169;    26.342;    88.447; 
 124;     2.164;    26.331;    88.447; 
 125;     2.158;    26.320;    88.447; 
 126;     2.152;    26.310;    88.447; 
 127;     2.147;    26.300;    88.447; 
 128;     2.140;    26.287;    88.447; 
 129;     2.138;    26.282;    88.447; 
 130;     2.134;    26.273;    88.447; 
 131;     2.129;    26.265;    88.447; 
 132;     2.123;    26.254;    88.447; 
 133;     2.119;    26.244;    88.447; 
 134;     2.112;    26.232;    88.447; 
 135;     2.109;    26.226;    88.447; 
 136;     2.105;    26.217;    88.447; 
 137;     2.104;    26.216;    88.447; 
 138;     2.100;    26.205;    88.447; 
 139;     2.094;    26.193;    88.447; 
 140;     2.086;    26.177;    88.447; 
 141;     2.078;    26.162;    88.447; 
 142;     2.071;    26.151;    88.447; 
 143;     2.069;    26.146;    88.447; 
 144;     2.065;    26.139;    88.447; 
 145;     2.062;    26.133;    88.447; 
 146;     2.058;    26.123;    88.447; 
 147;     2.052;    26.111;    88.447; 
 148;     2.049;    26.106;    88.447; 
 149;     2.043;    26.093;    88.447; 
 150;     2.038;    26.083;    88.447; 
 151;     2.036;    26.079;    88.447; 
 152;     2.029;    26.066;    88.447; 
 153;     2.026;    26.059;    88.447; 
 154;     2.023;    26.052;    88.447; 
 155;     2.019;    26.043;    88.447; 
 156;     2.015;    26.035;    88.447; 
 157;     2.007;    26.019;    88.447; 
 158;     2.001;    26.007;    88.447; 
 159;     1.997;    25.999;    88.447; 
 160;     1.992;    25.988;    88.447; 
 161;     1.990;    25.984;    88.447; 
 162;     1.987;    25.976;    88.447; 
 163;     1.980;    25.963;    88.447; 
 164;     1.977;    25.956;    88.447; 
 165;     1.972;    25.945;    88.447; 
 166;     1.966;    25.932;    88.447; 
 167;     1.962;    25.925;    88.447; 
 168;     1.958;    25.916;    88.447; 
 169;     1.955;    25.909;    88.447; 
 170;     1.949;    25.897;    88.447; 
 171;     1.945;    25.888;    88.447; 
 172;     1.942;    25.880;    88.447; 
 173;     1.936;    25.868;    88.447; 
 174;     1.934;    25.862;    88.447; 
 175;     1.929;    25.852;    88.447; 
 176;     1.923;    25.838;    88.447; 
 177;     1.917;    25.826;    88.447; 
 178;     1.911;    25.814;    88.447; 
 179;     1.907;    25.805;    88.447; 
 180;     1.906;    25.803;    88.447; 
 181;     1.903;    25.796;    88.447; 
 182;     1.900;    25.788;    88.447; 
 183;     1.895;    25.777;    88.447; 
 184;     1.890;    25.766;    88.447; 
 185;     1.885;    25.753;    88.447; 
 186;     1.880;    25.744;    88.447; 
 187;     1.877;    25.736;    88.447; 
 188;     1.873;    25.728;    88.447; 
 189;     1.871;    25.722;    88.447; 
 190;     1.867;    25.713;    88.447; 
 191;     1.860;    25.697;    88.447; 
 192;     1.857;    25.689;    88.447; 
 193;     1.851;    25.676;    88.447; 
 194;     1.849;    25.670;    88.447; 
 195;     1.844;    25.660;    88.447; 
 196;     1.843;    25.656;    88.447; 
 197;     1.838;    25.643;    88.447; 
 198;     1.833;    25.632;    88.447; 
 199;     1.829;    25.624;    88.447; 
 200;     1.826;    25.616;    88.447; 
 201;     1.819;    25.600;    88.447; 
 202;     1.816;    25.592;    88.447; 
 203;     1.813;    25.584;    88.447; 
 204;     1.809;    25.575;    88.447; 
 205;     1.805;    25.567;    88.447; 
 206;     1.801;    25.555;    88.447; 
 207;     1.796;    25.545;    88.447; 
 208;     1.791;    25.533;    88.447; 
 209;     1.790;    25.529;    88.447; 
 210;     1.785;    25.516;    88.447; 
 211;     1.780;    25.505;    88.447; 
 212;     1.776;    25.496;    88.447; 
 213;     1.773;    25.487;    88.447; 
 214;     1.770;    25.480;    88.447; 
 215;     1.766;    25.469;    88.447; 
 216;     1.763;    25.463;    88.447; 
 217;     1.761;    25.456;    88.447; 
 218;     1.758;    25.448;    88.447; 
 219;     1.754;    25.436;    88.447; 
 220;     1.753;    25.435;    88.447; 
 221;     1.747;    25.416;    88.447; 
 222;     1.740;    25.399;    88.447; 
 223;     1.736;    25.390;    88.447; 
 224;     1.733;    25.383;    88.447; 
 225;     1.729;    25.372;    88.447; 
 226;     1.725;    25.362;    88.447; 
 227;     1.719;    25.349;    88.447; 
 228;     1.718;    25.345;    88.447; 
 229;     1.715;    25.336;    88.447; 
 230;     1.710;    25.325;    88.447; 
 231;     1.709;    25.321;    88.447; 
 232;     1.702;    25.304;    88.447; 
 233;     1.701;    25.300;    88.447; 
 234;     1.696;    25.287;    88.447; 
 235;     1.694;    25.282;    88.447; 
 236;     1.689;    25.268;    88.447; 
 237;     1.686;    25.259;    88.447; 
 238;     1.683;    25.251;    88.447; 
 239;     1.680;    25.242;    88.447; 
 240;     1.677;    25.235;    88.447; 
 241;     1.675;    25.227;    88.447; 
 242;     1.671;    25.216;    88.447; 
 243;     1.667;    25.205;    88.447; 
 244;     1.663;    25.195;    88.447; 
 245;     1.660;    25.185;    88.447; 
 246;     1.656;    25.175;    88.447; 
 247;     1.653;    25.165;    88.447; 
 248;     1.649;    25.154;    88.447; 
 249;     1.646;    25.146;    88.447; 
 250;     1.642;    25.133;    88.447; 
 251;     1.641;    25.129;    88.447; 
 252;     1.637;    25.119;    88.447; 
 253;     1.633;    25.107;    88.447; 
 254;     1.629;    25.094;    88.447; 
 255;     1.624;    25.081;    88.447; 
 256;     1.623;    25.076;    88.447; 
 257;     1.619;    25.065;    88.447; 
 258;     1.617;    25.058;    88.447; 
 259;     1.614;    25.050;    88.447; 
 260;     1.613;    25.045;    88.447; 
 261;     1.609;    25.032;    88.447; 
 262;     1.605;    25.021;    88.447; 
 263;     1.599;    25.001;    88.447; 
 264;     1.596;    24.993;    88.447; 
 265;     1.593;    24.985;    88.447; 
 266;     1.592;    24.980;    88.447; 
 267;     1.589;    24.972;    88.447; 
 268;     1.587;    24.965;    88.447; 
 269;     1.583;    24.951;    88.447; 
 270;     1.581;    24.943;    88.447; 
 271;     1.578;    24.933;    88.447; 
 272;     1.574;    24.920;    88.447; 
 273;     1.572;    24.914;    88.447; 
 274;     1.570;    24.906;    88.447; 
 275;     1.568;    24.900;    88.447; 
 276;     1.566;    24.890;    88.447; 
 277;     1.562;    24.876;    88.447; 
 278;     1.552;    24.848;    88.447; 
 279;     1.543;    24.825;    88.447; 
 280;     1.538;    24.813;    88.447; 
 281;     1.535;    24.808;    88.447; 
 282;     1.533;    24.801;    88.447; 
 283;     1.532;    24.798;    88.447; 
 284;     1.529;    24.790;    88.447; 
 285;     1.526;    24.782;    88.447; 
 286;     1.514;    24.754;    88.447; 
 287;     1.421;    24.645;    88.447; 
 288;     1.368;    24.617;    88.447; 
 289;     1.293;    24.597;    88.447; 
 290;     1.264;    24.595;    88.447; 
 291;     1.233;    24.594;    88.447; 
 292;     1.214;    24.595;    88.447; 
 293;     1.208;    24.596;    88.447; 
 294;     1.204;    24.596;    88.447; 
 295;     1.192;    24.596;    88.447; 
 296;     1.165;    24.598;    88.447; 
 297;     1.147;    24.599;    88.447; 
 298;     1.141;    24.600;    88.447; 
 299;     1.135;    24.600;    88.447; 
 300;     1.130;    24.601;    88.447; 
 301;     1.122;    24.601;    88.447; 
 302;     1.114;    24.601;    88.447; 
 303;     1.108;    24.601;    88.447; 
 304;     1.100;    24.602;    88.447; 
 305;     1.092;    24.601;    88.447; 
 306;     1.080;    24.602;    88.447; 
 307;     1.068;    24.602;    88.447; 
 308;     1.049;    24.603;    88.447; 
 309;     1.031;    24.604;    88.447; 
 310;     1.020;    24.605;    88.447; 
 311;     1.010;    24.606;    88.447; 
 312;      .995;    24.607;    88.447; 
 313;      .988;    24.608;    88.447; 
 314;      .982;    24.608;    88.447; 
 315;      .976;    24.608;    88.447; 
 316;      .972;    24.608;    88.447; 
 317;      .961;    24.608;    88.447; 
 318;      .946;    24.609;    88.447; 
 319;      .934;    24.609;    88.447; 
 320;      .922;    24.610;    88.447; 
 321;      .911;    24.611;    88.447; 
 322;      .902;    24.611;    88.447; 
 323;      .876;    24.613;    88.447; 
 324;      .838;    24.620;    88.447; 
 325;      .750;    24.659;    88.447; 
 326;      .668;    24.745;    88.447; 
 327;      .638;    24.816;    88.447; 
 328;      .635;    24.826;    88.447; 
 329;      .633;    24.831;    88.447; 
 330;      .627;    24.851;    88.447; 
 331;      .624;    24.863;    88.447; 
 332;      .619;    24.884;    88.447; 
 333;      .617;    24.893;    88.447; 
 334;      .614;    24.907;    88.447; 
 335;      .613;    24.912;    88.447; 
 336;      .611;    24.922;    88.447; 
 337;      .607;    24.941;    88.447; 
 338;      .604;    24.956;    88.447; 
 339;      .602;    24.970;    88.447; 
 340;      .601;    24.974;    88.447; 
 341;      .600;    24.976;    88.447; 
 342;      .599;    24.979;    88.447; 
 343;      .598;    24.984;    88.447; 
 344;      .595;    24.995;    88.447; 
 345;      .587;    25.032;    88.447; 
 346;      .585;    25.049;    88.447; 
 347;      .584;    25.057;    88.447; 
 348;      .584;    25.055;    88.447; 
 349;      .583;    25.061;    88.447; 
 350;      .583;    25.059;    88.447; 
 351;      .580;    25.071;    88.447; 
 352;      .577;    25.081;    88.447; 
 353;      .574;    25.093;    88.447; 
 354;      .570;    25.112;    88.447; 
 355;      .567;    25.127;    88.447; 
 356;      .564;    25.143;    88.447; 
 357;      .563;    25.149;    88.447; 
 358;      .562;    25.156;    88.447; 
 359;      .561;    25.159;    88.447; 
 360;      .559;    25.168;    88.447; 
 361;      .558;    25.172;    88.447; 
 362;      .556;    25.178;    88.447; 
 363;      .555;    25.180;    88.447; 
 364;      .552;    25.188;    88.447; 
 365;      .545;    25.214;    88.447; 
 366;      .540;    25.238;    88.447; 
 367;      .537;    25.252;    88.447; 
 368;      .536;    25.258;    88.447; 
 369;      .534;    25.264;    88.447; 
 370;      .532;    25.273;    88.447; 
 371;      .530;    25.281;    88.447; 
 372;      .527;    25.295;    88.447; 
 373;      .525;    25.304;    88.447; 
 374;      .523;    25.313;    88.447; 
 375;      .520;    25.323;    88.447; 
 376;      .519;    25.330;    88.447; 
 377;      .516;    25.338;    88.447; 
 378;      .514;    25.345;    88.447; 
 379;      .512;    25.352;    88.447; 
 380;      .510;    25.360;    88.447; 
 381;      .507;    25.371;    88.447; 
 382;      .504;    25.379;    88.447; 
 383;      .501;    25.388;    88.447; 
 384;      .497;    25.404;    88.447; 
 385;      .491;    25.426;    88.447; 
 386;      .488;    25.440;    88.447; 
 387;      .486;    25.448;    88.447; 
 388;      .484;    25.456;    88.447; 
 389;      .483;    25.461;    88.447; 
 390;      .481;    25.468;    88.447; 
 391;      .479;    25.475;    88.447; 
 392;      .475;    25.488;    88.447; 
 393;      .472;    25.500;    88.447; 
 394;      .470;    25.506;    88.447; 
 395;      .467;    25.517;    88.447; 
 396;      .464;    25.525;    88.447; 
 397;      .461;    25.537;    88.447; 
 398;      .458;    25.546;    88.447; 
 399;      .456;    25.554;    88.447; 
 400;      .453;    25.564;    88.447; 
 401;      .449;    25.574;    88.447; 
 402;      .447;    25.583;    88.447; 
 403;      .444;    25.591;    88.447; 
 404;      .440;    25.603;    88.447; 
 405;      .437;    25.612;    88.447; 
 406;      .435;    25.619;    88.447; 
 407;      .432;    25.629;    88.447; 
 408;      .429;    25.635;    88.447; 
 409;      .429;    25.637;    88.447; 
 410;      .421;    25.659;    88.447; 
 411;      .417;    25.672;    88.447; 
 412;      .410;    25.700;    88.447; 
 413;      .406;    25.716;    88.447; 
 414;      .405;    25.722;    88.447; 
 415;      .403;    25.726;    88.447; 
 416;      .401;    25.734;    88.447; 
 417;      .399;    25.741;    88.447; 
 418;      .398;    25.744;    88.447; 
 419;      .394;    25.755;    88.447; 
 420;      .391;    25.767;    88.447; 
 421;      .389;    25.772;    88.447; 
 422;      .386;    25.782;    88.447; 
 423;      .383;    25.790;    88.447; 
 424;      .380;    25.798;    88.447; 
 425;      .376;    25.810;    88.447; 
 426;      .372;    25.822;    88.447; 
 427;      .368;    25.835;    88.447; 
 428;      .364;    25.846;    88.447; 
 429;      .361;    25.854;    88.447; 
 430;      .361;    25.855;    88.447; 
 431;      .358;    25.861;    88.447; 
 432;      .355;    25.871;    88.447; 
 433;      .349;    25.887;    88.447; 
 434;      .342;    25.906;    88.447; 
 435;      .339;    25.917;    88.447; 
 436;      .335;    25.930;    88.447; 
 437;      .334;    25.931;    88.447; 
 438;      .330;    25.944;    88.447; 
 439;      .327;    25.952;    88.447; 
 440;      .322;    25.967;    88.447; 
 441;      .319;    25.978;    88.447; 
 442;      .316;    25.986;    88.447; 
 443;      .314;    25.992;    88.447; 
 444;      .311;    26.001;    88.447; 
 445;      .309;    26.007;    88.447; 
 446;      .306;    26.015;    88.447; 
 447;      .302;    26.025;    88.447; 
 448;      .298;    26.035;    88.447; 
 449;      .293;    26.049;    88.447; 
 450;      .289;    26.059;    88.447; 
 451;      .286;    26.070;    88.447; 
 452;      .282;    26.080;    88.447; 
 453;      .279;    26.090;    88.447; 
 454;      .276;    26.098;    88.447; 
 455;      .273;    26.106;    88.447; 
 456;      .269;    26.116;    88.447; 
 457;      .266;    26.124;    88.447; 
 458;      .263;    26.133;    88.447; 
 459;      .259;    26.142;    88.447; 
 460;      .258;    26.143;    88.447; 
 461;      .254;    26.153;    88.447; 
 462;      .251;    26.159;    88.447; 
 463;      .241;    26.188;    88.447; 
 464;      .235;    26.206;    88.447; 
 465;      .232;    26.214;    88.447; 
 466;      .230;    26.219;    88.447; 
 467;      .228;    26.225;    88.447; 
 468;      .225;    26.232;    88.447; 
 469;      .223;    26.239;    88.447; 
 470;      .219;    26.247;    88.447; 
 471;      .219;    26.247;    88.447; 
 472;      .216;    26.253;    88.447; 
 473;      .215;    26.256;    88.447; 
 474;      .214;    26.256;    88.447; 
 475;      .205;    26.274;    88.447; 
 476;      .191;    26.305;    88.447; 
 477;      .181;    26.335;    88.447; 
 478;      .177;    26.349;    88.447; 
 479;      .176;    26.353;    88.447; 
 480;      .175;    26.355;    88.447; 
 481;      .172;    26.364;    88.447; 
 482;      .170;    26.369;    88.447; 
 483;      .167;    26.378;    88.447; 
 484;      .162;    26.389;    88.447; 
 485;      .161;    26.392;    88.447; 
 486;      .159;    26.395;    88.447; 
 487;      .150;    26.419;    88.447; 
 488;      .145;    26.433;    88.447; 
 489;      .142;    26.440;    88.447; 
 490;      .142;    26.441;    88.447; 
 491;      .140;    26.443;    88.447; 
 492;      .136;    26.451;    88.447; 
 493;      .128;    26.472;    88.447; 
 494;      .120;    26.492;    88.447; 
 495;      .115;    26.505;    88.447; 
 496;      .115;    26.506;    88.447; 
 497;      .112;    26.513;    88.447; 
 498;      .111;    26.516;    88.447; 
 499;      .108;    26.523;    88.447; 
 500;      .107;    26.524;    88.447; 
 501;      .100;    26.538;    88.447; 
 502;      .093;    26.554;    88.447; 
 503;      .088;    26.563;    88.447; 
 504;      .085;    26.571;    88.447; 
 505;      .076;    26.594;    88.447; 
 506;      .071;    26.606;    88.447; 
 507;      .067;    26.618;    88.447; 
 508;      .064;    26.624;    88.447; 
 509;      .063;    26.628;    88.447; 
 510;      .059;    26.636;    88.447; 
 511;      .058;    26.640;    88.447; 
 512;      .052;    26.653;    88.447; 
 513;      .051;    26.656;    88.447; 
 514;      .043;    26.673;    88.447; 
 515;      .041;    26.679;    88.447; 
 516;      .036;    26.688;    88.447; 
 517;      .032;    26.697;    88.447; 
 518;      .029;    26.706;    88.447; 
 519;      .024;    26.717;    88.447; 
 520;      .020;    26.725;    88.447; 
 521;      .017;    26.732;    88.447; 
 522;      .013;    26.740;    88.447; 
 523;      .010;    26.746;    88.447; 
 524;      .008;    26.748;    88.447; 
 525;      .007;    26.750;    88.447; 
 526;      .004;    26.755;    88.447; 
 527;     0.000;    26.761;    88.447; 
 528;     -.003;    26.766;    88.447; 
 529;     -.006;    26.770;    88.447; 
 530;     -.009;    26.774;    88.447; 
 531;     -.011;    26.777;    88.447; 
 532;     -.014;    26.780;    88.447; 
 533;     -.018;    26.784;    88.447; 
 534;     -.023;    26.790;    88.447; 
 535;     -.032;    26.800;    88.447; 
 536;     -.038;    26.808;    88.447; 
 537;     -.042;    26.811;    88.447; 
 538;     -.047;    26.817;    88.447; 
 539;     -.050;    26.819;    88.447; 
 540;     -.055;    26.825;    88.447; 
 541;     -.060;    26.828;    88.447; 
 542;     -.066;    26.835;    88.447; 
 543;     -.071;    26.839;    88.447; 
 544;     -.076;    26.843;    88.447; 
 545;     -.078;    26.845;    88.447; 
 546;     -.080;    26.846;    88.447; 
 547;     -.083;    26.848;    88.447; 
 548;     -.085;    26.849;    88.447; 
 549;     -.088;    26.851;    88.447; 
 550;     -.109;    26.865;    88.447; 
 551;     -.115;    26.869;    88.447; 
 552;     -.124;    26.876;    88.447; 
 553;     -.134;    26.882;    88.447; 
 554;     -.138;    26.885;    88.447; 
 555;     -.143;    26.888;    88.447; 
 556;     -.144;    26.888;    88.447; 
 557;     -.150;    26.892;    88.447; 
 558;     -.151;    26.892;    88.447; 
 559;     -.154;    26.893;    88.447; 
 560;     -.155;    26.893;    88.447; 
 561;     -.159;    26.894;    88.447; 
 562;     -.159;    26.894;    88.447; 
 563;     -.162;    26.895;    88.447; 
 564;     -.165;    26.895;    88.447; 
 565;     -.167;    26.896;    88.447; 
 566;     -.170;    26.896;    88.447; 
 567;     -.171;    26.896;    88.447; 
 568;     -.173;    26.896;    88.447; 
 569;     -.173;    26.896;    88.447; 
 570;     -.172;    26.895;    88.447; 
 571;     -.174;    26.895;    88.447; 
 572;     -.177;    26.895;    88.447; 
 573;     -.187;    26.894;    88.447; 
 574;     -.205;    26.893;    88.447; 
 575;     -.219;    26.893;    88.447; 
 576;     -.242;    26.893;    88.447; 
 577;     -.272;    26.895;    88.447; 
 578;     -.277;    26.895;    88.447; 
 579;     -.285;    26.896;    88.447; 
 580;     -.292;    26.896;    88.447; 
 581;     -.299;    26.896;    88.447; 
 582;     -.307;    26.897;    88.447; 
 583;     -.317;    26.897;    88.447; 
 584;     -.328;    26.897;    88.447; 
 585;     -.337;    26.897;    88.447; 
 586;     -.344;    26.897;    88.447; 
 587;     -.353;    26.897;    88.447; 
 588;     -.362;    26.897;    88.447; 
 589;     -.369;    26.897;    88.447; 
 590;     -.379;    26.897;    88.447; 
 591;     -.391;    26.897;    88.447; 
 592;     -.403;    26.897;    88.447; 
 593;     -.416;    26.896;    88.447; 
 594;     -.427;    26.897;    88.447; 
 595;     -.438;    26.897;    88.447; 
 596;     -.446;    26.896;    88.447; 
 597;     -.454;    26.896;    88.447; 
 598;     -.465;    26.896;    88.447; 
 599;     -.473;    26.896;    88.447; 
 600;     -.485;    26.895;    88.447; 
 601;     -.494;    26.895;    88.447; 
 602;     -.505;    26.895;    88.447; 
 603;     -.516;    26.894;    88.447; 
 604;     -.525;    26.894;    88.447; 
 605;     -.537;    26.894;    88.447; 
 606;     -.546;    26.893;    88.447; 
 607;     -.557;    26.893;    88.447; 
 608;     -.565;    26.893;    88.447; 
 609;     -.575;    26.892;    88.447; 
 610;     -.583;    26.892;    88.447; 
 611;     -.600;    26.891;    88.447; 
 612;     -.620;    26.891;    88.447; 
 613;     -.639;    26.892;    88.447; 
 614;     -.645;    26.892;    88.447; 
 615;     -.654;    26.892;    88.447; 
 616;     -.662;    26.892;    88.447; 
 617;     -.668;    26.892;    88.447; 
 618;     -.678;    26.892;    88.447; 
 619;     -.683;    26.892;    88.447; 
 620;     -.690;    26.892;    88.447; 
 621;     -.694;    26.891;    88.447; 
 622;     -.696;    26.891;    88.447; 
 623;     -.700;    26.890;    88.447; 
 624;     -.704;    26.889;    88.447; 
 625;     -.708;    26.889;    88.447; 
 626;     -.710;    26.888;    88.447; 
 627;     -.713;    26.887;    88.447; 
 628;     -.718;    26.886;    88.447; 
 629;     -.722;    26.884;    88.447; 
 630;     -.728;    26.882;    88.447; 
 631;     -.732;    26.881;    88.447; 
 632;     -.742;    26.877;    88.447; 
 633;     -.755;    26.873;    88.447; 
 634;     -.771;    26.868;    88.447; 
 635;     -.793;    26.862;    88.447; 
 636;     -.805;    26.859;    88.447; 
 637;     -.806;    26.859;    88.447; 
 638;     -.811;    26.857;    88.447; 
 639;     -.816;    26.855;    88.447; 
 640;     -.822;    26.853;    88.447; 
 641;     -.825;    26.852;    88.447; 
 642;     -.828;    26.850;    88.447; 
 643;     -.830;    26.849;    88.447; 
 644;     -.832;    26.848;    88.447; 
 645;     -.834;    26.847;    88.447; 
 646;     -.836;    26.845;    88.447; 
 647;     -.834;    26.846;    88.447; 
 648;     -.836;    26.845;    88.447; 
 649;     -.837;    26.844;    88.447; 
 650;     -.846;    26.837;    88.447; 
 651;     -.856;    26.829;    88.447; 
 652;     -.857;    26.828;    88.447; 
 653;     -.861;    26.825;    88.447; 
 654;     -.865;    26.821;    88.447; 
 655;     -.864;    26.821;    88.447; 
 656;     -.866;    26.819;    88.447; 
 657;     -.865;    26.819;    88.447; 
 658;     -.869;    26.815;    88.447; 
 659;     -.870;    26.812;    88.447; 
 660;     -.874;    26.807;    88.447; 
 661;     -.875;    26.805;    88.447; 
 662;     -.881;    26.796;    88.447; 
 663;     -.885;    26.791;    88.447; 
 664;     -.888;    26.786;    88.447; 
 665;     -.891;    26.780;    88.447; 
 666;     -.893;    26.776;    88.447; 
 667;     -.896;    26.771;    88.447; 
 668;     -.898;    26.766;    88.447; 
 669;     -.900;    26.761;    88.447; 
 670;     -.903;    26.753;    88.447; 
 671;     -.908;    26.743;    88.447; 
 672;     -.911;    26.735;    88.447; 
 673;     -.918;    26.721;    88.447; 
 674;     -.919;    26.718;    88.447; 
 675;     -.923;    26.708;    88.447; 
 676;     -.926;    26.699;    88.447; 
 677;     -.929;    26.692;    88.447; 
 678;     -.933;    26.681;    88.447; 
 679;     -.936;    26.673;    88.447; 
 680;     -.939;    26.667;    88.447; 
 681;     -.945;    26.651;    88.447; 
 682;     -.947;    26.646;    88.447; 
 683;     -.951;    26.633;    88.447; 
 684;     -.955;    26.623;    88.447; 
 685;     -.960;    26.612;    88.447; 
 686;     -.964;    26.602;    88.447; 
 687;     -.968;    26.592;    88.447; 
 688;     -.972;    26.581;    88.447; 
 689;     -.974;    26.575;    88.447; 
 690;     -.980;    26.561;    88.447; 
 691;     -.985;    26.547;    88.447; 
 692;     -.989;    26.539;    88.447; 
 693;     -.992;    26.530;    88.447; 
 694;     -.995;    26.524;    88.447; 
 695;     -.997;    26.518;    88.447; 
 696;    -1.001;    26.507;    88.447; 
 697;    -1.005;    26.496;    88.447; 
 698;    -1.010;    26.483;    88.447; 
 699;    -1.012;    26.478;    88.447; 
 700;    -1.016;    26.467;    88.447; 
 701;    -1.020;    26.457;    88.447; 
 702;    -1.023;    26.449;    88.447; 
 703;    -1.027;    26.438;    88.447; 
 704;    -1.030;    26.430;    88.447; 
 705;    -1.036;    26.416;    88.447; 
 706;    -1.039;    26.407;    88.447; 
 707;    -1.043;    26.396;    88.447; 
 708;    -1.046;    26.387;    88.447; 
 709;    -1.051;    26.377;    88.447; 
 710;    -1.054;    26.368;    88.447; 
 711;    -1.056;    26.362;    88.447; 
 712;    -1.058;    26.356;    88.447; 
 713;    -1.059;    26.352;    88.447; 
 714;    -1.062;    26.341;    88.447; 
 715;    -1.066;    26.331;    88.447; 
 716;    -1.075;    26.304;    88.447; 
 717;    -1.080;    26.293;    88.447; 
 718;    -1.084;    26.282;    88.447; 
 719;    -1.087;    26.275;    88.447; 
 720;    -1.091;    26.266;    88.447; 
 721;    -1.091;    26.263;    88.447; 
 722;    -1.095;    26.254;    88.447; 
 723;    -1.097;    26.247;    88.447; 
 724;    -1.100;    26.238;    88.447; 
 725;    -1.103;    26.229;    88.447; 
 726;    -1.107;    26.218;    88.447; 
 727;    -1.108;    26.213;    88.447; 
 728;    -1.112;    26.200;    88.447; 
 729;    -1.115;    26.191;    88.447; 
 730;    -1.118;    26.182;    88.447; 
 731;    -1.123;    26.168;    88.447; 
 732;    -1.130;    26.148;    88.447; 
 733;    -1.137;    26.130;    88.447; 
 734;    -1.141;    26.121;    88.447; 
 735;    -1.143;    26.115;    88.447; 
 736;    -1.146;    26.109;    88.447; 
 737;    -1.148;    26.101;    88.447; 
 738;    -1.151;    26.094;    88.447; 
 739;    -1.155;    26.083;    88.447; 
 740;    -1.157;    26.076;    88.447; 
 741;    -1.159;    26.068;    88.447; 
 742;    -1.162;    26.059;    88.447; 
 743;    -1.165;    26.049;    88.447; 
 744;    -1.169;    26.037;    88.447; 
 745;    -1.174;    26.022;    88.447; 
 746;    -1.179;    26.009;    88.447; 
 747;    -1.180;    26.003;    88.447; 
 748;    -1.183;    25.995;    88.447; 
 749;    -1.186;    25.985;    88.447; 
 750;    -1.188;    25.978;    88.447; 
 751;    -1.192;    25.965;    88.447; 
 752;    -1.197;    25.952;    88.447; 
 753;    -1.201;    25.939;    88.447; 
 754;    -1.205;    25.929;    88.447; 
 755;    -1.208;    25.919;    88.447; 
 756;    -1.211;    25.911;    88.447; 
 757;    -1.213;    25.905;    88.447; 
 758;    -1.217;    25.893;    88.447; 
 759;    -1.219;    25.887;    88.447; 
 760;    -1.222;    25.875;    88.447; 
 761;    -1.225;    25.866;    88.447; 
 762;    -1.229;    25.854;    88.447; 
 763;    -1.232;    25.846;    88.447; 
 764;    -1.235;    25.836;    88.447; 
 765;    -1.237;    25.830;    88.447; 
 766;    -1.240;    25.819;    88.447; 
 767;    -1.242;    25.812;    88.447; 
 768;    -1.245;    25.802;    88.447; 
 769;    -1.248;    25.790;    88.447; 
 770;    -1.250;    25.783;    88.447; 
 771;    -1.253;    25.771;    88.447; 
 772;    -1.260;    25.750;    88.447; 
 773;    -1.263;    25.741;    88.447; 
 774;    -1.266;    25.731;    88.447; 
 775;    -1.269;    25.723;    88.447; 
 776;    -1.271;    25.717;    88.447; 
 777;    -1.273;    25.707;    88.447; 
 778;    -1.275;    25.700;    88.447; 
 779;    -1.278;    25.691;    88.447; 
 780;    -1.281;    25.679;    88.447; 
 781;    -1.283;    25.674;    88.447; 
 782;    -1.286;    25.661;    88.447; 
 783;    -1.290;    25.647;    88.447; 
 784;    -1.292;    25.639;    88.447; 
 785;    -1.296;    25.626;    88.447; 
 786;    -1.298;    25.619;    88.447; 
 787;    -1.301;    25.609;    88.447; 
 788;    -1.304;    25.597;    88.447; 
 789;    -1.307;    25.586;    88.447; 
 790;    -1.311;    25.573;    88.447; 
 791;    -1.314;    25.565;    88.447; 
 792;    -1.316;    25.556;    88.447; 
 793;    -1.318;    25.548;    88.447; 
 794;    -1.321;    25.539;    88.447; 
 795;    -1.323;    25.529;    88.447; 
 796;    -1.325;    25.522;    88.447; 
 797;    -1.327;    25.514;    88.447; 
 798;    -1.329;    25.505;    88.447; 
 799;    -1.331;    25.498;    88.447; 
 800;    -1.334;    25.485;    88.447; 
 801;    -1.336;    25.476;    88.447; 
 802;    -1.337;    25.470;    88.447; 
 803;    -1.341;    25.452;    88.447; 
 804;    -1.344;    25.441;    88.447; 
 805;    -1.348;    25.425;    88.447; 
 806;    -1.351;    25.414;    88.447; 
 807;    -1.354;    25.404;    88.447; 
 808;    -1.356;    25.395;    88.447; 
 809;    -1.359;    25.383;    88.447; 
 810;    -1.362;    25.375;    88.447; 
 811;    -1.364;    25.364;    88.447; 
 812;    -1.369;    25.348;    88.447; 
 813;    -1.372;    25.337;    88.447; 
 814;    -1.374;    25.329;    88.447; 
 815;    -1.377;    25.320;    88.447; 
 816;    -1.379;    25.312;    88.447; 
 817;    -1.380;    25.307;    88.447; 
 818;    -1.382;    25.299;    88.447; 
 819;    -1.384;    25.290;    88.447; 
 820;    -1.385;    25.284;    88.447; 
 821;    -1.387;    25.273;    88.447; 
 822;    -1.390;    25.263;    88.447; 
 823;    -1.392;    25.250;    88.447; 
 824;    -1.394;    25.243;    88.447; 
 825;    -1.396;    25.233;    88.447; 
 826;    -1.396;    25.229;    88.447; 
 827;    -1.398;    25.219;    88.447; 
 828;    -1.399;    25.214;    88.447; 
 829;    -1.400;    25.203;    88.447; 
 830;    -1.403;    25.186;    88.447; 
 831;    -1.409;    25.160;    88.447; 
 832;    -1.413;    25.147;    88.447; 
 833;    -1.415;    25.138;    88.447; 
 834;    -1.416;    25.133;    88.447; 
 835;    -1.416;    25.132;    88.447; 
 836;    -1.416;    25.128;    88.447; 
 837;    -1.419;    25.114;    88.447; 
 838;    -1.422;    25.096;    88.447; 
 839;    -1.427;    25.076;    88.447; 
 840;    -1.430;    25.065;    88.447; 
 841;    -1.431;    25.058;    88.447; 
 842;    -1.432;    25.053;    88.447; 
 843;    -1.433;    25.047;    88.447; 
 844;    -1.434;    25.042;    88.447; 
 845;    -1.435;    25.035;    88.447; 
 846;    -1.436;    25.029;    88.447; 
 847;    -1.437;    25.021;    88.447; 
 848;    -1.439;    25.005;    88.447; 
 849;    -1.442;    24.992;    88.447; 
 850;    -1.447;    24.967;    88.447; 
 851;    -1.450;    24.954;    88.447; 
 852;    -1.451;    24.950;    88.447; 
 853;    -1.452;    24.944;    88.447; 
 854;    -1.452;    24.940;    88.447; 
 855;    -1.454;    24.931;    88.447; 
 856;    -1.455;    24.923;    88.447; 
 857;    -1.457;    24.911;    88.447; 
 858;    -1.459;    24.898;    88.447; 
 859;    -1.462;    24.881;    88.447; 
 860;    -1.464;    24.870;    88.447; 
 861;    -1.467;    24.859;    88.447; 
 862;    -1.468;    24.850;    88.447; 
 863;    -1.468;    24.849;    88.447; 
 864;    -1.474;    24.823;    88.447; 
 865;    -1.485;    24.786;    88.447; 
 866;    -1.491;    24.769;    88.447; 
 867;    -1.493;    24.763;    88.447; 
 868;    -1.500;    24.747;    88.447; 
 869;    -1.526;    24.697;    88.447; 
 870;    -1.599;    24.623;    88.447; 
 871;    -1.695;    24.580;    88.447; 
 872;    -1.724;    24.575;    88.447; 
 873;    -1.735;    24.573;    88.447; 
 874;    -1.757;    24.570;    88.447; 
 875;    -1.783;    24.568;    88.447; 
 876;    -1.791;    24.568;    88.447; 
 877;    -1.793;    24.567;    88.447; 
 878;    -1.799;    24.567;    88.447; 
 879;    -1.812;    24.565;    88.447; 
 880;    -1.833;    24.564;    88.447; 
 881;    -1.850;    24.563;    88.447; 
 882;    -1.862;    24.563;    88.447; 
 883;    -1.875;    24.562;    88.447; 
 884;    -1.882;    24.562;    88.447; 
 885;    -1.887;    24.562;    88.447; 
 886;    -1.891;    24.561;    88.447; 
 887;    -1.906;    24.560;    88.447; 
 888;    -1.917;    24.560;    88.447; 
 889;    -1.928;    24.559;    88.447; 
 890;    -1.941;    24.558;    88.447; 
 891;    -1.952;    24.558;    88.447; 
 892;    -1.960;    24.557;    88.447; 
 893;    -1.969;    24.557;    88.447; 
 894;    -1.980;    24.556;    88.447; 
 895;    -1.987;    24.556;    88.447; 
 896;    -1.994;    24.555;    88.447; 
 897;    -2.002;    24.554;    88.447; 
 898;    -2.008;    24.553;    88.447; 
 899;    -2.019;    24.552;    88.447; 
 900;    -2.028;    24.551;    88.447; 
 901;    -2.042;    24.549;    88.447; 
 902;    -2.052;    24.548;    88.447; 
 903;    -2.072;    24.547;    88.447; 
 904;    -2.094;    24.546;    88.447; 
 905;    -2.112;    24.546;    88.447; 
 906;    -2.139;    24.548;    88.447; 
 907;    -2.201;    24.561;    88.447; 
 908;    -2.262;    24.588;    88.447; 
 909;    -2.330;    24.645;    88.447; 
 910;    -2.380;    24.731;    88.447; 
 911;    -2.383;    24.738;    88.447; 
 912;    -2.385;    24.742;    88.447; 
 913;    -2.389;    24.752;    88.447; 
 914;    -2.396;    24.768;    88.447; 
 915;    -2.401;    24.782;    88.447; 
 916;    -2.405;    24.794;    88.447; 
 917;    -2.407;    24.800;    88.447; 
 918;    -2.412;    24.814;    88.447; 
 919;    -2.418;    24.831;    88.447; 
 920;    -2.423;    24.847;    88.447; 
 921;    -2.425;    24.854;    88.447; 
 922;    -2.427;    24.860;    88.447; 
 923;    -2.431;    24.872;    88.447; 
 924;    -2.435;    24.884;    88.447; 
 925;    -2.437;    24.889;    88.447; 
 926;    -2.440;    24.900;    88.447; 
 927;    -2.443;    24.909;    88.447; 
 928;    -2.446;    24.917;    88.447; 
 929;    -2.447;    24.919;    88.447; 
 930;    -2.451;    24.929;    88.447; 
 931;    -2.453;    24.935;    88.447; 
 932;    -2.458;    24.947;    88.447; 
 933;    -2.463;    24.961;    88.447; 
 934;    -2.467;    24.974;    88.447; 
 935;    -2.470;    24.981;    88.447; 
 936;    -2.472;    24.988;    88.447; 
 937;    -2.477;    24.999;    88.447; 
 938;    -2.480;    25.008;    88.447; 
 939;    -2.482;    25.015;    88.447; 
 940;    -2.489;    25.034;    88.447; 
 941;    -2.495;    25.053;    88.447; 
 942;    -2.498;    25.064;    88.447; 
 943;    -2.499;    25.067;    88.447; 
 944;    -2.502;    25.075;    88.447; 
 945;    -2.504;    25.080;    88.447; 
 946;    -2.507;    25.088;    88.447; 
 947;    -2.510;    25.097;    88.447; 
 948;    -2.515;    25.108;    88.447; 
 949;    -2.518;    25.118;    88.447; 
 950;    -2.521;    25.126;    88.447; 
 951;    -2.525;    25.136;    88.447; 
 952;    -2.527;    25.140;    88.447; 
 953;    -2.534;    25.158;    88.447; 
 954;    -2.537;    25.166;    88.447; 
 955;    -2.540;    25.176;    88.447; 
 956;    -2.544;    25.185;    88.447; 
 957;    -2.547;    25.193;    88.447; 
 958;    -2.550;    25.201;    88.447; 
 959;    -2.554;    25.211;    88.447; 
 960;    -2.557;    25.219;    88.447; 
 961;    -2.561;    25.227;    88.447; 
 962;    -2.566;    25.240;    88.447; 
 963;    -2.570;    25.251;    88.447; 
 964;    -2.573;    25.259;    88.447; 
 965;    -2.577;    25.267;    88.447; 
 966;    -2.581;    25.278;    88.447; 
 967;    -2.584;    25.286;    88.447; 
 968;    -2.588;    25.295;    88.447; 
 969;    -2.591;    25.302;    88.447; 
 970;    -2.597;    25.315;    88.447; 
 971;    -2.603;    25.331;    88.447; 
 972;    -2.606;    25.340;    88.447; 
 973;    -2.608;    25.344;    88.447; 
 974;    -2.612;    25.353;    88.447; 
 975;    -2.614;    25.358;    88.447; 
 976;    -2.617;    25.366;    88.447; 
 977;    -2.621;    25.375;    88.447; 
 978;    -2.626;    25.385;    88.447; 
 979;    -2.630;    25.395;    88.447; 
 980;    -2.638;    25.413;    88.447; 
 981;    -2.641;    25.421;    88.447; 
 982;    -2.646;    25.433;    88.447; 
 983;    -2.650;    25.443;    88.447; 
 984;    -2.652;    25.448;    88.447; 
 985;    -2.656;    25.457;    88.447; 
 986;    -2.660;    25.465;    88.447; 
 987;    -2.664;    25.476;    88.447; 
 988;    -2.667;    25.481;    88.447; 
 989;    -2.672;    25.492;    88.447; 
 990;    -2.674;    25.498;    88.447; 
 991;    -2.680;    25.510;    88.447; 
 992;    -2.685;    25.521;    88.447; 
 993;    -2.690;    25.532;    88.447; 
 994;    -2.695;    25.544;    88.447; 
 995;    -2.698;    25.550;    88.447; 
 996;    -2.703;    25.561;    88.447; 
 997;    -2.706;    25.568;    88.447; 
 998;    -2.709;    25.575;    88.447; 
 999;    -2.714;    25.586;    88.447; 
1000;    -2.720;    25.599;    88.447; 
1001;    -2.724;    25.608;    88.447; 
1002;    -2.728;    25.617;    88.447; 
1003;    -2.732;    25.625;    88.447; 
1004;    -2.735;    25.632;    88.447; 
1005;    -2.742;    25.646;    88.447; 
1006;    -2.745;    25.653;    88.447; 
1007;    -2.748;    25.659;    88.447; 
1008;    -2.754;    25.671;    88.447; 
1009;    -2.758;    25.679;    88.447; 
1010;    -2.763;    25.691;    88.447; 
1011;    -2.768;    25.702;    88.447; 
1012;    -2.773;    25.712;    88.447; 
1013;    -2.775;    25.717;    88.447; 
1014;    -2.779;    25.725;    88.447; 
1015;    -2.783;    25.733;    88.447; 
1016;    -2.788;    25.743;    88.447; 
1017;    -2.792;    25.750;    88.447; 
1018;    -2.797;    25.760;    88.447; 
1019;    -2.799;    25.764;    88.447; 
1020;    -2.805;    25.776;    88.447; 
1021;    -2.813;    25.792;    88.447; 
1022;    -2.819;    25.805;    88.447; 
1023;    -2.821;    25.809;    88.447; 
1024;    -2.825;    25.817;    88.447; 
1025;    -2.829;    25.825;    88.447; 
1026;    -2.836;    25.839;    88.447; 
1027;    -2.842;    25.851;    88.447; 
1028;    -2.847;    25.861;    88.447; 
1029;    -2.850;    25.869;    88.447; 
1030;    -2.856;    25.880;    88.447; 
1031;    -2.858;    25.885;    88.447; 
1032;    -2.864;    25.896;    88.447; 
1033;    -2.867;    25.904;    88.447; 
1034;    -2.871;    25.911;    88.447; 
1035;    -2.877;    25.924;    88.447; 
1036;    -2.883;    25.936;    88.447; 
1037;    -2.887;    25.944;    88.447; 
1038;    -2.892;    25.954;    88.447; 
1039;    -2.895;    25.959;    88.447; 
1040;    -2.901;    25.971;    88.447; 
1041;    -2.906;    25.981;    88.447; 
1042;    -2.911;    25.991;    88.447; 
1043;    -2.915;    25.999;    88.447; 
1044;    -2.918;    26.004;    88.447; 
1045;    -2.924;    26.015;    88.447; 
1046;    -2.927;    26.022;    88.447; 
1047;    -2.932;    26.031;    88.447; 
1048;    -2.937;    26.041;    88.447; 
1049;    -2.943;    26.051;    88.447; 
1050;    -2.949;    26.062;    88.447; 
1051;    -2.954;    26.072;    88.447; 
1052;    -2.959;    26.083;    88.447; 
1053;    -2.965;    26.094;    88.447; 
1054;    -2.968;    26.098;    88.447; 
1055;    -2.973;    26.108;    88.447; 
1056;    -2.979;    26.120;    88.447; 
1057;    -2.983;    26.128;    88.447; 
1058;    -2.990;    26.140;    88.447; 
1059;    -2.994;    26.148;    88.447; 
1060;    -2.997;    26.155;    88.447; 
1061;    -3.003;    26.166;    88.447; 
1062;    -3.007;    26.174;    88.447; 
1063;    -3.012;    26.181;    88.447; 
1064;    -3.016;    26.190;    88.447; 
1065;    -3.020;    26.197;    88.447; 
1066;    -3.026;    26.207;    88.447; 
1067;    -3.030;    26.214;    88.447; 
1068;    -3.036;    26.225;    88.447; 
1069;    -3.040;    26.231;    88.447; 
1070;    -3.048;    26.246;    88.447; 
1071;    -3.052;    26.253;    88.447; 
1072;    -3.058;    26.264;    88.447; 
1073;    -3.061;    26.269;    88.447; 
1074;    -3.067;    26.281;    88.447; 
1075;    -3.072;    26.288;    88.447; 
1076;    -3.075;    26.295;    88.447; 
1077;    -3.084;    26.310;    88.447; 
1078;    -3.088;    26.318;    88.447; 
1079;    -3.095;    26.331;    88.447; 
1080;    -3.097;    26.334;    88.447; 
1081;    -3.103;    26.346;    88.447; 
1082;    -3.107;    26.352;    88.447; 
1083;    -3.112;    26.362;    88.447; 
1084;    -3.115;    26.366;    88.447; 
1085;    -3.123;    26.379;    88.447; 
1086;    -3.128;    26.388;    88.447; 
1087;    -3.132;    26.396;    88.447; 
1088;    -3.139;    26.407;    88.447; 
1089;    -3.144;    26.416;    88.447; 
1090;    -3.150;    26.428;    88.447; 
1091;    -3.155;    26.436;    88.447; 
1092;    -3.158;    26.442;    88.447; 
1093;    -3.165;    26.452;    88.447; 
1094;    -3.175;    26.473;    88.447; 
1095;    -3.179;    26.479;    88.447; 
1096;    -3.180;    26.481;    88.447; 
1097;    -3.183;    26.486;    88.447; 
1098;    -3.185;    26.489;    88.447; 
1099;    -3.194;    26.503;    88.447; 
1100;    -3.200;    26.514;    88.447; 
1101;    -3.207;    26.526;    88.447; 
1102;    -3.214;    26.537;    88.447; 
1103;    -3.219;    26.546;    88.447; 
1104;    -3.223;    26.554;    88.447; 
1105;    -3.227;    26.560;    88.447; 
1106;    -3.234;    26.572;    88.447; 
1107;    -3.239;    26.580;    88.447; 
1108;    -3.243;    26.586;    88.447; 
1109;    -3.246;    26.592;    88.447; 
1110;    -3.250;    26.597;    88.447; 
1111;    -3.252;    26.601;    88.447; 
1112;    -3.254;    26.603;    88.447; 
1113;    -3.257;    26.607;    88.447; 
1114;    -3.258;    26.609;    88.447; 
1115;    -3.265;    26.617;    88.447; 
1116;    -3.266;    26.618;    88.447; 
1117;    -3.271;    26.623;    88.447; 
1118;    -3.280;    26.634;    88.447; 
1119;    -3.284;    26.638;    88.447; 
1120;    -3.286;    26.639;    88.447; 
1121;    -3.289;    26.643;    88.447; 
1122;    -3.292;    26.645;    88.447; 
1123;    -3.298;    26.650;    88.447; 
1124;    -3.300;    26.652;    88.447; 
1125;    -3.305;    26.656;    88.447; 
1126;    -3.307;    26.657;    88.447; 
1127;    -3.310;    26.659;    88.447; 
1128;    -3.317;    26.663;    88.447; 
1129;    -3.317;    26.663;    88.447; 
1130;    -3.321;    26.666;    88.447; 
1131;    -3.328;    26.670;    88.447; 
1132;    -3.334;    26.672;    88.447; 
1133;    -3.339;    26.675;    88.447; 
1134;    -3.343;    26.677;    88.447; 
1135;    -3.349;    26.679;    88.447; 
1136;    -3.350;    26.679;    88.447; 
1137;    -3.354;    26.681;    88.447; 
1138;    -3.358;    26.682;    88.447; 
1139;    -3.360;    26.682;    88.447; 
1140;    -3.364;    26.683;    88.447; 
1141;    -3.369;    26.685;    88.447; 
1142;    -3.371;    26.685;    88.447; 
1143;    -3.375;    26.686;    88.447; 
1144;    -3.379;    26.686;    88.447; 
1145;    -3.390;    26.688;    88.447; 
1146;    -3.399;    26.689;    88.447; 
1147;    -3.404;    26.689;    88.447; 
1148;    -3.413;    26.690;    88.447; 
1149;    -3.420;    26.691;    88.447; 
1150;    -3.426;    26.691;    88.447; 
1151;    -3.432;    26.692;    88.447; 
1152;    -3.436;    26.692;    88.447; 
1153;    -3.439;    26.691;    88.447; 
1154;    -3.444;    26.691;    88.447; 
1155;    -3.447;    26.691;    88.447; 
1156;    -3.451;    26.690;    88.447; 
1157;    -3.456;    26.690;    88.447; 
1158;    -3.463;    26.689;    88.447; 
1159;    -3.470;    26.688;    88.447; 
1160;    -3.479;    26.686;    88.447; 
1161;    -3.495;    26.684;    88.447; 
1162;    -3.506;    26.683;    88.447; 
1163;    -3.517;    26.682;    88.447; 
1164;    -3.529;    26.680;    88.447; 
1165;    -3.533;    26.679;    88.447; 
1166;    -3.542;    26.678;    88.447; 
1167;    -3.553;    26.676;    88.447; 
1168;    -3.565;    26.675;    88.447; 
1169;    -3.579;    26.673;    88.447; 
