[A]
   1;     3.044;    26.788;    88.510; 
   2;     3.014;    26.791;    88.510; 
   3;     2.984;    26.795;    88.510; 
   4;     2.952;    26.799;    88.510; 
   5;     2.932;    26.801;    88.510; 
   6;     2.917;    26.801;    88.510; 
   7;     2.897;    26.801;    88.510; 
   8;     2.876;    26.799;    88.510; 
   9;     2.856;    26.797;    88.510; 
  10;     2.845;    26.794;    88.510; 
  11;     2.840;    26.792;    88.510; 
  12;     2.835;    26.789;    88.510; 
  13;     2.821;    26.782;    88.510; 
  14;     2.803;    26.772;    88.510; 
  15;     2.786;    26.762;    88.510; 
  16;     2.772;    26.753;    88.510; 
  17;     2.762;    26.745;    88.510; 
  18;     2.753;    26.736;    88.510; 
  19;     2.745;    26.727;    88.510; 
  20;     2.736;    26.715;    88.510; 
  21;     2.727;    26.703;    88.510; 
  22;     2.719;    26.690;    88.510; 
  23;     2.711;    26.675;    88.510; 
  24;     2.698;    26.652;    88.510; 
  25;     2.685;    26.628;    88.510; 
  26;     2.666;    26.595;    88.510; 
  27;     2.648;    26.565;    88.510; 
  28;     2.635;    26.543;    88.510; 
  29;     2.622;    26.519;    88.510; 
  30;     2.609;    26.494;    88.510; 
  31;     2.597;    26.472;    88.510; 
  32;     2.581;    26.442;    88.510; 
  33;     2.564;    26.411;    88.510; 
  34;     2.552;    26.388;    88.510; 
  35;     2.538;    26.363;    88.510; 
  36;     2.523;    26.335;    88.510; 
  37;     2.508;    26.307;    88.510; 
  38;     2.495;    26.282;    88.510; 
  39;     2.481;    26.256;    88.510; 
  40;     2.468;    26.230;    88.510; 
  41;     2.454;    26.203;    88.510; 
  42;     2.440;    26.176;    88.510; 
  43;     2.429;    26.154;    88.510; 
  44;     2.414;    26.125;    88.510; 
  45;     2.400;    26.096;    88.510; 
  46;     2.383;    26.064;    88.510; 
  47;     2.373;    26.044;    88.510; 
  48;     2.361;    26.020;    88.510; 
  49;     2.347;    25.990;    88.510; 
  50;     2.331;    25.959;    88.510; 
  51;     2.318;    25.933;    88.510; 
  52;     2.310;    25.914;    88.510; 
  53;     2.297;    25.886;    88.510; 
  54;     2.281;    25.852;    88.510; 
  55;     2.271;    25.830;    88.510; 
  56;     2.256;    25.799;    88.510; 
  57;     2.249;    25.782;    88.510; 
  58;     2.235;    25.748;    88.510; 
  59;     2.219;    25.716;    88.510; 
  60;     2.207;    25.690;    88.510; 
  61;     2.195;    25.664;    88.510; 
  62;     2.187;    25.643;    88.510; 
  63;     2.175;    25.614;    88.510; 
  64;     2.162;    25.584;    88.510; 
  65;     2.151;    25.558;    88.510; 
  66;     2.139;    25.532;    88.510; 
  67;     2.127;    25.503;    88.510; 
  68;     2.118;    25.479;    88.510; 
  69;     2.106;    25.450;    88.510; 
  70;     2.096;    25.424;    88.510; 
  71;     2.086;    25.398;    88.510; 
  72;     2.073;    25.365;    88.510; 
  73;     2.062;    25.337;    88.510; 
  74;     2.052;    25.311;    88.510; 
  75;     2.041;    25.283;    88.510; 
  76;     2.031;    25.257;    88.510; 
  77;     2.022;    25.231;    88.510; 
  78;     2.012;    25.204;    88.510; 
  79;     2.006;    25.182;    88.510; 
  80;     1.996;    25.152;    88.510; 
  81;     1.981;    25.114;    88.510; 
  82;     1.972;    25.087;    88.510; 
  83;     1.962;    25.059;    88.510; 
  84;     1.955;    25.036;    88.510; 
  85;     1.946;    25.010;    88.510; 
  86;     1.937;    24.980;    88.510; 
  87;     1.929;    24.953;    88.510; 
  88;     1.920;    24.924;    88.510; 
  89;     1.909;    24.891;    88.510; 
  90;     1.895;    24.853;    88.510; 
  91;     1.879;    24.814;    88.510; 
  92;     1.845;    24.753;    88.510; 
  93;     1.689;    24.641;    88.510; 
  94;     1.557;    24.629;    88.510; 
  95;     1.532;    24.630;    88.510; 
  96;     1.506;    24.631;    88.510; 
  97;     1.477;    24.632;    88.510; 
  98;     1.423;    24.637;    88.510; 
  99;     1.413;    24.636;    88.510; 
 100;     1.394;    24.636;    88.510; 
 101;     1.320;    24.644;    88.510; 
 102;     1.302;    24.646;    88.510; 
 103;     1.285;    24.647;    88.510; 
 104;     1.265;    24.647;    88.510; 
 105;     1.196;    24.656;    88.510; 
 106;     1.013;    24.795;    88.510; 
 107;      .975;    24.893;    88.510; 
 108;      .967;    24.930;    88.510; 
 109;      .960;    24.963;    88.510; 
 110;      .953;    24.998;    88.510; 
 111;      .947;    25.030;    88.510; 
 112;      .942;    25.057;    88.510; 
 113;      .936;    25.086;    88.510; 
 114;      .930;    25.118;    88.510; 
 115;      .924;    25.145;    88.510; 
 116;      .919;    25.173;    88.510; 
 117;      .912;    25.203;    88.510; 
 118;      .906;    25.229;    88.510; 
 119;      .900;    25.258;    88.510; 
 120;      .893;    25.289;    88.510; 
 121;      .887;    25.313;    88.510; 
 122;      .878;    25.348;    88.510; 
 123;      .871;    25.382;    88.510; 
 124;      .865;    25.403;    88.510; 
 125;      .858;    25.431;    88.510; 
 126;      .850;    25.461;    88.510; 
 127;      .842;    25.491;    88.510; 
 128;      .835;    25.515;    88.510; 
 129;      .827;    25.544;    88.510; 
 130;      .817;    25.585;    88.510; 
 131;      .811;    25.605;    88.510; 
 132;      .804;    25.632;    88.510; 
 133;      .795;    25.659;    88.510; 
 134;      .786;    25.689;    88.510; 
 135;      .778;    25.717;    88.510; 
 136;      .769;    25.745;    88.510; 
 137;      .760;    25.774;    88.510; 
 138;      .751;    25.804;    88.510; 
 139;      .742;    25.835;    88.510; 
 140;      .733;    25.862;    88.510; 
 141;      .724;    25.889;    88.510; 
 142;      .715;    25.917;    88.510; 
 143;      .706;    25.945;    88.510; 
 144;      .695;    25.980;    88.510; 
 145;      .687;    26.003;    88.510; 
 146;      .677;    26.032;    88.510; 
 147;      .669;    26.055;    88.510; 
 148;      .657;    26.089;    88.510; 
 149;      .647;    26.119;    88.510; 
 150;      .638;    26.145;    88.510; 
 151;      .628;    26.174;    88.510; 
 152;      .618;    26.203;    88.510; 
 153;      .608;    26.230;    88.510; 
 154;      .598;    26.255;    88.510; 
 155;      .587;    26.285;    88.510; 
 156;      .576;    26.315;    88.510; 
 157;      .567;    26.339;    88.510; 
 158;      .556;    26.367;    88.510; 
 159;      .544;    26.399;    88.510; 
 160;      .533;    26.427;    88.510; 
 161;      .524;    26.451;    88.510; 
 162;      .511;    26.485;    88.510; 
 163;      .501;    26.512;    88.510; 
 164;      .493;    26.529;    88.510; 
 165;      .478;    26.564;    88.510; 
 166;      .467;    26.595;    88.510; 
 167;      .456;    26.622;    88.510; 
 168;      .446;    26.646;    88.510; 
 169;      .433;    26.676;    88.510; 
 170;      .422;    26.703;    88.510; 
 171;      .412;    26.727;    88.510; 
 172;      .399;    26.755;    88.510; 
 173;      .388;    26.781;    88.510; 
 174;      .376;    26.807;    88.510; 
 175;      .366;    26.826;    88.510; 
 176;      .352;    26.853;    88.510; 
 177;      .346;    26.863;    88.510; 
 178;      .338;    26.873;    88.510; 
 179;      .329;    26.883;    88.510; 
 180;      .317;    26.896;    88.510; 
 181;      .305;    26.905;    88.510; 
 182;      .295;    26.913;    88.510; 
 183;      .286;    26.919;    88.510; 
 184;      .275;    26.924;    88.510; 
 185;      .266;    26.927;    88.510; 
 186;      .257;    26.929;    88.510; 
 187;      .242;    26.933;    88.510; 
 188;      .216;    26.940;    88.510; 
 189;      .197;    26.944;    88.510; 
 190;      .180;    26.947;    88.510; 
 191;      .171;    26.947;    88.510; 
 192;      .149;    26.948;    88.510; 
 193;      .132;    26.947;    88.510; 
 194;      .109;    26.946;    88.510; 
 195;      .075;    26.945;    88.510; 
 196;      .041;    26.945;    88.510; 
 197;      .010;    26.945;    88.510; 
 198;     -.030;    26.946;    88.510; 
 199;     -.053;    26.946;    88.510; 
 200;     -.083;    26.946;    88.510; 
 201;     -.115;    26.946;    88.510; 
 202;     -.137;    26.945;    88.510; 
 203;     -.168;    26.944;    88.510; 
 204;     -.208;    26.944;    88.510; 
 205;     -.240;    26.944;    88.510; 
 206;     -.266;    26.944;    88.510; 
 207;     -.296;    26.944;    88.510; 
 208;     -.327;    26.943;    88.510; 
 209;     -.347;    26.942;    88.510; 
 210;     -.362;    26.940;    88.510; 
 211;     -.381;    26.937;    88.510; 
 212;     -.406;    26.932;    88.510; 
 213;     -.418;    26.929;    88.510; 
 214;     -.426;    26.925;    88.510; 
 215;     -.438;    26.919;    88.510; 
 216;     -.448;    26.913;    88.510; 
 217;     -.450;    26.910;    88.510; 
 218;     -.453;    26.906;    88.510; 
 219;     -.465;    26.894;    88.510; 
 220;     -.481;    26.878;    88.510; 
 221;     -.490;    26.866;    88.510; 
 222;     -.509;    26.845;    88.510; 
 223;     -.519;    26.831;    88.510; 
 224;     -.522;    26.824;    88.510; 
 225;     -.527;    26.812;    88.510; 
 226;     -.540;    26.787;    88.510; 
 227;     -.554;    26.761;    88.510; 
 228;     -.560;    26.745;    88.510; 
 229;     -.571;    26.720;    88.510; 
 230;     -.577;    26.701;    88.510; 
 231;     -.588;    26.673;    88.510; 
 232;     -.606;    26.631;    88.510; 
 233;     -.616;    26.606;    88.510; 
 234;     -.625;    26.583;    88.510; 
 235;     -.636;    26.555;    88.510; 
 236;     -.648;    26.525;    88.510; 
 237;     -.660;    26.496;    88.510; 
 238;     -.670;    26.469;    88.510; 
 239;     -.681;    26.441;    88.510; 
 240;     -.691;    26.415;    88.510; 
 241;     -.699;    26.391;    88.510; 
 242;     -.710;    26.361;    88.510; 
 243;     -.724;    26.325;    88.510; 
 244;     -.732;    26.303;    88.510; 
 245;     -.745;    26.270;    88.510; 
 246;     -.752;    26.248;    88.510; 
 247;     -.762;    26.220;    88.510; 
 248;     -.775;    26.184;    88.510; 
 249;     -.782;    26.164;    88.510; 
 250;     -.791;    26.138;    88.510; 
 251;     -.801;    26.106;    88.510; 
 252;     -.810;    26.080;    88.510; 
 253;     -.819;    26.053;    88.510; 
 254;     -.833;    26.015;    88.510; 
 255;     -.841;    25.991;    88.510; 
 256;     -.850;    25.964;    88.510; 
 257;     -.858;    25.939;    88.510; 
 258;     -.867;    25.910;    88.510; 
 259;     -.876;    25.880;    88.510; 
 260;     -.886;    25.849;    88.510; 
 261;     -.893;    25.826;    88.510; 
 262;     -.905;    25.789;    88.510; 
 263;     -.914;    25.762;    88.510; 
 264;     -.918;    25.744;    88.510; 
 265;     -.928;    25.710;    88.510; 
 266;     -.936;    25.684;    88.510; 
 267;     -.943;    25.656;    88.510; 
 268;     -.952;    25.625;    88.510; 
 269;     -.963;    25.590;    88.510; 
 270;     -.970;    25.565;    88.510; 
 271;     -.978;    25.537;    88.510; 
 272;     -.984;    25.512;    88.510; 
 273;     -.991;    25.485;    88.510; 
 274;     -.997;    25.459;    88.510; 
 275;    -1.004;    25.429;    88.510; 
 276;    -1.016;    25.387;    88.510; 
 277;    -1.024;    25.356;    88.510; 
 278;    -1.028;    25.340;    88.510; 
 279;    -1.035;    25.310;    88.510; 
 280;    -1.042;    25.279;    88.510; 
 281;    -1.048;    25.253;    88.510; 
 282;    -1.055;    25.222;    88.510; 
 283;    -1.060;    25.196;    88.510; 
 284;    -1.068;    25.161;    88.510; 
 285;    -1.074;    25.136;    88.510; 
 286;    -1.080;    25.107;    88.510; 
 287;    -1.086;    25.077;    88.510; 
 288;    -1.089;    25.056;    88.510; 
 289;    -1.092;    25.037;    88.510; 
 290;    -1.099;    24.992;    88.510; 
 291;    -1.104;    24.967;    88.510; 
 292;    -1.107;    24.943;    88.510; 
 293;    -1.117;    24.894;    88.510; 
 294;    -1.134;    24.841;    88.510; 
 295;    -1.147;    24.804;    88.510; 
 296;    -1.247;    24.679;    88.510; 
 297;    -1.420;    24.622;    88.510; 
 298;    -1.453;    24.621;    88.510; 
 299;    -1.467;    24.619;    88.510; 
 300;    -1.517;    24.616;    88.510; 
 301;    -1.546;    24.615;    88.510; 
 302;    -1.570;    24.613;    88.510; 
 303;    -1.611;    24.611;    88.510; 
 304;    -1.636;    24.610;    88.510; 
 305;    -1.664;    24.608;    88.510; 
 306;    -1.701;    24.607;    88.510; 
 307;    -1.726;    24.606;    88.510; 
 308;    -1.758;    24.604;    88.510; 
 309;    -1.952;    24.681;    88.510; 
 310;    -2.034;    24.802;    88.510; 
 311;    -2.049;    24.841;    88.510; 
 312;    -2.062;    24.880;    88.510; 
 313;    -2.072;    24.911;    88.510; 
 314;    -2.082;    24.945;    88.510; 
 315;    -2.089;    24.961;    88.510; 
 316;    -2.099;    24.990;    88.510; 
 317;    -2.114;    25.042;    88.510; 
 318;    -2.119;    25.057;    88.510; 
 319;    -2.126;    25.074;    88.510; 
 320;    -2.138;    25.108;    88.510; 
 321;    -2.149;    25.144;    88.510; 
 322;    -2.155;    25.158;    88.510; 
 323;    -2.165;    25.182;    88.510; 
 324;    -2.179;    25.220;    88.510; 
 325;    -2.191;    25.257;    88.510; 
 326;    -2.200;    25.280;    88.510; 
 327;    -2.207;    25.298;    88.510; 
 328;    -2.214;    25.312;    88.510; 
 329;    -2.231;    25.350;    88.510; 
 330;    -2.248;    25.399;    88.510; 
 331;    -2.256;    25.424;    88.510; 
 332;    -2.264;    25.445;    88.510; 
 333;    -2.274;    25.468;    88.510; 
 334;    -2.284;    25.492;    88.510; 
 335;    -2.297;    25.521;    88.510; 
 336;    -2.308;    25.546;    88.510; 
 337;    -2.321;    25.577;    88.510; 
 338;    -2.335;    25.612;    88.510; 
 339;    -2.346;    25.639;    88.510; 
 340;    -2.354;    25.656;    88.510; 
 341;    -2.364;    25.675;    88.510; 
 342;    -2.383;    25.717;    88.510; 
 343;    -2.397;    25.748;    88.510; 
 344;    -2.403;    25.760;    88.510; 
 345;    -2.417;    25.787;    88.510; 
 346;    -2.436;    25.832;    88.510; 
 347;    -2.443;    25.845;    88.510; 
 348;    -2.456;    25.871;    88.510; 
 349;    -2.471;    25.901;    88.510; 
 350;    -2.486;    25.933;    88.510; 
 351;    -2.499;    25.962;    88.510; 
 352;    -2.509;    25.981;    88.510; 
 353;    -2.522;    26.006;    88.510; 
 354;    -2.536;    26.034;    88.510; 
 355;    -2.550;    26.063;    88.510; 
 356;    -2.559;    26.076;    88.510; 
 357;    -2.580;    26.119;    88.510; 
 358;    -2.594;    26.147;    88.510; 
 359;    -2.603;    26.165;    88.510; 
 360;    -2.615;    26.185;    88.510; 
 361;    -2.634;    26.220;    88.510; 
 362;    -2.651;    26.255;    88.510; 
 363;    -2.661;    26.274;    88.510; 
 364;    -2.676;    26.303;    88.510; 
 365;    -2.690;    26.329;    88.510; 
 366;    -2.702;    26.351;    88.510; 
 367;    -2.718;    26.380;    88.510; 
 368;    -2.733;    26.407;    88.510; 
 369;    -2.747;    26.433;    88.510; 
 370;    -2.761;    26.459;    88.510; 
 371;    -2.776;    26.487;    88.510; 
 372;    -2.787;    26.504;    88.510; 
 373;    -2.805;    26.536;    88.510; 
 374;    -2.821;    26.564;    88.510; 
 375;    -2.832;    26.581;    88.510; 
 376;    -2.845;    26.601;    88.510; 
 377;    -2.859;    26.621;    88.510; 
 378;    -2.870;    26.635;    88.510; 
 379;    -2.901;    26.684;    88.510; 
 380;    -2.914;    26.705;    88.510; 
 381;    -2.920;    26.711;    88.510; 
 382;    -2.926;    26.717;    88.510; 
 383;    -2.933;    26.721;    88.510; 
 384;    -2.943;    26.728;    88.510; 
 385;    -2.950;    26.731;    88.510; 
 386;    -2.959;    26.735;    88.510; 
 387;    -2.979;    26.744;    88.510; 
 388;    -2.996;    26.751;    88.510; 
 389;    -3.005;    26.752;    88.510; 
 390;    -3.013;    26.753;    88.510; 
 391;    -3.035;    26.757;    88.510; 
 392;    -3.055;    26.759;    88.510; 
 393;    -3.069;    26.760;    88.510; 
 394;    -3.081;    26.759;    88.510; 
 395;    -3.096;    26.757;    88.510; 
 396;    -3.113;    26.755;    88.510; 
 397;    -3.135;    26.751;    88.510; 
 398;    -3.168;    26.746;    88.510; 
 399;    -3.216;    26.741;    88.510; 
 400;    -3.243;    26.739;    88.510; 
 401;    -3.269;    26.736;    88.510; 
 402;    -3.295;    26.733;    88.510; 
 403;    -3.324;    26.729;    88.510; 
