[A]
   1;     3.963;    26.759;    88.509; 
   2;     3.934;    26.763;    88.509; 
   3;     3.902;    26.769;    88.509; 
   4;     3.871;    26.774;    88.509; 
   5;     3.847;    26.778;    88.509; 
   6;     3.831;    26.779;    88.509; 
   7;     3.770;    26.791;    88.509; 
   8;     3.742;    26.797;    88.509; 
   9;     3.725;    26.799;    88.509; 
  10;     3.698;    26.803;    88.509; 
  11;     3.670;    26.807;    88.509; 
  12;     3.645;    26.810;    88.509; 
  13;     3.622;    26.812;    88.509; 
  14;     3.583;    26.817;    88.509; 
  15;     3.540;    26.824;    88.509; 
  16;     3.512;    26.829;    88.509; 
  17;     3.501;    26.829;    88.509; 
  18;     3.491;    26.828;    88.509; 
  19;     3.466;    26.828;    88.509; 
  20;     3.411;    26.831;    88.509; 
  21;     3.397;    26.831;    88.509; 
  22;     3.391;    26.829;    88.509; 
  23;     3.391;    26.827;    88.509; 
  24;     3.381;    26.824;    88.509; 
  25;     3.380;    26.822;    88.509; 
  26;     3.357;    26.812;    88.509; 
  27;     3.323;    26.798;    88.509; 
  28;     3.305;    26.790;    88.509; 
  29;     3.298;    26.785;    88.509; 
  30;     3.283;    26.775;    88.509; 
  31;     3.270;    26.766;    88.509; 
  32;     3.247;    26.749;    88.509; 
  33;     3.221;    26.731;    88.509; 
  34;     3.214;    26.724;    88.509; 
  35;     3.212;    26.719;    88.509; 
  36;     3.207;    26.711;    88.509; 
  37;     3.199;    26.699;    88.509; 
  38;     3.189;    26.682;    88.509; 
  39;     3.176;    26.661;    88.509; 
  40;     3.165;    26.640;    88.509; 
  41;     3.144;    26.605;    88.509; 
  42;     3.128;    26.579;    88.509; 
  43;     3.115;    26.557;    88.509; 
  44;     3.102;    26.534;    88.509; 
  45;     3.091;    26.513;    88.509; 
  46;     3.072;    26.479;    88.509; 
  47;     3.053;    26.447;    88.509; 
  48;     3.043;    26.429;    88.509; 
  49;     3.027;    26.400;    88.509; 
  50;     3.006;    26.366;    88.509; 
  51;     2.995;    26.347;    88.509; 
  52;     2.984;    26.326;    88.509; 
  53;     2.973;    26.303;    88.509; 
  54;     2.956;    26.271;    88.509; 
  55;     2.938;    26.239;    88.509; 
  56;     2.924;    26.213;    88.509; 
  57;     2.907;    26.184;    88.509; 
  58;     2.891;    26.156;    88.509; 
  59;     2.883;    26.139;    88.509; 
  60;     2.868;    26.111;    88.509; 
  61;     2.854;    26.086;    88.509; 
  62;     2.845;    26.066;    88.509; 
  63;     2.833;    26.040;    88.509; 
  64;     2.812;    26.001;    88.509; 
  65;     2.797;    25.973;    88.509; 
  66;     2.787;    25.952;    88.509; 
  67;     2.767;    25.916;    88.509; 
  68;     2.754;    25.893;    88.509; 
  69;     2.747;    25.877;    88.509; 
  70;     2.738;    25.856;    88.509; 
  71;     2.717;    25.814;    88.509; 
  72;     2.705;    25.790;    88.509; 
  73;     2.693;    25.766;    88.509; 
  74;     2.681;    25.741;    88.509; 
  75;     2.670;    25.715;    88.509; 
  76;     2.657;    25.688;    88.509; 
  77;     2.643;    25.658;    88.509; 
  78;     2.632;    25.633;    88.509; 
  79;     2.623;    25.612;    88.509; 
  80;     2.610;    25.581;    88.509; 
  81;     2.601;    25.558;    88.509; 
  82;     2.582;    25.518;    88.509; 
  83;     2.572;    25.496;    88.509; 
  84;     2.561;    25.471;    88.509; 
  85;     2.553;    25.448;    88.509; 
  86;     2.540;    25.417;    88.509; 
  87;     2.526;    25.386;    88.509; 
  88;     2.514;    25.358;    88.509; 
  89;     2.507;    25.338;    88.509; 
  90;     2.492;    25.303;    88.509; 
  91;     2.485;    25.283;    88.509; 
  92;     2.477;    25.261;    88.509; 
  93;     2.462;    25.223;    88.509; 
  94;     2.450;    25.193;    88.509; 
  95;     2.450;    25.188;    88.509; 
  96;     2.450;    25.183;    88.509; 
  97;     2.434;    25.126;    88.509; 
  98;     2.420;    25.089;    88.509; 
  99;     2.417;    25.076;    88.509; 
 100;     2.398;    25.026;    88.509; 
 101;     2.377;    24.983;    88.509; 
 102;     2.371;    24.967;    88.509; 
 103;     2.362;    24.945;    88.509; 
 104;     2.349;    24.913;    88.509; 
 105;     2.332;    24.877;    88.509; 
 106;     2.304;    24.827;    88.509; 
 107;     2.100;    24.705;    88.509; 
 108;     2.023;    24.702;    88.509; 
 109;     1.981;    24.705;    88.509; 
 110;     1.935;    24.711;    88.509; 
 111;     1.916;    24.712;    88.509; 
 112;     1.887;    24.715;    88.509; 
 113;     1.868;    24.716;    88.509; 
 114;     1.839;    24.717;    88.509; 
 115;     1.783;    24.723;    88.509; 
 116;     1.762;    24.725;    88.509; 
 117;     1.745;    24.726;    88.509; 
 118;     1.694;    24.732;    88.509; 
 119;     1.633;    24.746;    88.509; 
 120;     1.455;    24.925;    88.509; 
 121;     1.439;    24.974;    88.509; 
 122;     1.427;    25.036;    88.509; 
 123;     1.422;    25.082;    88.509; 
 124;     1.420;    25.087;    88.509; 
 125;     1.415;    25.103;    88.509; 
 126;     1.409;    25.126;    88.509; 
 127;     1.400;    25.164;    88.509; 
 128;     1.392;    25.201;    88.509; 
 129;     1.385;    25.259;    88.509; 
 130;     1.383;    25.303;    88.509; 
 131;     1.381;    25.310;    88.509; 
 132;     1.377;    25.332;    88.509; 
 133;     1.372;    25.361;    88.509; 
 134;     1.368;    25.381;    88.509; 
 135;     1.362;    25.411;    88.509; 
 136;     1.356;    25.438;    88.509; 
 137;     1.351;    25.458;    88.509; 
 138;     1.343;    25.488;    88.509; 
 139;     1.334;    25.529;    88.509; 
 140;     1.329;    25.543;    88.509; 
 141;     1.320;    25.583;    88.509; 
 142;     1.312;    25.620;    88.509; 
 143;     1.308;    25.638;    88.509; 
 144;     1.300;    25.670;    88.509; 
 145;     1.294;    25.697;    88.509; 
 146;     1.287;    25.721;    88.509; 
 147;     1.280;    25.746;    88.509; 
 148;     1.270;    25.782;    88.509; 
 149;     1.263;    25.807;    88.509; 
 150;     1.255;    25.838;    88.509; 
 151;     1.247;    25.867;    88.509; 
 152;     1.240;    25.890;    88.509; 
 153;     1.229;    25.930;    88.509; 
 154;     1.222;    25.954;    88.509; 
 155;     1.214;    25.979;    88.509; 
 156;     1.206;    26.004;    88.509; 
 157;     1.195;    26.040;    88.509; 
 158;     1.188;    26.066;    88.509; 
 159;     1.178;    26.099;    88.509; 
 160;     1.170;    26.124;    88.509; 
 161;     1.161;    26.151;    88.509; 
 162;     1.153;    26.178;    88.509; 
 163;     1.142;    26.209;    88.509; 
 164;     1.134;    26.234;    88.509; 
 165;     1.126;    26.256;    88.509; 
 166;     1.114;    26.290;    88.509; 
 167;     1.103;    26.324;    88.509; 
 168;     1.097;    26.339;    88.509; 
 169;     1.083;    26.379;    88.509; 
 170;     1.074;    26.402;    88.509; 
 171;     1.061;    26.447;    88.509; 
 172;     1.053;    26.471;    88.509; 
 173;     1.047;    26.488;    88.509; 
 174;     1.037;    26.513;    88.509; 
 175;     1.027;    26.537;    88.509; 
 176;     1.012;    26.579;    88.509; 
 177;     1.003;    26.603;    88.509; 
 178;      .995;    26.622;    88.509; 
 179;      .982;    26.655;    88.509; 
 180;      .968;    26.694;    88.509; 
 181;      .960;    26.716;    88.509; 
 182;      .948;    26.750;    88.509; 
 183;      .938;    26.779;    88.509; 
 184;      .929;    26.800;    88.509; 
 185;      .918;    26.828;    88.509; 
 186;      .907;    26.859;    88.509; 
 187;      .896;    26.886;    88.509; 
 188;      .886;    26.911;    88.509; 
 189;      .876;    26.935;    88.509; 
 190;      .868;    26.951;    88.509; 
 191;      .861;    26.961;    88.509; 
 192;      .853;    26.972;    88.509; 
 193;      .846;    26.979;    88.509; 
 194;      .841;    26.982;    88.509; 
 195;      .838;    26.983;    88.509; 
 196;      .830;    26.987;    88.509; 
 197;      .796;    27.011;    88.509; 
 198;      .772;    27.029;    88.509; 
 199;      .755;    27.040;    88.509; 
 200;      .751;    27.041;    88.509; 
 201;      .749;    27.039;    88.509; 
 202;      .738;    27.042;    88.509; 
 203;      .712;    27.049;    88.509; 
 204;      .700;    27.051;    88.509; 
 205;      .693;    27.050;    88.509; 
 206;      .674;    27.051;    88.509; 
 207;      .647;    27.052;    88.509; 
 208;      .616;    27.053;    88.509; 
 209;      .585;    27.055;    88.509; 
 210;      .564;    27.054;    88.509; 
 211;      .524;    27.056;    88.509; 
 212;      .492;    27.057;    88.509; 
 213;      .463;    27.058;    88.509; 
 214;      .437;    27.058;    88.509; 
 215;      .404;    27.059;    88.509; 
 216;      .382;    27.059;    88.509; 
 217;      .355;    27.058;    88.509; 
 218;      .310;    27.060;    88.509; 
 219;      .271;    27.062;    88.509; 
 220;      .245;    27.064;    88.509; 
 221;      .228;    27.064;    88.509; 
 222;      .195;    27.064;    88.509; 
 223;      .179;    27.063;    88.509; 
 224;      .160;    27.061;    88.509; 
 225;      .135;    27.058;    88.509; 
 226;      .117;    27.055;    88.509; 
 227;      .111;    27.052;    88.509; 
 228;      .106;    27.049;    88.509; 
 229;      .100;    27.045;    88.509; 
 230;      .090;    27.038;    88.509; 
 231;      .057;    27.021;    88.509; 
 232;      .044;    27.012;    88.509; 
 233;      .036;    27.006;    88.509; 
 234;      .029;    26.999;    88.509; 
 235;      .016;    26.986;    88.509; 
 236;      .001;    26.971;    88.509; 
 237;     -.008;    26.960;    88.509; 
 238;     -.015;    26.948;    88.509; 
 239;     -.021;    26.937;    88.509; 
 240;     -.026;    26.926;    88.509; 
 241;     -.034;    26.910;    88.509; 
 242;     -.038;    26.896;    88.509; 
 243;     -.055;    26.859;    88.509; 
 244;     -.070;    26.826;    88.509; 
 245;     -.075;    26.812;    88.509; 
 246;     -.093;    26.771;    88.509; 
 247;     -.098;    26.758;    88.509; 
 248;     -.113;    26.723;    88.509; 
 249;     -.129;    26.687;    88.509; 
 250;     -.141;    26.660;    88.509; 
 251;     -.151;    26.637;    88.509; 
 252;     -.164;    26.606;    88.509; 
 253;     -.173;    26.584;    88.509; 
 254;     -.186;    26.553;    88.509; 
 255;     -.197;    26.526;    88.509; 
 256;     -.207;    26.501;    88.509; 
 257;     -.220;    26.470;    88.509; 
 258;     -.230;    26.444;    88.509; 
 259;     -.237;    26.424;    88.509; 
 260;     -.253;    26.383;    88.509; 
 261;     -.264;    26.356;    88.509; 
 262;     -.277;    26.325;    88.509; 
 263;     -.287;    26.301;    88.509; 
 264;     -.298;    26.273;    88.509; 
 265;     -.306;    26.250;    88.509; 
 266;     -.317;    26.222;    88.509; 
 267;     -.327;    26.194;    88.509; 
 268;     -.337;    26.166;    88.509; 
 269;     -.349;    26.135;    88.509; 
 270;     -.359;    26.109;    88.509; 
 271;     -.369;    26.080;    88.509; 
 272;     -.377;    26.056;    88.509; 
 273;     -.387;    26.026;    88.509; 
 274;     -.401;    25.989;    88.509; 
 275;     -.407;    25.971;    88.509; 
 276;     -.416;    25.943;    88.509; 
 277;     -.427;    25.910;    88.509; 
 278;     -.435;    25.885;    88.509; 
 279;     -.443;    25.860;    88.509; 
 280;     -.455;    25.825;    88.509; 
 281;     -.466;    25.792;    88.509; 
 282;     -.474;    25.768;    88.509; 
 283;     -.481;    25.743;    88.509; 
 284;     -.491;    25.713;    88.509; 
 285;     -.500;    25.684;    88.509; 
 286;     -.509;    25.652;    88.509; 
 287;     -.516;    25.629;    88.509; 
 288;     -.524;    25.599;    88.509; 
 289;     -.532;    25.572;    88.509; 
 290;     -.540;    25.542;    88.509; 
 291;     -.550;    25.509;    88.509; 
 292;     -.554;    25.490;    88.509; 
 293;     -.560;    25.463;    88.509; 
 294;     -.566;    25.437;    88.509; 
 295;     -.576;    25.399;    88.509; 
 296;     -.579;    25.381;    88.509; 
 297;     -.583;    25.359;    88.509; 
 298;     -.591;    25.322;    88.509; 
 299;     -.612;    25.260;    88.509; 
 300;     -.616;    25.246;    88.509; 
 301;     -.618;    25.233;    88.509; 
 302;     -.620;    25.218;    88.509; 
 303;     -.621;    25.203;    88.509; 
 304;     -.621;    25.193;    88.509; 
 305;     -.621;    25.170;    88.509; 
 306;     -.639;    25.070;    88.509; 
 307;     -.675;    24.991;    88.509; 
 308;     -.678;    24.981;    88.509; 
 309;     -.684;    24.965;    88.509; 
 310;     -.730;    24.886;    88.509; 
 311;     -.944;    24.778;    88.509; 
 312;     -.984;    24.776;    88.509; 
 313;    -1.015;    24.775;    88.509; 
 314;    -1.051;    24.774;    88.509; 
 315;    -1.077;    24.773;    88.509; 
 316;    -1.106;    24.771;    88.509; 
 317;    -1.131;    24.770;    88.509; 
 318;    -1.171;    24.768;    88.509; 
 319;    -1.198;    24.767;    88.509; 
 320;    -1.239;    24.767;    88.509; 
 321;    -1.265;    24.766;    88.509; 
 322;    -1.297;    24.766;    88.509; 
 323;    -1.451;    24.814;    88.509; 
 324;    -1.567;    24.958;    88.509; 
 325;    -1.582;    24.996;    88.509; 
 326;    -1.597;    25.042;    88.509; 
 327;    -1.606;    25.072;    88.509; 
 328;    -1.615;    25.102;    88.509; 
 329;    -1.622;    25.125;    88.509; 
 330;    -1.627;    25.136;    88.509; 
 331;    -1.637;    25.158;    88.509; 
 332;    -1.659;    25.236;    88.509; 
 333;    -1.663;    25.245;    88.509; 
 334;    -1.671;    25.272;    88.509; 
 335;    -1.681;    25.307;    88.509; 
 336;    -1.685;    25.314;    88.509; 
 337;    -1.701;    25.367;    88.509; 
 338;    -1.708;    25.394;    88.509; 
 339;    -1.715;    25.414;    88.509; 
 340;    -1.724;    25.439;    88.509; 
 341;    -1.733;    25.465;    88.509; 
 342;    -1.743;    25.491;    88.509; 
 343;    -1.750;    25.507;    88.509; 
 344;    -1.759;    25.525;    88.509; 
 345;    -1.780;    25.583;    88.509; 
 346;    -1.790;    25.614;    88.509; 
 347;    -1.797;    25.630;    88.509; 
 348;    -1.807;    25.658;    88.509; 
 349;    -1.818;    25.686;    88.509; 
 350;    -1.828;    25.711;    88.509; 
 351;    -1.840;    25.742;    88.509; 
 352;    -1.850;    25.766;    88.509; 
 353;    -1.861;    25.791;    88.509; 
 354;    -1.872;    25.816;    88.509; 
 355;    -1.886;    25.851;    88.509; 
 356;    -1.897;    25.876;    88.509; 
 357;    -1.908;    25.901;    88.509; 
 358;    -1.920;    25.928;    88.509; 
 359;    -1.935;    25.964;    88.509; 
 360;    -1.945;    25.990;    88.509; 
 361;    -1.955;    26.011;    88.509; 
 362;    -1.966;    26.035;    88.509; 
 363;    -1.978;    26.059;    88.509; 
 364;    -1.993;    26.093;    88.509; 
 365;    -2.006;    26.121;    88.509; 
 366;    -2.019;    26.150;    88.509; 
 367;    -2.028;    26.170;    88.509; 
 368;    -2.043;    26.202;    88.509; 
 369;    -2.055;    26.226;    88.509; 
 370;    -2.064;    26.243;    88.509; 
 371;    -2.087;    26.295;    88.509; 
 372;    -2.094;    26.309;    88.509; 
 373;    -2.105;    26.330;    88.509; 
 374;    -2.119;    26.357;    88.509; 
 375;    -2.137;    26.397;    88.509; 
 376;    -2.147;    26.417;    88.509; 
 377;    -2.160;    26.444;    88.509; 
 378;    -2.175;    26.474;    88.509; 
 379;    -2.186;    26.495;    88.509; 
 380;    -2.198;    26.519;    88.509; 
 381;    -2.214;    26.549;    88.509; 
 382;    -2.226;    26.571;    88.509; 
 383;    -2.241;    26.599;    88.509; 
 384;    -2.257;    26.630;    88.509; 
 385;    -2.270;    26.655;    88.509; 
 386;    -2.285;    26.685;    88.509; 
 387;    -2.297;    26.706;    88.509; 
 388;    -2.309;    26.727;    88.509; 
 389;    -2.323;    26.751;    88.509; 
 390;    -2.343;    26.788;    88.509; 
 391;    -2.357;    26.816;    88.509; 
 392;    -2.369;    26.837;    88.509; 
 393;    -2.379;    26.851;    88.509; 
 394;    -2.385;    26.857;    88.509; 
 395;    -2.394;    26.868;    88.509; 
 396;    -2.420;    26.900;    88.509; 
 397;    -2.432;    26.912;    88.509; 
 398;    -2.440;    26.918;    88.509; 
 399;    -2.446;    26.921;    88.509; 
 400;    -2.452;    26.923;    88.509; 
 401;    -2.466;    26.929;    88.509; 
 402;    -2.481;    26.936;    88.509; 
 403;    -2.489;    26.938;    88.509; 
 404;    -2.494;    26.937;    88.509; 
 405;    -2.506;    26.939;    88.509; 
 406;    -2.539;    26.943;    88.509; 
 407;    -2.552;    26.944;    88.509; 
 408;    -2.555;    26.942;    88.509; 
 409;    -2.556;    26.940;    88.509; 
 410;    -2.590;    26.936;    88.509; 
 411;    -2.651;    26.934;    88.509; 
 412;    -2.686;    26.934;    88.509; 
 413;    -2.699;    26.933;    88.509; 
 414;    -2.709;    26.931;    88.509; 
 415;    -2.751;    26.927;    88.509; 
 416;    -2.796;    26.925;    88.509; 
