[A]
   1;     3.666;    26.680;    88.510; 
   2;     3.636;    26.687;    88.510; 
   3;     3.623;    26.688;    88.510; 
   4;     3.599;    26.691;    88.510; 
   5;     3.568;    26.696;    88.510; 
   6;     3.541;    26.699;    88.510; 
   7;     3.508;    26.704;    88.510; 
   8;     3.478;    26.708;    88.510; 
   9;     3.455;    26.710;    88.510; 
  10;     3.424;    26.714;    88.510; 
  11;     3.389;    26.718;    88.510; 
  12;     3.359;    26.722;    88.510; 
  13;     3.330;    26.726;    88.510; 
  14;     3.297;    26.730;    88.510; 
  15;     3.268;    26.734;    88.510; 
  16;     3.243;    26.737;    88.510; 
  17;     3.206;    26.741;    88.510; 
  18;     3.176;    26.746;    88.510; 
  19;     3.161;    26.746;    88.510; 
  20;     3.146;    26.746;    88.510; 
  21;     3.127;    26.745;    88.510; 
  22;     3.114;    26.743;    88.510; 
  23;     3.101;    26.739;    88.510; 
  24;     3.090;    26.736;    88.510; 
  25;     3.075;    26.730;    88.510; 
  26;     3.063;    26.725;    88.510; 
  27;     3.053;    26.719;    88.510; 
  28;     3.048;    26.714;    88.510; 
  29;     3.031;    26.702;    88.510; 
  30;     3.016;    26.690;    88.510; 
  31;     3.008;    26.683;    88.510; 
  32;     3.000;    26.673;    88.510; 
  33;     2.995;    26.665;    88.510; 
  34;     2.982;    26.647;    88.510; 
  35;     2.968;    26.626;    88.510; 
  36;     2.958;    26.611;    88.510; 
  37;     2.946;    26.590;    88.510; 
  38;     2.934;    26.568;    88.510; 
  39;     2.918;    26.539;    88.510; 
  40;     2.901;    26.510;    88.510; 
  41;     2.886;    26.484;    88.510; 
  42;     2.873;    26.460;    88.510; 
  43;     2.860;    26.436;    88.510; 
  44;     2.843;    26.406;    88.510; 
  45;     2.828;    26.380;    88.510; 
  46;     2.816;    26.356;    88.510; 
  47;     2.799;    26.327;    88.510; 
  48;     2.786;    26.302;    88.510; 
  49;     2.771;    26.276;    88.510; 
  50;     2.757;    26.250;    88.510; 
  51;     2.744;    26.225;    88.510; 
  52;     2.728;    26.195;    88.510; 
  53;     2.715;    26.172;    88.510; 
  54;     2.700;    26.144;    88.510; 
  55;     2.687;    26.118;    88.510; 
  56;     2.675;    26.094;    88.510; 
  57;     2.660;    26.066;    88.510; 
  58;     2.642;    26.033;    88.510; 
  59;     2.631;    26.011;    88.510; 
  60;     2.618;    25.984;    88.510; 
  61;     2.605;    25.959;    88.510; 
  62;     2.592;    25.932;    88.510; 
  63;     2.578;    25.904;    88.510; 
  64;     2.566;    25.880;    88.510; 
  65;     2.552;    25.852;    88.510; 
  66;     2.538;    25.823;    88.510; 
  67;     2.524;    25.795;    88.510; 
  68;     2.513;    25.770;    88.510; 
  69;     2.503;    25.748;    88.510; 
  70;     2.488;    25.716;    88.510; 
  71;     2.475;    25.689;    88.510; 
  72;     2.464;    25.664;    88.510; 
  73;     2.454;    25.641;    88.510; 
  74;     2.440;    25.610;    88.510; 
  75;     2.422;    25.574;    88.510; 
  76;     2.413;    25.552;    88.510; 
  77;     2.402;    25.527;    88.510; 
  78;     2.391;    25.501;    88.510; 
  79;     2.379;    25.473;    88.510; 
  80;     2.368;    25.448;    88.510; 
  81;     2.355;    25.418;    88.510; 
  82;     2.342;    25.388;    88.510; 
  83;     2.331;    25.362;    88.510; 
  84;     2.321;    25.337;    88.510; 
  85;     2.312;    25.313;    88.510; 
  86;     2.301;    25.284;    88.510; 
  87;     2.287;    25.250;    88.510; 
  88;     2.279;    25.228;    88.510; 
  89;     2.269;    25.200;    88.510; 
  90;     2.257;    25.169;    88.510; 
  91;     2.247;    25.141;    88.510; 
  92;     2.236;    25.112;    88.510; 
  93;     2.226;    25.086;    88.510; 
  94;     2.218;    25.061;    88.510; 
  95;     2.209;    25.034;    88.510; 
  96;     2.204;    25.014;    88.510; 
  97;     2.198;    24.992;    88.510; 
  98;     2.181;    24.940;    88.510; 
  99;     2.180;    24.933;    88.510; 
 100;     2.159;    24.872;    88.510; 
 101;     2.143;    24.836;    88.510; 
 102;     2.141;    24.826;    88.510; 
 103;     2.125;    24.786;    88.510; 
 104;     2.096;    24.731;    88.510; 
 105;     2.002;    24.633;    88.510; 
 106;     1.818;    24.586;    88.510; 
 107;     1.777;    24.589;    88.510; 
 108;     1.746;    24.591;    88.510; 
 109;     1.713;    24.594;    88.510; 
 110;     1.692;    24.594;    88.510; 
 111;     1.664;    24.595;    88.510; 
 112;     1.619;    24.599;    88.510; 
 113;     1.597;    24.600;    88.510; 
 114;     1.552;    24.605;    88.510; 
 115;     1.525;    24.607;    88.510; 
 116;     1.502;    24.609;    88.510; 
 117;     1.468;    24.612;    88.510; 
 118;     1.294;    24.703;    88.510; 
 119;     1.222;    24.829;    88.510; 
 120;     1.213;    24.856;    88.510; 
 121;     1.199;    24.914;    88.510; 
 122;     1.192;    24.941;    88.510; 
 123;     1.185;    24.987;    88.510; 
 124;     1.179;    25.023;    88.510; 
 125;     1.176;    25.043;    88.510; 
 126;     1.171;    25.068;    88.510; 
 127;     1.165;    25.102;    88.510; 
 128;     1.160;    25.128;    88.510; 
 129;     1.157;    25.133;    88.510; 
 130;     1.145;    25.193;    88.510; 
 131;     1.140;    25.233;    88.510; 
 132;     1.137;    25.247;    88.510; 
 133;     1.132;    25.271;    88.510; 
 134;     1.126;    25.293;    88.510; 
 135;     1.118;    25.328;    88.510; 
 136;     1.112;    25.356;    88.510; 
 137;     1.106;    25.381;    88.510; 
 138;     1.098;    25.411;    88.510; 
 139;     1.091;    25.440;    88.510; 
 140;     1.084;    25.466;    88.510; 
 141;     1.076;    25.493;    88.510; 
 142;     1.068;    25.522;    88.510; 
 143;     1.059;    25.556;    88.510; 
 144;     1.053;    25.575;    88.510; 
 145;     1.044;    25.602;    88.510; 
 146;     1.034;    25.642;    88.510; 
 147;     1.027;    25.666;    88.510; 
 148;     1.019;    25.690;    88.510; 
 149;     1.008;    25.729;    88.510; 
 150;     1.001;    25.755;    88.510; 
 151;      .994;    25.777;    88.510; 
 152;      .985;    25.803;    88.510; 
 153;      .973;    25.846;    88.510; 
 154;      .965;    25.870;    88.510; 
 155;      .958;    25.892;    88.510; 
 156;      .950;    25.913;    88.510; 
 157;      .937;    25.956;    88.510; 
 158;      .928;    25.983;    88.510; 
 159;      .922;    25.997;    88.510; 
 160;      .908;    26.042;    88.510; 
 161;      .899;    26.073;    88.510; 
 162;      .892;    26.095;    88.510; 
 163;      .883;    26.119;    88.510; 
 164;      .874;    26.145;    88.510; 
 165;      .863;    26.175;    88.510; 
 166;      .854;    26.199;    88.510; 
 167;      .843;    26.226;    88.510; 
 168;      .831;    26.257;    88.510; 
 169;      .819;    26.295;    88.510; 
 170;      .810;    26.320;    88.510; 
 171;      .802;    26.340;    88.510; 
 172;      .794;    26.357;    88.510; 
 173;      .787;    26.369;    88.510; 
 174;      .769;    26.407;    88.510; 
 175;      .750;    26.456;    88.510; 
 176;      .737;    26.500;    88.510; 
 177;      .730;    26.525;    88.510; 
 178;      .721;    26.550;    88.510; 
 179;      .714;    26.571;    88.510; 
 180;      .707;    26.584;    88.510; 
 181;      .695;    26.614;    88.510; 
 182;      .684;    26.639;    88.510; 
 183;      .672;    26.666;    88.510; 
 184;      .654;    26.712;    88.510; 
 185;      .645;    26.736;    88.510; 
 186;      .637;    26.752;    88.510; 
 187;      .625;    26.780;    88.510; 
 188;      .611;    26.814;    88.510; 
 189;      .605;    26.826;    88.510; 
 190;      .599;    26.833;    88.510; 
 191;      .589;    26.847;    88.510; 
 192;      .578;    26.860;    88.510; 
 193;      .572;    26.865;    88.510; 
 194;      .567;    26.867;    88.510; 
 195;      .556;    26.875;    88.510; 
 196;      .537;    26.887;    88.510; 
 197;      .530;    26.890;    88.510; 
 198;      .526;    26.890;    88.510; 
 199;      .505;    26.898;    88.510; 
 200;      .467;    26.914;    88.510; 
 201;      .454;    26.919;    88.510; 
 202;      .443;    26.921;    88.510; 
 203;      .435;    26.921;    88.510; 
 204;      .428;    26.920;    88.510; 
 205;      .415;    26.920;    88.510; 
 206;      .403;    26.918;    88.510; 
 207;      .353;    26.918;    88.510; 
 208;      .317;    26.920;    88.510; 
 209;      .283;    26.921;    88.510; 
 210;      .260;    26.922;    88.510; 
 211;      .234;    26.922;    88.510; 
 212;      .207;    26.922;    88.510; 
 213;      .175;    26.922;    88.510; 
 214;      .143;    26.922;    88.510; 
 215;      .115;    26.922;    88.510; 
 216;      .085;    26.922;    88.510; 
 217;      .053;    26.922;    88.510; 
 218;      .024;    26.922;    88.510; 
 219;     -.002;    26.921;    88.510; 
 220;     -.038;    26.921;    88.510; 
 221;     -.067;    26.921;    88.510; 
 222;     -.100;    26.921;    88.510; 
 223;     -.114;    26.919;    88.510; 
 224;     -.124;    26.917;    88.510; 
 225;     -.140;    26.913;    88.510; 
 226;     -.159;    26.908;    88.510; 
 227;     -.165;    26.905;    88.510; 
 228;     -.174;    26.900;    88.510; 
 229;     -.194;    26.890;    88.510; 
 230;     -.203;    26.883;    88.510; 
 231;     -.206;    26.879;    88.510; 
 232;     -.217;    26.870;    88.510; 
 233;     -.233;    26.855;    88.510; 
 234;     -.243;    26.843;    88.510; 
 235;     -.248;    26.835;    88.510; 
 236;     -.268;    26.809;    88.510; 
 237;     -.273;    26.800;    88.510; 
 238;     -.282;    26.784;    88.510; 
 239;     -.290;    26.769;    88.510; 
 240;     -.296;    26.753;    88.510; 
 241;     -.302;    26.736;    88.510; 
 242;     -.318;    26.699;    88.510; 
 243;     -.332;    26.667;    88.510; 
 244;     -.342;    26.645;    88.510; 
 245;     -.353;    26.619;    88.510; 
 246;     -.364;    26.590;    88.510; 
 247;     -.374;    26.565;    88.510; 
 248;     -.386;    26.537;    88.510; 
 249;     -.396;    26.510;    88.510; 
 250;     -.407;    26.482;    88.510; 
 251;     -.419;    26.451;    88.510; 
 252;     -.432;    26.420;    88.510; 
 253;     -.442;    26.395;    88.510; 
 254;     -.452;    26.370;    88.510; 
 255;     -.464;    26.338;    88.510; 
 256;     -.474;    26.312;    88.510; 
 257;     -.484;    26.285;    88.510; 
 258;     -.495;    26.256;    88.510; 
 259;     -.506;    26.228;    88.510; 
 260;     -.517;    26.198;    88.510; 
 261;     -.527;    26.170;    88.510; 
 262;     -.536;    26.146;    88.510; 
 263;     -.545;    26.118;    88.510; 
 264;     -.555;    26.089;    88.510; 
 265;     -.568;    26.055;    88.510; 
 266;     -.576;    26.030;    88.510; 
 267;     -.586;    26.003;    88.510; 
 268;     -.595;    25.975;    88.510; 
 269;     -.605;    25.945;    88.510; 
 270;     -.614;    25.917;    88.510; 
 271;     -.624;    25.887;    88.510; 
 272;     -.633;    25.861;    88.510; 
 273;     -.642;    25.834;    88.510; 
 274;     -.650;    25.807;    88.510; 
 275;     -.660;    25.774;    88.510; 
 276;     -.669;    25.748;    88.510; 
 277;     -.677;    25.720;    88.510; 
 278;     -.685;    25.692;    88.510; 
 279;     -.693;    25.667;    88.510; 
 280;     -.702;    25.633;    88.510; 
 281;     -.710;    25.608;    88.510; 
 282;     -.722;    25.569;    88.510; 
 283;     -.728;    25.548;    88.510; 
 284;     -.731;    25.531;    88.510; 
 285;     -.743;    25.488;    88.510; 
 286;     -.753;    25.455;    88.510; 
 287;     -.758;    25.436;    88.510; 
 288;     -.764;    25.411;    88.510; 
 289;     -.775;    25.372;    88.510; 
 290;     -.783;    25.342;    88.510; 
 291;     -.789;    25.318;    88.510; 
 292;     -.796;    25.291;    88.510; 
 293;     -.803;    25.263;    88.510; 
 294;     -.810;    25.233;    88.510; 
 295;     -.816;    25.207;    88.510; 
 296;     -.822;    25.179;    88.510; 
 297;     -.827;    25.151;    88.510; 
 298;     -.837;    25.113;    88.510; 
 299;     -.841;    25.090;    88.510; 
 300;     -.847;    25.062;    88.510; 
 301;     -.854;    25.030;    88.510; 
 302;     -.861;    25.000;    88.510; 
 303;     -.865;    24.977;    88.510; 
 304;     -.869;    24.952;    88.510; 
 305;     -.874;    24.923;    88.510; 
 306;     -.882;    24.884;    88.510; 
 307;     -.903;    24.819;    88.510; 
 308;     -.912;    24.794;    88.510; 
 309;    -1.082;    24.635;    88.510; 
 310;    -1.192;    24.616;    88.510; 
 311;    -1.235;    24.616;    88.510; 
 312;    -1.254;    24.614;    88.510; 
 313;    -1.278;    24.613;    88.510; 
 314;    -1.312;    24.611;    88.510; 
 315;    -1.338;    24.609;    88.510; 
 316;    -1.362;    24.607;    88.510; 
 317;    -1.393;    24.604;    88.510; 
 318;    -1.438;    24.602;    88.510; 
 319;    -1.461;    24.600;    88.510; 
 320;    -1.492;    24.598;    88.510; 
 321;    -1.557;    24.601;    88.510; 
 322;    -1.753;    24.720;    88.510; 
 323;    -1.798;    24.805;    88.510; 
 324;    -1.811;    24.837;    88.510; 
 325;    -1.826;    24.881;    88.510; 
 326;    -1.835;    24.909;    88.510; 
 327;    -1.844;    24.934;    88.510; 
 328;    -1.856;    24.973;    88.510; 
 329;    -1.865;    25.003;    88.510; 
 330;    -1.873;    25.032;    88.510; 
 331;    -1.882;    25.062;    88.510; 
 332;    -1.889;    25.080;    88.510; 
 333;    -1.898;    25.106;    88.510; 
 334;    -1.908;    25.134;    88.510; 
 335;    -1.921;    25.174;    88.510; 
 336;    -1.929;    25.196;    88.510; 
 337;    -1.938;    25.219;    88.510; 
 338;    -1.949;    25.246;    88.510; 
 339;    -1.961;    25.281;    88.510; 
 340;    -1.971;    25.308;    88.510; 
 341;    -1.981;    25.335;    88.510; 
 342;    -1.991;    25.361;    88.510; 
 343;    -2.002;    25.389;    88.510; 
 344;    -2.012;    25.412;    88.510; 
 345;    -2.025;    25.446;    88.510; 
 346;    -2.037;    25.477;    88.510; 
 347;    -2.047;    25.502;    88.510; 
 348;    -2.057;    25.528;    88.510; 
 349;    -2.068;    25.554;    88.510; 
 350;    -2.080;    25.581;    88.510; 
 351;    -2.092;    25.609;    88.510; 
 352;    -2.103;    25.634;    88.510; 
 353;    -2.115;    25.662;    88.510; 
 354;    -2.128;    25.689;    88.510; 
 355;    -2.140;    25.717;    88.510; 
 356;    -2.153;    25.746;    88.510; 
 357;    -2.165;    25.772;    88.510; 
 358;    -2.175;    25.793;    88.510; 
 359;    -2.190;    25.826;    88.510; 
 360;    -2.202;    25.850;    88.510; 
 361;    -2.215;    25.881;    88.510; 
 362;    -2.228;    25.906;    88.510; 
 363;    -2.240;    25.933;    88.510; 
 364;    -2.253;    25.959;    88.510; 
 365;    -2.266;    25.986;    88.510; 
 366;    -2.280;    26.016;    88.510; 
 367;    -2.291;    26.037;    88.510; 
 368;    -2.307;    26.070;    88.510; 
 369;    -2.320;    26.097;    88.510; 
 370;    -2.333;    26.122;    88.510; 
 371;    -2.346;    26.150;    88.510; 
 372;    -2.358;    26.172;    88.510; 
 373;    -2.372;    26.198;    88.510; 
 374;    -2.388;    26.230;    88.510; 
 375;    -2.402;    26.258;    88.510; 
 376;    -2.411;    26.274;    88.510; 
 377;    -2.428;    26.306;    88.510; 
 378;    -2.442;    26.333;    88.510; 
 379;    -2.456;    26.359;    88.510; 
 380;    -2.471;    26.389;    88.510; 
 381;    -2.482;    26.409;    88.510; 
 382;    -2.499;    26.439;    88.510; 
 383;    -2.512;    26.463;    88.510; 
 384;    -2.528;    26.492;    88.510; 
 385;    -2.544;    26.522;    88.510; 
 386;    -2.557;    26.545;    88.510; 
 387;    -2.568;    26.565;    88.510; 
 388;    -2.587;    26.599;    88.510; 
 389;    -2.601;    26.623;    88.510; 
 390;    -2.612;    26.640;    88.510; 
 391;    -2.629;    26.668;    88.510; 
 392;    -2.641;    26.686;    88.510; 
 393;    -2.648;    26.693;    88.510; 
 394;    -2.663;    26.710;    88.510; 
 395;    -2.673;    26.720;    88.510; 
 396;    -2.680;    26.725;    88.510; 
 397;    -2.692;    26.733;    88.510; 
 398;    -2.714;    26.748;    88.510; 
 399;    -2.728;    26.756;    88.510; 
 400;    -2.734;    26.758;    88.510; 
 401;    -2.743;    26.760;    88.510; 
 402;    -2.757;    26.764;    88.510; 
 403;    -2.769;    26.766;    88.510; 
 404;    -2.793;    26.770;    88.510; 
 405;    -2.799;    26.769;    88.510; 
 406;    -2.810;    26.768;    88.510; 
 407;    -2.834;    26.768;    88.510; 
 408;    -2.849;    26.766;    88.510; 
 409;    -2.874;    26.763;    88.510; 
 410;    -2.904;    26.760;    88.510; 
