[A]
   1;     3.429;    26.875;    88.509; 
   2;     3.399;    26.879;    88.509; 
   3;     3.362;    26.885;    88.509; 
   4;     3.339;    26.888;    88.509; 
   5;     3.312;    26.892;    88.509; 
   6;     3.281;    26.896;    88.509; 
   7;     3.255;    26.898;    88.509; 
   8;     3.225;    26.902;    88.509; 
   9;     3.190;    26.906;    88.509; 
  10;     3.157;    26.911;    88.509; 
  11;     3.133;    26.913;    88.509; 
  12;     3.103;    26.916;    88.509; 
  13;     3.067;    26.921;    88.509; 
  14;     3.036;    26.925;    88.509; 
  15;     3.009;    26.929;    88.509; 
  16;     2.985;    26.931;    88.509; 
  17;     2.965;    26.932;    88.509; 
  18;     2.939;    26.933;    88.509; 
  19;     2.915;    26.933;    88.509; 
  20;     2.899;    26.931;    88.509; 
  21;     2.891;    26.929;    88.509; 
  22;     2.880;    26.926;    88.509; 
  23;     2.868;    26.922;    88.509; 
  24;     2.858;    26.917;    88.509; 
  25;     2.849;    26.912;    88.509; 
  26;     2.837;    26.904;    88.509; 
  27;     2.822;    26.894;    88.509; 
  28;     2.814;    26.887;    88.509; 
  29;     2.808;    26.881;    88.509; 
  30;     2.797;    26.870;    88.509; 
  31;     2.783;    26.853;    88.509; 
  32;     2.775;    26.842;    88.509; 
  33;     2.765;    26.828;    88.509; 
  34;     2.740;    26.795;    88.509; 
  35;     2.732;    26.782;    88.509; 
  36;     2.725;    26.770;    88.509; 
  37;     2.717;    26.753;    88.509; 
  38;     2.697;    26.717;    88.509; 
  39;     2.682;    26.690;    88.509; 
  40;     2.676;    26.677;    88.509; 
  41;     2.655;    26.640;    88.509; 
  42;     2.633;    26.603;    88.509; 
  43;     2.618;    26.579;    88.509; 
  44;     2.607;    26.559;    88.509; 
  45;     2.595;    26.536;    88.509; 
  46;     2.583;    26.514;    88.509; 
  47;     2.568;    26.485;    88.509; 
  48;     2.551;    26.453;    88.509; 
  49;     2.537;    26.427;    88.509; 
  50;     2.519;    26.397;    88.509; 
  51;     2.509;    26.376;    88.509; 
  52;     2.497;    26.353;    88.509; 
  53;     2.481;    26.323;    88.509; 
  54;     2.470;    26.301;    88.509; 
  55;     2.459;    26.277;    88.509; 
  56;     2.437;    26.236;    88.509; 
  57;     2.425;    26.214;    88.509; 
  58;     2.413;    26.190;    88.509; 
  59;     2.400;    26.164;    88.509; 
  60;     2.388;    26.139;    88.509; 
  61;     2.376;    26.114;    88.509; 
  62;     2.362;    26.085;    88.509; 
  63;     2.349;    26.058;    88.509; 
  64;     2.335;    26.029;    88.509; 
  65;     2.321;    26.000;    88.509; 
  66;     2.310;    25.978;    88.509; 
  67;     2.298;    25.952;    88.509; 
  68;     2.283;    25.920;    88.509; 
  69;     2.272;    25.896;    88.509; 
  70;     2.263;    25.875;    88.509; 
  71;     2.253;    25.850;    88.509; 
  72;     2.236;    25.813;    88.509; 
  73;     2.221;    25.782;    88.509; 
  74;     2.210;    25.758;    88.509; 
  75;     2.201;    25.737;    88.509; 
  76;     2.191;    25.713;    88.509; 
  77;     2.180;    25.684;    88.509; 
  78;     2.167;    25.653;    88.509; 
  79;     2.153;    25.621;    88.509; 
  80;     2.135;    25.583;    88.509; 
  81;     2.126;    25.563;    88.509; 
  82;     2.117;    25.542;    88.509; 
  83;     2.107;    25.515;    88.509; 
  84;     2.097;    25.490;    88.509; 
  85;     2.085;    25.458;    88.509; 
  86;     2.075;    25.433;    88.509; 
  87;     2.068;    25.412;    88.509; 
  88;     2.055;    25.378;    88.509; 
  89;     2.042;    25.345;    88.509; 
  90;     2.033;    25.321;    88.509; 
  91;     2.025;    25.298;    88.509; 
  92;     2.015;    25.269;    88.509; 
  93;     2.003;    25.236;    88.509; 
  94;     1.993;    25.209;    88.509; 
  95;     1.986;    25.187;    88.509; 
  96;     1.978;    25.160;    88.509; 
  97;     1.968;    25.130;    88.509; 
  98;     1.958;    25.098;    88.509; 
  99;     1.946;    25.066;    88.509; 
 100;     1.937;    25.039;    88.509; 
 101;     1.924;    25.003;    88.509; 
 102;     1.910;    24.968;    88.509; 
 103;     1.885;    24.919;    88.509; 
 104;     1.768;    24.806;    88.509; 
 105;     1.589;    24.773;    88.509; 
 106;     1.563;    24.775;    88.509; 
 107;     1.547;    24.774;    88.509; 
 108;     1.485;    24.781;    88.509; 
 109;     1.458;    24.784;    88.509; 
 110;     1.442;    24.784;    88.509; 
 111;     1.419;    24.785;    88.509; 
 112;     1.369;    24.789;    88.509; 
 113;     1.345;    24.791;    88.509; 
 114;     1.320;    24.792;    88.509; 
 115;     1.290;    24.794;    88.509; 
 116;     1.237;    24.800;    88.509; 
 117;     1.067;    24.904;    88.509; 
 118;     1.006;    25.028;    88.509; 
 119;      .997;    25.061;    88.509; 
 120;      .986;    25.107;    88.509; 
 121;      .979;    25.151;    88.509; 
 122;      .976;    25.166;    88.509; 
 123;      .969;    25.218;    88.509; 
 124;      .965;    25.245;    88.509; 
 125;      .962;    25.257;    88.509; 
 126;      .956;    25.282;    88.509; 
 127;      .947;    25.332;    88.509; 
 128;      .944;    25.349;    88.509; 
 129;      .938;    25.371;    88.509; 
 130;      .931;    25.405;    88.509; 
 131;      .924;    25.439;    88.509; 
 132;      .918;    25.467;    88.509; 
 133;      .912;    25.492;    88.509; 
 134;      .906;    25.513;    88.509; 
 135;      .900;    25.534;    88.509; 
 136;      .889;    25.575;    88.509; 
 137;      .881;    25.612;    88.509; 
 138;      .876;    25.630;    88.509; 
 139;      .867;    25.664;    88.509; 
 140;      .860;    25.692;    88.509; 
 141;      .853;    25.717;    88.509; 
 142;      .844;    25.753;    88.509; 
 143;      .837;    25.777;    88.509; 
 144;      .829;    25.808;    88.509; 
 145;      .822;    25.833;    88.509; 
 146;      .817;    25.844;    88.509; 
 147;      .809;    25.863;    88.509; 
 148;      .792;    25.915;    88.509; 
 149;      .783;    25.945;    88.509; 
 150;      .772;    25.989;    88.509; 
 151;      .766;    26.016;    88.509; 
 152;      .759;    26.039;    88.509; 
 153;      .752;    26.063;    88.509; 
 154;      .744;    26.088;    88.509; 
 155;      .736;    26.114;    88.509; 
 156;      .726;    26.144;    88.509; 
 157;      .718;    26.166;    88.509; 
 158;      .709;    26.190;    88.509; 
 159;      .696;    26.229;    88.509; 
 160;      .686;    26.258;    88.509; 
 161;      .679;    26.277;    88.509; 
 162;      .666;    26.315;    88.509; 
 163;      .658;    26.337;    88.509; 
 164;      .649;    26.358;    88.509; 
 165;      .634;    26.405;    88.509; 
 166;      .628;    26.417;    88.509; 
 167;      .617;    26.446;    88.509; 
 168;      .603;    26.488;    88.509; 
 169;      .594;    26.512;    88.509; 
 170;      .586;    26.532;    88.509; 
 171;      .575;    26.560;    88.509; 
 172;      .563;    26.591;    88.509; 
 173;      .555;    26.611;    88.509; 
 174;      .542;    26.645;    88.509; 
 175;      .531;    26.673;    88.509; 
 176;      .521;    26.696;    88.509; 
 177;      .509;    26.729;    88.509; 
 178;      .499;    26.752;    88.509; 
 179;      .486;    26.784;    88.509; 
 180;      .475;    26.811;    88.509; 
 181;      .464;    26.839;    88.509; 
 182;      .450;    26.873;    88.509; 
 183;      .441;    26.896;    88.509; 
 184;      .430;    26.921;    88.509; 
 185;      .418;    26.951;    88.509; 
 186;      .410;    26.964;    88.509; 
 187;      .401;    26.980;    88.509; 
 188;      .393;    26.992;    88.509; 
 189;      .380;    27.011;    88.509; 
 190;      .371;    27.022;    88.509; 
 191;      .365;    27.027;    88.509; 
 192;      .359;    27.030;    88.509; 
 193;      .339;    27.046;    88.509; 
 194;      .313;    27.067;    88.509; 
 195;      .303;    27.074;    88.509; 
 196;      .295;    27.077;    88.509; 
 197;      .289;    27.079;    88.509; 
 198;      .274;    27.084;    88.509; 
 199;      .250;    27.092;    88.509; 
 200;      .242;    27.093;    88.509; 
 201;      .232;    27.094;    88.509; 
 202;      .208;    27.097;    88.509; 
 203;      .183;    27.100;    88.509; 
 204;      .164;    27.101;    88.509; 
 205;      .146;    27.101;    88.509; 
 206;      .123;    27.100;    88.509; 
 207;      .095;    27.100;    88.509; 
 208;      .051;    27.101;    88.509; 
 209;      .027;    27.101;    88.509; 
 210;    -0.000;    27.101;    88.509; 
 211;     -.031;    27.101;    88.509; 
 212;     -.068;    27.101;    88.509; 
 213;     -.094;    27.101;    88.509; 
 214;     -.121;    27.101;    88.509; 
 215;     -.153;    27.101;    88.509; 
 216;     -.191;    27.102;    88.509; 
 217;     -.214;    27.101;    88.509; 
 218;     -.252;    27.102;    88.509; 
 219;     -.288;    27.104;    88.509; 
 220;     -.305;    27.103;    88.509; 
 221;     -.318;    27.101;    88.509; 
 222;     -.337;    27.099;    88.509; 
 223;     -.353;    27.095;    88.509; 
 224;     -.360;    27.092;    88.509; 
 225;     -.364;    27.089;    88.509; 
 226;     -.372;    27.084;    88.509; 
 227;     -.406;    27.068;    88.509; 
 228;     -.429;    27.057;    88.509; 
 229;     -.438;    27.050;    88.509; 
 230;     -.445;    27.044;    88.509; 
 231;     -.452;    27.037;    88.509; 
 232;     -.455;    27.032;    88.509; 
 233;     -.458;    27.026;    88.509; 
 234;     -.464;    27.016;    88.509; 
 235;     -.471;    27.003;    88.509; 
 236;     -.491;    26.970;    88.509; 
 237;     -.502;    26.950;    88.509; 
 238;     -.509;    26.935;    88.509; 
 239;     -.517;    26.917;    88.509; 
 240;     -.527;    26.893;    88.509; 
 241;     -.537;    26.867;    88.509; 
 242;     -.550;    26.837;    88.509; 
 243;     -.560;    26.812;    88.509; 
 244;     -.573;    26.780;    88.509; 
 245;     -.585;    26.751;    88.509; 
 246;     -.594;    26.729;    88.509; 
 247;     -.605;    26.700;    88.509; 
 248;     -.617;    26.672;    88.509; 
 249;     -.628;    26.643;    88.509; 
 250;     -.639;    26.615;    88.509; 
 251;     -.649;    26.588;    88.509; 
 252;     -.661;    26.558;    88.509; 
 253;     -.672;    26.531;    88.509; 
 254;     -.682;    26.505;    88.509; 
 255;     -.693;    26.474;    88.509; 
 256;     -.701;    26.451;    88.509; 
 257;     -.707;    26.433;    88.509; 
 258;     -.724;    26.388;    88.509; 
 259;     -.737;    26.355;    88.509; 
 260;     -.746;    26.331;    88.509; 
 261;     -.756;    26.303;    88.509; 
 262;     -.764;    26.280;    88.509; 
 263;     -.774;    26.251;    88.509; 
 264;     -.785;    26.220;    88.509; 
 265;     -.794;    26.194;    88.509; 
 266;     -.805;    26.163;    88.509; 
 267;     -.817;    26.131;    88.509; 
 268;     -.823;    26.111;    88.509; 
 269;     -.828;    26.090;    88.509; 
 270;     -.841;    26.051;    88.509; 
 271;     -.851;    26.022;    88.509; 
 272;     -.863;    25.988;    88.509; 
 273;     -.870;    25.965;    88.509; 
 274;     -.878;    25.940;    88.509; 
 275;     -.888;    25.908;    88.509; 
 276;     -.895;    25.884;    88.509; 
 277;     -.904;    25.854;    88.509; 
 278;     -.913;    25.823;    88.509; 
 279;     -.921;    25.798;    88.509; 
 280;     -.931;    25.765;    88.509; 
 281;     -.937;    25.742;    88.509; 
 282;     -.940;    25.726;    88.509; 
 283;     -.946;    25.698;    88.509; 
 284;     -.965;    25.637;    88.509; 
 285;     -.971;    25.615;    88.509; 
 286;     -.978;    25.593;    88.509; 
 287;     -.984;    25.568;    88.509; 
 288;     -.990;    25.544;    88.509; 
 289;     -.994;    25.521;    88.509; 
 290;    -1.009;    25.469;    88.509; 
 291;    -1.015;    25.448;    88.509; 
 292;    -1.018;    25.432;    88.509; 
 293;    -1.021;    25.412;    88.509; 
 294;    -1.033;    25.363;    88.509; 
 295;    -1.043;    25.327;    88.509; 
 296;    -1.047;    25.307;    88.509; 
 297;    -1.050;    25.291;    88.509; 
 298;    -1.056;    25.258;    88.509; 
 299;    -1.063;    25.223;    88.509; 
 300;    -1.067;    25.202;    88.509; 
 301;    -1.069;    25.183;    88.509; 
 302;    -1.075;    25.145;    88.509; 
 303;    -1.087;    25.093;    88.509; 
 304;    -1.095;    25.065;    88.509; 
 305;    -1.104;    25.030;    88.509; 
 306;    -1.113;    25.000;    88.509; 
 307;    -1.205;    24.865;    88.509; 
 308;    -1.378;    24.797;    88.509; 
 309;    -1.411;    24.794;    88.509; 
 310;    -1.442;    24.791;    88.509; 
 311;    -1.495;    24.790;    88.509; 
 312;    -1.519;    24.789;    88.509; 
 313;    -1.539;    24.787;    88.509; 
 314;    -1.563;    24.785;    88.509; 
 315;    -1.619;    24.784;    88.509; 
 316;    -1.632;    24.782;    88.509; 
 317;    -1.655;    24.780;    88.509; 
 318;    -1.692;    24.777;    88.509; 
 319;    -1.738;    24.777;    88.509; 
 320;    -1.882;    24.820;    88.509; 
 321;    -2.002;    24.953;    88.509; 
 322;    -2.023;    25.004;    88.509; 
 323;    -2.037;    25.045;    88.509; 
 324;    -2.047;    25.075;    88.509; 
 325;    -2.057;    25.104;    88.509; 
 326;    -2.066;    25.129;    88.509; 
 327;    -2.079;    25.175;    88.509; 
 328;    -2.085;    25.197;    88.509; 
 329;    -2.094;    25.222;    88.509; 
 330;    -2.104;    25.253;    88.509; 
 331;    -2.112;    25.278;    88.509; 
 332;    -2.123;    25.309;    88.509; 
 333;    -2.131;    25.331;    88.509; 
 334;    -2.140;    25.357;    88.509; 
 335;    -2.153;    25.392;    88.509; 
 336;    -2.162;    25.420;    88.509; 
 337;    -2.171;    25.442;    88.509; 
 338;    -2.180;    25.465;    88.509; 
 339;    -2.191;    25.490;    88.509; 
 340;    -2.205;    25.525;    88.509; 
 341;    -2.216;    25.556;    88.509; 
 342;    -2.227;    25.584;    88.509; 
 343;    -2.235;    25.605;    88.509; 
 344;    -2.247;    25.633;    88.509; 
 345;    -2.259;    25.662;    88.509; 
 346;    -2.269;    25.684;    88.509; 
 347;    -2.282;    25.715;    88.509; 
 348;    -2.298;    25.756;    88.509; 
 349;    -2.307;    25.777;    88.509; 
 350;    -2.316;    25.798;    88.509; 
 351;    -2.328;    25.823;    88.509; 
 352;    -2.342;    25.858;    88.509; 
 353;    -2.353;    25.882;    88.509; 
 354;    -2.365;    25.909;    88.509; 
 355;    -2.377;    25.935;    88.509; 
 356;    -2.391;    25.964;    88.509; 
 357;    -2.403;    25.992;    88.509; 
 358;    -2.414;    26.012;    88.509; 
 359;    -2.429;    26.044;    88.509; 
 360;    -2.443;    26.075;    88.509; 
 361;    -2.455;    26.099;    88.509; 
 362;    -2.466;    26.123;    88.509; 
 363;    -2.482;    26.155;    88.509; 
 364;    -2.494;    26.181;    88.509; 
 365;    -2.507;    26.207;    88.509; 
 366;    -2.521;    26.235;    88.509; 
 367;    -2.533;    26.260;    88.509; 
 368;    -2.547;    26.288;    88.509; 
 369;    -2.561;    26.314;    88.509; 
 370;    -2.575;    26.342;    88.509; 
 371;    -2.588;    26.366;    88.509; 
 372;    -2.604;    26.399;    88.509; 
 373;    -2.618;    26.427;    88.509; 
 374;    -2.631;    26.452;    88.509; 
 375;    -2.643;    26.474;    88.509; 
 376;    -2.657;    26.501;    88.509; 
 377;    -2.672;    26.529;    88.509; 
 378;    -2.685;    26.552;    88.509; 
 379;    -2.700;    26.581;    88.509; 
 380;    -2.714;    26.607;    88.509; 
 381;    -2.728;    26.631;    88.509; 
 382;    -2.743;    26.659;    88.509; 
 383;    -2.759;    26.687;    88.509; 
 384;    -2.773;    26.713;    88.509; 
 385;    -2.786;    26.736;    88.509; 
 386;    -2.800;    26.759;    88.509; 
 387;    -2.818;    26.793;    88.509; 
 388;    -2.831;    26.815;    88.509; 
 389;    -2.845;    26.840;    88.509; 
 390;    -2.855;    26.855;    88.509; 
 391;    -2.864;    26.866;    88.509; 
 392;    -2.879;    26.884;    88.509; 
 393;    -2.891;    26.896;    88.509; 
 394;    -2.899;    26.903;    88.509; 
 395;    -2.909;    26.910;    88.509; 
 396;    -2.923;    26.919;    88.509; 
 397;    -2.935;    26.926;    88.509; 
 398;    -2.946;    26.931;    88.509; 
 399;    -2.957;    26.935;    88.509; 
 400;    -2.973;    26.940;    88.509; 
 401;    -2.987;    26.943;    88.509; 
 402;    -2.999;    26.944;    88.509; 
 403;    -3.010;    26.944;    88.509; 
 404;    -3.027;    26.945;    88.509; 
 405;    -3.050;    26.945;    88.509; 
 406;    -3.059;    26.943;    88.509; 
 407;    -3.079;    26.941;    88.509; 
 408;    -3.103;    26.938;    88.509; 
 409;    -3.123;    26.934;    88.509; 
 410;    -3.180;    26.929;    88.509; 
