[A]
   1;     3.002;    27.024;    88.510; 
   2;     2.972;    27.028;    88.510; 
   3;     2.946;    27.030;    88.510; 
   4;     2.917;    27.033;    88.510; 
   5;     2.871;    27.040;    88.510; 
   6;     2.846;    27.043;    88.510; 
   7;     2.825;    27.045;    88.510; 
   8;     2.810;    27.045;    88.510; 
   9;     2.766;    27.049;    88.510; 
  10;     2.724;    27.054;    88.510; 
  11;     2.707;    27.055;    88.510; 
  12;     2.691;    27.055;    88.510; 
  13;     2.682;    27.053;    88.510; 
  14;     2.675;    27.051;    88.510; 
  15;     2.650;    27.047;    88.510; 
  16;     2.629;    27.042;    88.510; 
  17;     2.611;    27.037;    88.510; 
  18;     2.591;    27.031;    88.510; 
  19;     2.578;    27.026;    88.510; 
  20;     2.565;    27.019;    88.510; 
  21;     2.554;    27.012;    88.510; 
  22;     2.547;    27.006;    88.510; 
  23;     2.541;    27.000;    88.510; 
  24;     2.532;    26.991;    88.510; 
  25;     2.522;    26.979;    88.510; 
  26;     2.512;    26.967;    88.510; 
  27;     2.505;    26.955;    88.510; 
  28;     2.496;    26.941;    88.510; 
  29;     2.490;    26.930;    88.510; 
  30;     2.473;    26.898;    88.510; 
  31;     2.457;    26.871;    88.510; 
  32;     2.448;    26.853;    88.510; 
  33;     2.432;    26.823;    88.510; 
  34;     2.417;    26.797;    88.510; 
  35;     2.404;    26.772;    88.510; 
  36;     2.387;    26.741;    88.510; 
  37;     2.369;    26.710;    88.510; 
  38;     2.355;    26.686;    88.510; 
  39;     2.343;    26.664;    88.510; 
  40;     2.332;    26.642;    88.510; 
  41;     2.319;    26.616;    88.510; 
  42;     2.304;    26.587;    88.510; 
  43;     2.296;    26.569;    88.510; 
  44;     2.275;    26.528;    88.510; 
  45;     2.261;    26.502;    88.510; 
  46;     2.245;    26.473;    88.510; 
  47;     2.231;    26.448;    88.510; 
  48;     2.222;    26.429;    88.510; 
  49;     2.214;    26.410;    88.510; 
  50;     2.197;    26.375;    88.510; 
  51;     2.177;    26.336;    88.510; 
  52;     2.167;    26.316;    88.510; 
  53;     2.153;    26.288;    88.510; 
  54;     2.141;    26.263;    88.510; 
  55;     2.135;    26.249;    88.510; 
  56;     2.122;    26.218;    88.510; 
  57;     2.103;    26.180;    88.510; 
  58;     2.091;    26.154;    88.510; 
  59;     2.079;    26.129;    88.510; 
  60;     2.067;    26.103;    88.510; 
  61;     2.057;    26.080;    88.510; 
  62;     2.044;    26.051;    88.510; 
  63;     2.030;    26.020;    88.510; 
  64;     2.020;    25.997;    88.510; 
  65;     2.008;    25.968;    88.510; 
  66;     1.998;    25.945;    88.510; 
  67;     1.983;    25.911;    88.510; 
  68;     1.967;    25.877;    88.510; 
  69;     1.961;    25.859;    88.510; 
  70;     1.950;    25.833;    88.510; 
  71;     1.936;    25.800;    88.510; 
  72;     1.926;    25.775;    88.510; 
  73;     1.912;    25.744;    88.510; 
  74;     1.903;    25.721;    88.510; 
  75;     1.895;    25.698;    88.510; 
  76;     1.884;    25.670;    88.510; 
  77;     1.870;    25.635;    88.510; 
  78;     1.862;    25.613;    88.510; 
  79;     1.853;    25.588;    88.510; 
  80;     1.843;    25.559;    88.510; 
  81;     1.829;    25.524;    88.510; 
  82;     1.824;    25.508;    88.510; 
  83;     1.816;    25.481;    88.510; 
  84;     1.801;    25.441;    88.510; 
  85;     1.793;    25.418;    88.510; 
  86;     1.783;    25.390;    88.510; 
  87;     1.776;    25.367;    88.510; 
  88;     1.767;    25.338;    88.510; 
  89;     1.760;    25.315;    88.510; 
  90;     1.753;    25.289;    88.510; 
  91;     1.747;    25.266;    88.510; 
  92;     1.738;    25.232;    88.510; 
  93;     1.712;    25.166;    88.510; 
  94;     1.705;    25.148;    88.510; 
  95;     1.699;    25.130;    88.510; 
  96;     1.691;    25.106;    88.510; 
  97;     1.679;    25.070;    88.510; 
  98;     1.645;    25.004;    88.510; 
  99;     1.476;    24.881;    88.510; 
 100;     1.361;    24.871;    88.510; 
 101;     1.319;    24.874;    88.510; 
 102;     1.294;    24.875;    88.510; 
 103;     1.268;    24.877;    88.510; 
 104;     1.236;    24.878;    88.510; 
 105;     1.207;    24.880;    88.510; 
 106;     1.184;    24.880;    88.510; 
 107;     1.151;    24.881;    88.510; 
 108;     1.103;    24.885;    88.510; 
 109;     1.084;    24.886;    88.510; 
 110;     1.066;    24.886;    88.510; 
 111;      .990;    24.897;    88.510; 
 112;      .814;    25.028;    88.510; 
 113;      .773;    25.125;    88.510; 
 114;      .762;    25.177;    88.510; 
 115;      .756;    25.204;    88.510; 
 116;      .749;    25.239;    88.510; 
 117;      .743;    25.271;    88.510; 
 118;      .738;    25.297;    88.510; 
 119;      .734;    25.313;    88.510; 
 120;      .725;    25.348;    88.510; 
 121;      .719;    25.374;    88.510; 
 122;      .715;    25.380;    88.510; 
 123;      .708;    25.397;    88.510; 
 124;      .695;    25.433;    88.510; 
 125;      .678;    25.532;    88.510; 
 126;      .676;    25.546;    88.510; 
 127;      .672;    25.577;    88.510; 
 128;      .669;    25.592;    88.510; 
 129;      .663;    25.618;    88.510; 
 130;      .658;    25.643;    88.510; 
 131;      .653;    25.658;    88.510; 
 132;      .644;    25.690;    88.510; 
 133;      .636;    25.720;    88.510; 
 134;      .629;    25.747;    88.510; 
 135;      .620;    25.774;    88.510; 
 136;      .611;    25.810;    88.510; 
 137;      .603;    25.835;    88.510; 
 138;      .597;    25.854;    88.510; 
 139;      .589;    25.874;    88.510; 
 140;      .573;    25.934;    88.510; 
 141;      .567;    25.952;    88.510; 
 142;      .560;    25.977;    88.510; 
 143;      .553;    25.997;    88.510; 
 144;      .541;    26.034;    88.510; 
 145;      .532;    26.059;    88.510; 
 146;      .522;    26.091;    88.510; 
 147;      .512;    26.121;    88.510; 
 148;      .504;    26.146;    88.510; 
 149;      .495;    26.173;    88.510; 
 150;      .484;    26.204;    88.510; 
 151;      .476;    26.228;    88.510; 
 152;      .468;    26.248;    88.510; 
 153;      .454;    26.288;    88.510; 
 154;      .446;    26.309;    88.510; 
 155;      .433;    26.346;    88.510; 
 156;      .424;    26.371;    88.510; 
 157;      .416;    26.388;    88.510; 
 158;      .401;    26.431;    88.510; 
 159;      .390;    26.464;    88.510; 
 160;      .382;    26.486;    88.510; 
 161;      .373;    26.510;    88.510; 
 162;      .365;    26.528;    88.510; 
 163;      .351;    26.562;    88.510; 
 164;      .338;    26.596;    88.510; 
 165;      .327;    26.625;    88.510; 
 166;      .318;    26.648;    88.510; 
 167;      .308;    26.671;    88.510; 
 168;      .296;    26.700;    88.510; 
 169;      .283;    26.730;    88.510; 
 170;      .271;    26.759;    88.510; 
 171;      .260;    26.787;    88.510; 
 172;      .246;    26.822;    88.510; 
 173;      .237;    26.845;    88.510; 
 174;      .227;    26.869;    88.510; 
 175;      .215;    26.896;    88.510; 
 176;      .204;    26.920;    88.510; 
 177;      .193;    26.945;    88.510; 
 178;      .179;    26.975;    88.510; 
 179;      .166;    27.006;    88.510; 
 180;      .156;    27.026;    88.510; 
 181;      .144;    27.050;    88.510; 
 182;      .134;    27.068;    88.510; 
 183;      .127;    27.079;    88.510; 
 184;      .120;    27.087;    88.510; 
 185;      .115;    27.091;    88.510; 
 186;      .107;    27.097;    88.510; 
 187;      .086;    27.115;    88.510; 
 188;      .073;    27.125;    88.510; 
 189;      .062;    27.132;    88.510; 
 190;      .053;    27.135;    88.510; 
 191;      .032;    27.146;    88.510; 
 192;      .007;    27.158;    88.510; 
 193;     -.018;    27.170;    88.510; 
 194;     -.029;    27.173;    88.510; 
 195;     -.038;    27.175;    88.510; 
 196;     -.045;    27.175;    88.510; 
 197;     -.054;    27.175;    88.510; 
 198;     -.072;    27.175;    88.510; 
 199;     -.091;    27.174;    88.510; 
 200;     -.120;    27.174;    88.510; 
 201;     -.154;    27.174;    88.510; 
 202;     -.180;    27.173;    88.510; 
 203;     -.210;    27.172;    88.510; 
 204;     -.245;    27.172;    88.510; 
 205;     -.276;    27.172;    88.510; 
 206;     -.305;    27.172;    88.510; 
 207;     -.335;    27.171;    88.510; 
 208;     -.360;    27.170;    88.510; 
 209;     -.386;    27.169;    88.510; 
 210;     -.423;    27.168;    88.510; 
 211;     -.458;    27.167;    88.510; 
 212;     -.485;    27.167;    88.510; 
 213;     -.512;    27.166;    88.510; 
 214;     -.527;    27.164;    88.510; 
 215;     -.554;    27.161;    88.510; 
 216;     -.593;    27.158;    88.510; 
 217;     -.627;    27.156;    88.510; 
 218;     -.636;    27.153;    88.510; 
 219;     -.643;    27.150;    88.510; 
 220;     -.652;    27.146;    88.510; 
 221;     -.655;    27.143;    88.510; 
 222;     -.660;    27.139;    88.510; 
 223;     -.673;    27.129;    88.510; 
 224;     -.680;    27.123;    88.510; 
 225;     -.703;    27.104;    88.510; 
 226;     -.717;    27.091;    88.510; 
 227;     -.723;    27.084;    88.510; 
 228;     -.729;    27.075;    88.510; 
 229;     -.741;    27.058;    88.510; 
 230;     -.754;    27.039;    88.510; 
 231;     -.755;    27.034;    88.510; 
 232;     -.756;    27.028;    88.510; 
 233;     -.767;    27.000;    88.510; 
 234;     -.786;    26.959;    88.510; 
 235;     -.792;    26.944;    88.510; 
 236;     -.799;    26.922;    88.510; 
 237;     -.812;    26.889;    88.510; 
 238;     -.821;    26.866;    88.510; 
 239;     -.830;    26.840;    88.510; 
 240;     -.848;    26.796;    88.510; 
 241;     -.859;    26.770;    88.510; 
 242;     -.867;    26.749;    88.510; 
 243;     -.872;    26.733;    88.510; 
 244;     -.888;    26.689;    88.510; 
 245;     -.898;    26.663;    88.510; 
 246;     -.904;    26.645;    88.510; 
 247;     -.924;    26.596;    88.510; 
 248;     -.934;    26.570;    88.510; 
 249;     -.941;    26.552;    88.510; 
 250;     -.950;    26.527;    88.510; 
 251;     -.959;    26.500;    88.510; 
 252;     -.970;    26.468;    88.510; 
 253;     -.984;    26.431;    88.510; 
 254;     -.992;    26.410;    88.510; 
 255;    -1.002;    26.382;    88.510; 
 256;    -1.011;    26.354;    88.510; 
 257;    -1.018;    26.331;    88.510; 
 258;    -1.028;    26.299;    88.510; 
 259;    -1.040;    26.265;    88.510; 
 260;    -1.048;    26.242;    88.510; 
 261;    -1.056;    26.215;    88.510; 
 262;    -1.067;    26.182;    88.510; 
 263;    -1.071;    26.166;    88.510; 
 264;    -1.083;    26.126;    88.510; 
 265;    -1.098;    26.085;    88.510; 
 266;    -1.104;    26.066;    88.510; 
 267;    -1.111;    26.042;    88.510; 
 268;    -1.119;    26.014;    88.510; 
 269;    -1.128;    25.984;    88.510; 
 270;    -1.137;    25.955;    88.510; 
 271;    -1.145;    25.927;    88.510; 
 272;    -1.153;    25.900;    88.510; 
 273;    -1.160;    25.872;    88.510; 
 274;    -1.168;    25.843;    88.510; 
 275;    -1.174;    25.820;    88.510; 
 276;    -1.183;    25.785;    88.510; 
 277;    -1.193;    25.750;    88.510; 
 278;    -1.200;    25.723;    88.510; 
 279;    -1.206;    25.700;    88.510; 
 280;    -1.213;    25.671;    88.510; 
 281;    -1.220;    25.643;    88.510; 
 282;    -1.227;    25.611;    88.510; 
 283;    -1.235;    25.581;    88.510; 
 284;    -1.240;    25.557;    88.510; 
 285;    -1.247;    25.526;    88.510; 
 286;    -1.255;    25.491;    88.510; 
 287;    -1.260;    25.468;    88.510; 
 288;    -1.267;    25.438;    88.510; 
 289;    -1.273;    25.409;    88.510; 
 290;    -1.279;    25.379;    88.510; 
 291;    -1.284;    25.355;    88.510; 
 292;    -1.290;    25.322;    88.510; 
 293;    -1.296;    25.292;    88.510; 
 294;    -1.300;    25.267;    88.510; 
 295;    -1.305;    25.240;    88.510; 
 296;    -1.310;    25.208;    88.510; 
 297;    -1.316;    25.174;    88.510; 
 298;    -1.323;    25.139;    88.510; 
 299;    -1.330;    25.108;    88.510; 
 300;    -1.340;    25.069;    88.510; 
 301;    -1.356;    25.021;    88.510; 
 302;    -1.500;    24.868;    88.510; 
 303;    -1.627;    24.837;    88.510; 
 304;    -1.655;    24.834;    88.510; 
 305;    -1.686;    24.832;    88.510; 
 306;    -1.697;    24.829;    88.510; 
 307;    -1.740;    24.824;    88.510; 
 308;    -1.796;    24.822;    88.510; 
 309;    -1.826;    24.821;    88.510; 
 310;    -1.850;    24.820;    88.510; 
 311;    -1.871;    24.818;    88.510; 
 312;    -1.889;    24.815;    88.510; 
 313;    -1.925;    24.811;    88.510; 
 314;    -1.997;    24.812;    88.510; 
 315;    -2.160;    24.885;    88.510; 
 316;    -2.249;    25.022;    88.510; 
 317;    -2.256;    25.038;    88.510; 
 318;    -2.270;    25.075;    88.510; 
 319;    -2.283;    25.111;    88.510; 
 320;    -2.288;    25.119;    88.510; 
 321;    -2.309;    25.189;    88.510; 
 322;    -2.316;    25.215;    88.510; 
 323;    -2.322;    25.231;    88.510; 
 324;    -2.330;    25.253;    88.510; 
 325;    -2.340;    25.282;    88.510; 
 326;    -2.350;    25.307;    88.510; 
 327;    -2.359;    25.331;    88.510; 
 328;    -2.373;    25.368;    88.510; 
 329;    -2.383;    25.396;    88.510; 
 330;    -2.392;    25.421;    88.510; 
 331;    -2.403;    25.449;    88.510; 
 332;    -2.412;    25.472;    88.510; 
 333;    -2.422;    25.493;    88.510; 
 334;    -2.439;    25.540;    88.510; 
 335;    -2.447;    25.560;    88.510; 
 336;    -2.458;    25.586;    88.510; 
 337;    -2.469;    25.612;    88.510; 
 338;    -2.481;    25.642;    88.510; 
 339;    -2.491;    25.664;    88.510; 
 340;    -2.503;    25.689;    88.510; 
 341;    -2.517;    25.720;    88.510; 
 342;    -2.531;    25.754;    88.510; 
 343;    -2.541;    25.778;    88.510; 
 344;    -2.554;    25.807;    88.510; 
 345;    -2.565;    25.830;    88.510; 
 346;    -2.576;    25.854;    88.510; 
 347;    -2.592;    25.890;    88.510; 
 348;    -2.603;    25.914;    88.510; 
 349;    -2.616;    25.940;    88.510; 
 350;    -2.629;    25.968;    88.510; 
 351;    -2.643;    25.996;    88.510; 
 352;    -2.655;    26.021;    88.510; 
 353;    -2.665;    26.040;    88.510; 
 354;    -2.678;    26.064;    88.510; 
 355;    -2.702;    26.117;    88.510; 
 356;    -2.712;    26.139;    88.510; 
 357;    -2.719;    26.153;    88.510; 
 358;    -2.733;    26.178;    88.510; 
 359;    -2.750;    26.211;    88.510; 
 360;    -2.763;    26.237;    88.510; 
 361;    -2.776;    26.262;    88.510; 
 362;    -2.788;    26.284;    88.510; 
 363;    -2.802;    26.310;    88.510; 
 364;    -2.820;    26.345;    88.510; 
 365;    -2.835;    26.374;    88.510; 
 366;    -2.847;    26.397;    88.510; 
 367;    -2.860;    26.420;    88.510; 
 368;    -2.875;    26.448;    88.510; 
 369;    -2.891;    26.477;    88.510; 
 370;    -2.904;    26.501;    88.510; 
 371;    -2.918;    26.527;    88.510; 
 372;    -2.932;    26.552;    88.510; 
 373;    -2.946;    26.577;    88.510; 
 374;    -2.963;    26.607;    88.510; 
 375;    -2.977;    26.632;    88.510; 
 376;    -2.991;    26.655;    88.510; 
 377;    -3.004;    26.677;    88.510; 
 378;    -3.023;    26.710;    88.510; 
 379;    -3.036;    26.732;    88.510; 
 380;    -3.053;    26.760;    88.510; 
 381;    -3.068;    26.786;    88.510; 
 382;    -3.080;    26.804;    88.510; 
 383;    -3.091;    26.820;    88.510; 
 384;    -3.105;    26.838;    88.510; 
 385;    -3.115;    26.850;    88.510; 
 386;    -3.132;    26.869;    88.510; 
 387;    -3.158;    26.900;    88.510; 
 388;    -3.167;    26.907;    88.510; 
 389;    -3.174;    26.913;    88.510; 
 390;    -3.180;    26.915;    88.510; 
 391;    -3.190;    26.920;    88.510; 
 392;    -3.202;    26.925;    88.510; 
 393;    -3.237;    26.944;    88.510; 
 394;    -3.245;    26.946;    88.510; 
 395;    -3.254;    26.948;    88.510; 
 396;    -3.266;    26.950;    88.510; 
 397;    -3.275;    26.950;    88.510; 
 398;    -3.280;    26.949;    88.510; 
 399;    -3.287;    26.947;    88.510; 
 400;    -3.319;    26.946;    88.510; 
 401;    -3.362;    26.945;    88.510; 
 402;    -3.378;    26.944;    88.510; 
 403;    -3.395;    26.941;    88.510; 
 404;    -3.418;    26.938;    88.510; 
 405;    -3.452;    26.934;    88.510; 
 406;    -3.481;    26.930;    88.510; 
 407;    -3.509;    26.926;    88.510; 
 408;    -3.542;    26.922;    88.510; 
 409;    -3.570;    26.918;    88.510; 
 410;    -3.600;    26.913;    88.510; 
 411;    -3.633;    26.909;    88.510; 
 412;    -3.661;    26.905;    88.510; 
 413;    -3.694;    26.901;    88.510; 
 414;    -3.721;    26.897;    88.510; 
 415;    -3.746;    26.893;    88.510; 
 416;    -3.768;    26.888;    88.510; 
