[A]
   1;     3.357;    26.935;    88.508; 
   2;     3.328;    26.938;    88.508; 
   3;     3.298;    26.942;    88.508; 
   4;     3.270;    26.945;    88.508; 
   5;     3.236;    26.949;    88.508; 
   6;     3.210;    26.952;    88.508; 
   7;     3.183;    26.955;    88.508; 
   8;     3.148;    26.958;    88.508; 
   9;     3.121;    26.961;    88.508; 
  10;     3.081;    26.966;    88.508; 
  11;     3.060;    26.968;    88.508; 
  12;     3.024;    26.973;    88.508; 
  13;     2.994;    26.976;    88.508; 
  14;     2.971;    26.978;    88.508; 
  15;     2.933;    26.983;    88.508; 
  16;     2.906;    26.986;    88.508; 
  17;     2.888;    26.987;    88.508; 
  18;     2.864;    26.987;    88.508; 
  19;     2.842;    26.987;    88.508; 
  20;     2.832;    26.986;    88.508; 
  21;     2.821;    26.983;    88.508; 
  22;     2.807;    26.979;    88.508; 
  23;     2.793;    26.975;    88.508; 
  24;     2.782;    26.970;    88.508; 
  25;     2.770;    26.964;    88.508; 
  26;     2.762;    26.958;    88.508; 
  27;     2.755;    26.953;    88.508; 
  28;     2.748;    26.946;    88.508; 
  29;     2.737;    26.935;    88.508; 
  30;     2.725;    26.922;    88.508; 
  31;     2.719;    26.913;    88.508; 
  32;     2.707;    26.897;    88.508; 
  33;     2.689;    26.872;    88.508; 
  34;     2.675;    26.853;    88.508; 
  35;     2.664;    26.834;    88.508; 
  36;     2.652;    26.815;    88.508; 
  37;     2.643;    26.796;    88.508; 
  38;     2.629;    26.772;    88.508; 
  39;     2.612;    26.740;    88.508; 
  40;     2.599;    26.717;    88.508; 
  41;     2.586;    26.692;    88.508; 
  42;     2.570;    26.663;    88.508; 
  43;     2.554;    26.634;    88.508; 
  44;     2.541;    26.609;    88.508; 
  45;     2.524;    26.580;    88.508; 
  46;     2.512;    26.556;    88.508; 
  47;     2.496;    26.528;    88.508; 
  48;     2.482;    26.502;    88.508; 
  49;     2.471;    26.480;    88.508; 
  50;     2.457;    26.453;    88.508; 
  51;     2.446;    26.430;    88.508; 
  52;     2.427;    26.395;    88.508; 
  53;     2.414;    26.370;    88.508; 
  54;     2.401;    26.346;    88.508; 
  55;     2.388;    26.320;    88.508; 
  56;     2.375;    26.294;    88.508; 
  57;     2.361;    26.266;    88.508; 
  58;     2.349;    26.241;    88.508; 
  59;     2.333;    26.209;    88.508; 
  60;     2.319;    26.182;    88.508; 
  61;     2.308;    26.158;    88.508; 
  62;     2.296;    26.132;    88.508; 
  63;     2.284;    26.108;    88.508; 
  64;     2.271;    26.080;    88.508; 
  65;     2.258;    26.051;    88.508; 
  66;     2.243;    26.021;    88.508; 
  67;     2.233;    25.998;    88.508; 
  68;     2.221;    25.973;    88.508; 
  69;     2.210;    25.947;    88.508; 
  70;     2.197;    25.916;    88.508; 
  71;     2.183;    25.887;    88.508; 
  72;     2.172;    25.861;    88.508; 
  73;     2.160;    25.834;    88.508; 
  74;     2.149;    25.808;    88.508; 
  75;     2.137;    25.779;    88.508; 
  76;     2.126;    25.752;    88.508; 
  77;     2.113;    25.721;    88.508; 
  78;     2.101;    25.694;    88.508; 
  79;     2.093;    25.673;    88.508; 
  80;     2.081;    25.643;    88.508; 
  81;     2.071;    25.616;    88.508; 
  82;     2.058;    25.584;    88.508; 
  83;     2.049;    25.561;    88.508; 
  84;     2.039;    25.535;    88.508; 
  85;     2.026;    25.502;    88.508; 
  86;     2.019;    25.480;    88.508; 
  87;     2.007;    25.448;    88.508; 
  88;     1.994;    25.414;    88.508; 
  89;     1.986;    25.393;    88.508; 
  90;     1.980;    25.371;    88.508; 
  91;     1.967;    25.335;    88.508; 
  92;     1.954;    25.301;    88.508; 
  93;     1.946;    25.278;    88.508; 
  94;     1.941;    25.260;    88.508; 
  95;     1.932;    25.230;    88.508; 
  96;     1.921;    25.198;    88.508; 
  97;     1.912;    25.168;    88.508; 
  98;     1.907;    25.150;    88.508; 
  99;     1.898;    25.119;    88.508; 
 100;     1.882;    25.072;    88.508; 
 101;     1.877;    25.054;    88.508; 
 102;     1.863;    25.016;    88.508; 
 103;     1.826;    24.945;    88.508; 
 104;     1.716;    24.845;    88.508; 
 105;     1.535;    24.813;    88.508; 
 106;     1.510;    24.814;    88.508; 
 107;     1.479;    24.816;    88.508; 
 108;     1.440;    24.820;    88.508; 
 109;     1.429;    24.820;    88.508; 
 110;     1.408;    24.819;    88.508; 
 111;     1.359;    24.822;    88.508; 
 112;     1.341;    24.822;    88.508; 
 113;     1.287;    24.827;    88.508; 
 114;     1.255;    24.831;    88.508; 
 115;     1.238;    24.832;    88.508; 
 116;     1.201;    24.835;    88.508; 
 117;     1.030;    24.926;    88.508; 
 118;      .957;    25.057;    88.508; 
 119;      .950;    25.074;    88.508; 
 120;      .933;    25.140;    88.508; 
 121;      .926;    25.194;    88.508; 
 122;      .923;    25.207;    88.508; 
 123;      .918;    25.226;    88.508; 
 124;      .910;    25.271;    88.508; 
 125;      .905;    25.304;    88.508; 
 126;      .901;    25.327;    88.508; 
 127;      .895;    25.352;    88.508; 
 128;      .889;    25.378;    88.508; 
 129;      .882;    25.411;    88.508; 
 130;      .877;    25.436;    88.508; 
 131;      .872;    25.452;    88.508; 
 132;      .861;    25.494;    88.508; 
 133;      .854;    25.525;    88.508; 
 134;      .850;    25.533;    88.508; 
 135;      .836;    25.590;    88.508; 
 136;      .830;    25.625;    88.508; 
 137;      .826;    25.638;    88.508; 
 138;      .818;    25.666;    88.508; 
 139;      .811;    25.693;    88.508; 
 140;      .804;    25.716;    88.508; 
 141;      .792;    25.760;    88.508; 
 142;      .785;    25.792;    88.508; 
 143;      .780;    25.808;    88.508; 
 144;      .771;    25.840;    88.508; 
 145;      .763;    25.868;    88.508; 
 146;      .754;    25.897;    88.508; 
 147;      .746;    25.925;    88.508; 
 148;      .738;    25.949;    88.508; 
 149;      .730;    25.974;    88.508; 
 150;      .718;    26.013;    88.508; 
 151;      .710;    26.035;    88.508; 
 152;      .700;    26.069;    88.508; 
 153;      .692;    26.091;    88.508; 
 154;      .681;    26.128;    88.508; 
 155;      .673;    26.153;    88.508; 
 156;      .663;    26.182;    88.508; 
 157;      .654;    26.211;    88.508; 
 158;      .645;    26.234;    88.508; 
 159;      .634;    26.266;    88.508; 
 160;      .626;    26.287;    88.508; 
 161;      .613;    26.324;    88.508; 
 162;      .604;    26.349;    88.508; 
 163;      .592;    26.383;    88.508; 
 164;      .582;    26.410;    88.508; 
 165;      .573;    26.437;    88.508; 
 166;      .564;    26.462;    88.508; 
 167;      .552;    26.493;    88.508; 
 168;      .542;    26.521;    88.508; 
 169;      .532;    26.548;    88.508; 
 170;      .522;    26.573;    88.508; 
 171;      .512;    26.600;    88.508; 
 172;      .499;    26.632;    88.508; 
 173;      .490;    26.655;    88.508; 
 174;      .478;    26.685;    88.508; 
 175;      .467;    26.713;    88.508; 
 176;      .457;    26.736;    88.508; 
 177;      .443;    26.771;    88.508; 
 178;      .432;    26.797;    88.508; 
 179;      .421;    26.825;    88.508; 
 180;      .411;    26.847;    88.508; 
 181;      .399;    26.875;    88.508; 
 182;      .387;    26.903;    88.508; 
 183;      .375;    26.929;    88.508; 
 184;      .360;    26.966;    88.508; 
 185;      .348;    26.995;    88.508; 
 186;      .339;    27.016;    88.508; 
 187;      .330;    27.032;    88.508; 
 188;      .323;    27.044;    88.508; 
 189;      .316;    27.053;    88.508; 
 190;      .308;    27.061;    88.508; 
 191;      .300;    27.067;    88.508; 
 192;      .293;    27.072;    88.508; 
 193;      .276;    27.086;    88.508; 
 194;      .265;    27.092;    88.508; 
 195;      .258;    27.095;    88.508; 
 196;      .248;    27.098;    88.508; 
 197;      .211;    27.117;    88.508; 
 198;      .198;    27.121;    88.508; 
 199;      .184;    27.126;    88.508; 
 200;      .178;    27.127;    88.508; 
 201;      .173;    27.126;    88.508; 
 202;      .167;    27.125;    88.508; 
 203;      .141;    27.126;    88.508; 
 204;      .099;    27.128;    88.508; 
 205;      .077;    27.129;    88.508; 
 206;      .050;    27.129;    88.508; 
 207;      .020;    27.130;    88.508; 
 208;     -.005;    27.130;    88.508; 
 209;     -.033;    27.129;    88.508; 
 210;     -.058;    27.128;    88.508; 
 211;     -.088;    27.127;    88.508; 
 212;     -.138;    27.128;    88.508; 
 213;     -.163;    27.129;    88.508; 
 214;     -.189;    27.129;    88.508; 
 215;     -.218;    27.128;    88.508; 
 216;     -.248;    27.128;    88.508; 
 217;     -.274;    27.127;    88.508; 
 218;     -.303;    27.126;    88.508; 
 219;     -.345;    27.127;    88.508; 
 220;     -.362;    27.126;    88.508; 
 221;     -.372;    27.124;    88.508; 
 222;     -.391;    27.120;    88.508; 
 223;     -.420;    27.115;    88.508; 
 224;     -.432;    27.111;    88.508; 
 225;     -.436;    27.108;    88.508; 
 226;     -.440;    27.105;    88.508; 
 227;     -.460;    27.094;    88.508; 
 228;     -.490;    27.079;    88.508; 
 229;     -.503;    27.070;    88.508; 
 230;     -.516;    27.061;    88.508; 
 231;     -.523;    27.054;    88.508; 
 232;     -.528;    27.048;    88.508; 
 233;     -.535;    27.039;    88.508; 
 234;     -.541;    27.029;    88.508; 
 235;     -.544;    27.022;    88.508; 
 236;     -.549;    27.010;    88.508; 
 237;     -.561;    26.986;    88.508; 
 238;     -.573;    26.962;    88.508; 
 239;     -.583;    26.938;    88.508; 
 240;     -.595;    26.911;    88.508; 
 241;     -.604;    26.888;    88.508; 
 242;     -.616;    26.860;    88.508; 
 243;     -.626;    26.834;    88.508; 
 244;     -.636;    26.809;    88.508; 
 245;     -.648;    26.778;    88.508; 
 246;     -.661;    26.747;    88.508; 
 247;     -.671;    26.720;    88.508; 
 248;     -.679;    26.698;    88.508; 
 249;     -.690;    26.670;    88.508; 
 250;     -.703;    26.635;    88.508; 
 251;     -.713;    26.610;    88.508; 
 252;     -.720;    26.589;    88.508; 
 253;     -.732;    26.556;    88.508; 
 254;     -.743;    26.527;    88.508; 
 255;     -.750;    26.505;    88.508; 
 256;     -.760;    26.476;    88.508; 
 257;     -.778;    26.431;    88.508; 
 258;     -.787;    26.408;    88.508; 
 259;     -.793;    26.391;    88.508; 
 260;     -.798;    26.372;    88.508; 
 261;     -.819;    26.317;    88.508; 
 262;     -.826;    26.297;    88.508; 
 263;     -.833;    26.275;    88.508; 
 264;     -.850;    26.232;    88.508; 
 265;     -.857;    26.213;    88.508; 
 266;     -.863;    26.192;    88.508; 
 267;     -.872;    26.164;    88.508; 
 268;     -.881;    26.136;    88.508; 
 269;     -.894;    26.098;    88.508; 
 270;     -.900;    26.078;    88.508; 
 271;     -.904;    26.061;    88.508; 
 272;     -.916;    26.022;    88.508; 
 273;     -.927;    25.989;    88.508; 
 274;     -.938;    25.957;    88.508; 
 275;     -.945;    25.933;    88.508; 
 276;     -.953;    25.908;    88.508; 
 277;     -.964;    25.873;    88.508; 
 278;     -.969;    25.853;    88.508; 
 279;     -.974;    25.832;    88.508; 
 280;     -.988;    25.787;    88.508; 
 281;     -.995;    25.763;    88.508; 
 282;    -1.002;    25.737;    88.508; 
 283;    -1.008;    25.711;    88.508; 
 284;    -1.017;    25.679;    88.508; 
 285;    -1.025;    25.649;    88.508; 
 286;    -1.033;    25.620;    88.508; 
 287;    -1.039;    25.596;    88.508; 
 288;    -1.047;    25.563;    88.508; 
 289;    -1.055;    25.533;    88.508; 
 290;    -1.062;    25.505;    88.508; 
 291;    -1.069;    25.476;    88.508; 
 292;    -1.074;    25.453;    88.508; 
 293;    -1.081;    25.422;    88.508; 
 294;    -1.087;    25.394;    88.508; 
 295;    -1.093;    25.365;    88.508; 
 296;    -1.098;    25.341;    88.508; 
 297;    -1.105;    25.306;    88.508; 
 298;    -1.111;    25.278;    88.508; 
 299;    -1.116;    25.253;    88.508; 
 300;    -1.121;    25.224;    88.508; 
 301;    -1.129;    25.187;    88.508; 
 302;    -1.133;    25.163;    88.508; 
 303;    -1.138;    25.133;    88.508; 
 304;    -1.144;    25.103;    88.508; 
 305;    -1.149;    25.074;    88.508; 
 306;    -1.162;    25.024;    88.508; 
 307;    -1.194;    24.951;    88.508; 
 308;    -1.391;    24.815;    88.508; 
 309;    -1.455;    24.807;    88.508; 
 310;    -1.478;    24.804;    88.508; 
 311;    -1.516;    24.801;    88.508; 
 312;    -1.560;    24.799;    88.508; 
 313;    -1.578;    24.797;    88.508; 
 314;    -1.609;    24.795;    88.508; 
 315;    -1.645;    24.793;    88.508; 
 316;    -1.665;    24.791;    88.508; 
 317;    -1.691;    24.788;    88.508; 
 318;    -1.737;    24.786;    88.508; 
 319;    -1.785;    24.786;    88.508; 
 320;    -1.855;    24.796;    88.508; 
 321;    -2.044;    24.952;    88.508; 
 322;    -2.064;    24.995;    88.508; 
 323;    -2.081;    25.043;    88.508; 
 324;    -2.087;    25.056;    88.508; 
 325;    -2.101;    25.091;    88.508; 
 326;    -2.115;    25.137;    88.508; 
 327;    -2.127;    25.186;    88.508; 
 328;    -2.132;    25.203;    88.508; 
 329;    -2.139;    25.226;    88.508; 
 330;    -2.145;    25.246;    88.508; 
 331;    -2.155;    25.272;    88.508; 
 332;    -2.164;    25.296;    88.508; 
 333;    -2.175;    25.327;    88.508; 
 334;    -2.186;    25.357;    88.508; 
 335;    -2.196;    25.387;    88.508; 
 336;    -2.205;    25.413;    88.508; 
 337;    -2.216;    25.440;    88.508; 
 338;    -2.226;    25.467;    88.508; 
 339;    -2.235;    25.489;    88.508; 
 340;    -2.247;    25.519;    88.508; 
 341;    -2.257;    25.544;    88.508; 
 342;    -2.268;    25.568;    88.508; 
 343;    -2.280;    25.596;    88.508; 
 344;    -2.296;    25.638;    88.508; 
 345;    -2.304;    25.657;    88.508; 
 346;    -2.315;    25.683;    88.508; 
 347;    -2.327;    25.710;    88.508; 
 348;    -2.339;    25.738;    88.508; 
 349;    -2.351;    25.765;    88.508; 
 350;    -2.363;    25.793;    88.508; 
 351;    -2.376;    25.824;    88.508; 
 352;    -2.386;    25.847;    88.508; 
 353;    -2.398;    25.872;    88.508; 
 354;    -2.412;    25.904;    88.508; 
 355;    -2.424;    25.929;    88.508; 
 356;    -2.435;    25.952;    88.508; 
 357;    -2.448;    25.979;    88.508; 
 358;    -2.462;    26.008;    88.508; 
 359;    -2.475;    26.037;    88.508; 
 360;    -2.487;    26.061;    88.508; 
 361;    -2.502;    26.092;    88.508; 
 362;    -2.514;    26.118;    88.508; 
 363;    -2.526;    26.141;    88.508; 
 364;    -2.540;    26.170;    88.508; 
 365;    -2.553;    26.193;    88.508; 
 366;    -2.567;    26.221;    88.508; 
 367;    -2.582;    26.252;    88.508; 
 368;    -2.595;    26.276;    88.508; 
 369;    -2.608;    26.301;    88.508; 
 370;    -2.621;    26.326;    88.508; 
 371;    -2.636;    26.354;    88.508; 
 372;    -2.645;    26.369;    88.508; 
 373;    -2.666;    26.409;    88.508; 
 374;    -2.680;    26.435;    88.508; 
 375;    -2.695;    26.466;    88.508; 
 376;    -2.709;    26.494;    88.508; 
 377;    -2.721;    26.515;    88.508; 
 378;    -2.732;    26.534;    88.508; 
 379;    -2.747;    26.560;    88.508; 
 380;    -2.766;    26.594;    88.508; 
 381;    -2.781;    26.623;    88.508; 
 382;    -2.794;    26.645;    88.508; 
 383;    -2.806;    26.667;    88.508; 
 384;    -2.821;    26.691;    88.508; 
 385;    -2.837;    26.718;    88.508; 
 386;    -2.848;    26.736;    88.508; 
 387;    -2.864;    26.760;    88.508; 
 388;    -2.890;    26.805;    88.508; 
 389;    -2.897;    26.815;    88.508; 
 390;    -2.901;    26.819;    88.508; 
 391;    -2.906;    26.823;    88.508; 
 392;    -2.913;    26.827;    88.508; 
 393;    -2.927;    26.838;    88.508; 
 394;    -2.956;    26.862;    88.508; 
 395;    -2.972;    26.874;    88.508; 
 396;    -2.991;    26.887;    88.508; 
 397;    -3.028;    26.916;    88.508; 
 398;    -3.037;    26.922;    88.508; 
 399;    -3.043;    26.924;    88.508; 
 400;    -3.048;    26.924;    88.508; 
 401;    -3.052;    26.924;    88.508; 
 402;    -3.059;    26.925;    88.508; 
 403;    -3.075;    26.926;    88.508; 
 404;    -3.086;    26.926;    88.508; 
 405;    -3.101;    26.925;    88.508; 
 406;    -3.142;    26.927;    88.508; 
 407;    -3.179;    26.929;    88.508; 
 408;    -3.190;    26.928;    88.508; 
 409;    -3.206;    26.927;    88.508; 
 410;    -3.224;    26.924;    88.508; 
