[A]
   1;     3.789;    26.898;    88.510; 
   2;     3.760;    26.904;    88.510; 
   3;     3.739;    26.907;    88.510; 
   4;     3.716;    26.911;    88.510; 
   5;     3.691;    26.914;    88.510; 
   6;     3.658;    26.918;    88.510; 
   7;     3.627;    26.922;    88.510; 
   8;     3.600;    26.926;    88.510; 
   9;     3.567;    26.930;    88.510; 
  10;     3.540;    26.934;    88.510; 
  11;     3.511;    26.937;    88.510; 
  12;     3.480;    26.941;    88.510; 
  13;     3.448;    26.945;    88.510; 
  14;     3.417;    26.949;    88.510; 
  15;     3.386;    26.953;    88.510; 
  16;     3.357;    26.957;    88.510; 
  17;     3.327;    26.961;    88.510; 
  18;     3.299;    26.964;    88.510; 
  19;     3.267;    26.968;    88.510; 
  20;     3.249;    26.969;    88.510; 
  21;     3.234;    26.968;    88.510; 
  22;     3.219;    26.967;    88.510; 
  23;     3.203;    26.965;    88.510; 
  24;     3.178;    26.961;    88.510; 
  25;     3.158;    26.958;    88.510; 
  26;     3.145;    26.954;    88.510; 
  27;     3.130;    26.949;    88.510; 
  28;     3.120;    26.944;    88.510; 
  29;     3.110;    26.939;    88.510; 
  30;     3.106;    26.935;    88.510; 
  31;     3.098;    26.928;    88.510; 
  32;     3.083;    26.915;    88.510; 
  33;     3.066;    26.901;    88.510; 
  34;     3.054;    26.889;    88.510; 
  35;     3.052;    26.884;    88.510; 
  36;     3.049;    26.879;    88.510; 
  37;     3.035;    26.857;    88.510; 
  38;     3.018;    26.832;    88.510; 
  39;     3.005;    26.811;    88.510; 
  40;     2.989;    26.786;    88.510; 
  41;     2.975;    26.763;    88.510; 
  42;     2.963;    26.742;    88.510; 
  43;     2.950;    26.719;    88.510; 
  44;     2.937;    26.697;    88.510; 
  45;     2.925;    26.673;    88.510; 
  46;     2.909;    26.644;    88.510; 
  47;     2.890;    26.610;    88.510; 
  48;     2.871;    26.580;    88.510; 
  49;     2.859;    26.559;    88.510; 
  50;     2.848;    26.538;    88.510; 
  51;     2.835;    26.514;    88.510; 
  52;     2.819;    26.485;    88.510; 
  53;     2.808;    26.462;    88.510; 
  54;     2.792;    26.434;    88.510; 
  55;     2.773;    26.399;    88.510; 
  56;     2.762;    26.380;    88.510; 
  57;     2.749;    26.354;    88.510; 
  58;     2.735;    26.329;    88.510; 
  59;     2.720;    26.300;    88.510; 
  60;     2.707;    26.274;    88.510; 
  61;     2.698;    26.254;    88.510; 
  62;     2.687;    26.231;    88.510; 
  63;     2.664;    26.187;    88.510; 
  64;     2.648;    26.158;    88.510; 
  65;     2.636;    26.136;    88.510; 
  66;     2.627;    26.116;    88.510; 
  67;     2.616;    26.093;    88.510; 
  68;     2.604;    26.065;    88.510; 
  69;     2.586;    26.031;    88.510; 
  70;     2.572;    26.003;    88.510; 
  71;     2.561;    25.980;    88.510; 
  72;     2.550;    25.955;    88.510; 
  73;     2.538;    25.928;    88.510; 
  74;     2.523;    25.898;    88.510; 
  75;     2.512;    25.872;    88.510; 
  76;     2.497;    25.842;    88.510; 
  77;     2.486;    25.817;    88.510; 
  78;     2.474;    25.791;    88.510; 
  79;     2.463;    25.766;    88.510; 
  80;     2.450;    25.735;    88.510; 
  81;     2.438;    25.708;    88.510; 
  82;     2.427;    25.684;    88.510; 
  83;     2.418;    25.659;    88.510; 
  84;     2.402;    25.623;    88.510; 
  85;     2.391;    25.597;    88.510; 
  86;     2.383;    25.576;    88.510; 
  87;     2.370;    25.544;    88.510; 
  88;     2.359;    25.517;    88.510; 
  89;     2.347;    25.487;    88.510; 
  90;     2.338;    25.462;    88.510; 
  91;     2.326;    25.432;    88.510; 
  92;     2.316;    25.407;    88.510; 
  93;     2.307;    25.381;    88.510; 
  94;     2.296;    25.352;    88.510; 
  95;     2.285;    25.322;    88.510; 
  96;     2.277;    25.299;    88.510; 
  97;     2.267;    25.269;    88.510; 
  98;     2.256;    25.239;    88.510; 
  99;     2.249;    25.217;    88.510; 
 100;     2.239;    25.187;    88.510; 
 101;     2.229;    25.156;    88.510; 
 102;     2.222;    25.132;    88.510; 
 103;     2.211;    25.099;    88.510; 
 104;     2.197;    25.060;    88.510; 
 105;     2.182;    25.025;    88.510; 
 106;     2.167;    24.990;    88.510; 
 107;     2.122;    24.920;    88.510; 
 108;     1.918;    24.817;    88.510; 
 109;     1.849;    24.818;    88.510; 
 110;     1.814;    24.820;    88.510; 
 111;     1.781;    24.822;    88.510; 
 112;     1.747;    24.826;    88.510; 
 113;     1.724;    24.827;    88.510; 
 114;     1.685;    24.831;    88.510; 
 115;     1.657;    24.833;    88.510; 
 116;     1.630;    24.835;    88.510; 
 117;     1.612;    24.835;    88.510; 
 118;     1.586;    24.835;    88.510; 
 119;     1.524;    24.841;    88.510; 
 120;     1.433;    24.870;    88.510; 
 121;     1.284;    25.048;    88.510; 
 122;     1.271;    25.092;    88.510; 
 123;     1.261;    25.143;    88.510; 
 124;     1.255;    25.179;    88.510; 
 125;     1.250;    25.206;    88.510; 
 126;     1.245;    25.231;    88.510; 
 127;     1.239;    25.267;    88.510; 
 128;     1.234;    25.289;    88.510; 
 129;     1.228;    25.324;    88.510; 
 130;     1.223;    25.353;    88.510; 
 131;     1.217;    25.379;    88.510; 
 132;     1.211;    25.408;    88.510; 
 133;     1.205;    25.436;    88.510; 
 134;     1.199;    25.461;    88.510; 
 135;     1.192;    25.501;    88.510; 
 136;     1.186;    25.528;    88.510; 
 137;     1.181;    25.547;    88.510; 
 138;     1.174;    25.576;    88.510; 
 139;     1.166;    25.608;    88.510; 
 140;     1.158;    25.640;    88.510; 
 141;     1.152;    25.662;    88.510; 
 142;     1.145;    25.694;    88.510; 
 143;     1.137;    25.723;    88.510; 
 144;     1.130;    25.748;    88.510; 
 145;     1.122;    25.781;    88.510; 
 146;     1.115;    25.807;    88.510; 
 147;     1.108;    25.830;    88.510; 
 148;     1.098;    25.868;    88.510; 
 149;     1.091;    25.891;    88.510; 
 150;     1.083;    25.917;    88.510; 
 151;     1.072;    25.957;    88.510; 
 152;     1.065;    25.981;    88.510; 
 153;     1.058;    26.007;    88.510; 
 154;     1.049;    26.034;    88.510; 
 155;     1.041;    26.061;    88.510; 
 156;     1.031;    26.094;    88.510; 
 157;     1.023;    26.123;    88.510; 
 158;     1.014;    26.152;    88.510; 
 159;     1.006;    26.173;    88.510; 
 160;      .996;    26.208;    88.510; 
 161;      .987;    26.233;    88.510; 
 162;      .978;    26.259;    88.510; 
 163;      .969;    26.287;    88.510; 
 164;      .959;    26.314;    88.510; 
 165;      .948;    26.349;    88.510; 
 166;      .939;    26.374;    88.510; 
 167;      .928;    26.408;    88.510; 
 168;      .919;    26.435;    88.510; 
 169;      .910;    26.460;    88.510; 
 170;      .901;    26.482;    88.510; 
 171;      .892;    26.505;    88.510; 
 172;      .879;    26.535;    88.510; 
 173;      .864;    26.584;    88.510; 
 174;      .857;    26.604;    88.510; 
 175;      .848;    26.627;    88.510; 
 176;      .836;    26.659;    88.510; 
 177;      .827;    26.683;    88.510; 
 178;      .816;    26.711;    88.510; 
 179;      .805;    26.739;    88.510; 
 180;      .794;    26.768;    88.510; 
 181;      .784;    26.794;    88.510; 
 182;      .771;    26.826;    88.510; 
 183;      .761;    26.852;    88.510; 
 184;      .751;    26.874;    88.510; 
 185;      .738;    26.907;    88.510; 
 186;      .726;    26.938;    88.510; 
 187;      .715;    26.962;    88.510; 
 188;      .703;    26.994;    88.510; 
 189;      .692;    27.020;    88.510; 
 190;      .683;    27.038;    88.510; 
 191;      .678;    27.045;    88.510; 
 192;      .673;    27.051;    88.510; 
 193;      .658;    27.070;    88.510; 
 194;      .636;    27.101;    88.510; 
 195;      .631;    27.105;    88.510; 
 196;      .623;    27.112;    88.510; 
 197;      .615;    27.117;    88.510; 
 198;      .604;    27.124;    88.510; 
 199;      .591;    27.132;    88.510; 
 200;      .578;    27.137;    88.510; 
 201;      .566;    27.142;    88.510; 
 202;      .548;    27.148;    88.510; 
 203;      .533;    27.152;    88.510; 
 204;      .520;    27.154;    88.510; 
 205;      .508;    27.155;    88.510; 
 206;      .499;    27.154;    88.510; 
 207;      .475;    27.155;    88.510; 
 208;      .447;    27.155;    88.510; 
 209;      .412;    27.156;    88.510; 
 210;      .387;    27.156;    88.510; 
 211;      .359;    27.156;    88.510; 
 212;      .325;    27.157;    88.510; 
 213;      .299;    27.156;    88.510; 
 214;      .264;    27.157;    88.510; 
 215;      .230;    27.157;    88.510; 
 216;      .201;    27.158;    88.510; 
 217;      .174;    27.158;    88.510; 
 218;      .143;    27.158;    88.510; 
 219;      .110;    27.158;    88.510; 
 220;      .084;    27.158;    88.510; 
 221;      .051;    27.158;    88.510; 
 222;      .019;    27.159;    88.510; 
 223;     -.009;    27.159;    88.510; 
 224;     -.033;    27.158;    88.510; 
 225;     -.051;    27.156;    88.510; 
 226;     -.067;    27.153;    88.510; 
 227;     -.082;    27.150;    88.510; 
 228;     -.093;    27.146;    88.510; 
 229;     -.104;    27.141;    88.510; 
 230;     -.111;    27.137;    88.510; 
 231;     -.125;    27.129;    88.510; 
 232;     -.145;    27.117;    88.510; 
 233;     -.156;    27.109;    88.510; 
 234;     -.161;    27.103;    88.510; 
 235;     -.169;    27.094;    88.510; 
 236;     -.177;    27.085;    88.510; 
 237;     -.187;    27.071;    88.510; 
 238;     -.198;    27.057;    88.510; 
 239;     -.205;    27.044;    88.510; 
 240;     -.212;    27.030;    88.510; 
 241;     -.222;    27.009;    88.510; 
 242;     -.231;    26.989;    88.510; 
 243;     -.244;    26.961;    88.510; 
 244;     -.254;    26.937;    88.510; 
 245;     -.265;    26.911;    88.510; 
 246;     -.276;    26.885;    88.510; 
 247;     -.287;    26.857;    88.510; 
 248;     -.299;    26.827;    88.510; 
 249;     -.311;    26.799;    88.510; 
 250;     -.322;    26.772;    88.510; 
 251;     -.334;    26.744;    88.510; 
 252;     -.344;    26.717;    88.510; 
 253;     -.355;    26.689;    88.510; 
 254;     -.367;    26.660;    88.510; 
 255;     -.377;    26.633;    88.510; 
 256;     -.389;    26.604;    88.510; 
 257;     -.400;    26.575;    88.510; 
 258;     -.410;    26.550;    88.510; 
 259;     -.420;    26.523;    88.510; 
 260;     -.431;    26.492;    88.510; 
 261;     -.442;    26.464;    88.510; 
 262;     -.451;    26.438;    88.510; 
 263;     -.463;    26.407;    88.510; 
 264;     -.473;    26.379;    88.510; 
 265;     -.482;    26.354;    88.510; 
 266;     -.494;    26.321;    88.510; 
 267;     -.505;    26.291;    88.510; 
 268;     -.513;    26.268;    88.510; 
 269;     -.520;    26.244;    88.510; 
 270;     -.532;    26.210;    88.510; 
 271;     -.543;    26.179;    88.510; 
 272;     -.552;    26.152;    88.510; 
 273;     -.563;    26.122;    88.510; 
 274;     -.570;    26.099;    88.510; 
 275;     -.577;    26.075;    88.510; 
 276;     -.588;    26.042;    88.510; 
 277;     -.598;    26.012;    88.510; 
 278;     -.608;    25.981;    88.510; 
 279;     -.615;    25.959;    88.510; 
 280;     -.623;    25.932;    88.510; 
 281;     -.635;    25.896;    88.510; 
 282;     -.641;    25.874;    88.510; 
 283;     -.652;    25.840;    88.510; 
 284;     -.661;    25.812;    88.510; 
 285;     -.668;    25.787;    88.510; 
 286;     -.676;    25.759;    88.510; 
 287;     -.683;    25.733;    88.510; 
 288;     -.691;    25.703;    88.510; 
 289;     -.699;    25.672;    88.510; 
 290;     -.708;    25.640;    88.510; 
 291;     -.716;    25.612;    88.510; 
 292;     -.725;    25.581;    88.510; 
 293;     -.731;    25.557;    88.510; 
 294;     -.739;    25.526;    88.510; 
 295;     -.745;    25.500;    88.510; 
 296;     -.753;    25.469;    88.510; 
 297;     -.758;    25.444;    88.510; 
 298;     -.765;    25.414;    88.510; 
 299;     -.772;    25.383;    88.510; 
 300;     -.779;    25.356;    88.510; 
 301;     -.782;    25.336;    88.510; 
 302;     -.788;    25.304;    88.510; 
 303;     -.796;    25.269;    88.510; 
 304;     -.798;    25.251;    88.510; 
 305;     -.806;    25.211;    88.510; 
 306;     -.811;    25.188;    88.510; 
 307;     -.820;    25.146;    88.510; 
 308;     -.830;    25.108;    88.510; 
 309;     -.840;    25.073;    88.510; 
 310;     -.867;    25.008;    88.510; 
 311;    -1.055;    24.868;    88.510; 
 312;    -1.127;    24.857;    88.510; 
 313;    -1.165;    24.854;    88.510; 
 314;    -1.201;    24.853;    88.510; 
 315;    -1.234;    24.852;    88.510; 
 316;    -1.264;    24.851;    88.510; 
 317;    -1.294;    24.850;    88.510; 
 318;    -1.322;    24.849;    88.510; 
 319;    -1.351;    24.847;    88.510; 
 320;    -1.378;    24.845;    88.510; 
 321;    -1.415;    24.843;    88.510; 
 322;    -1.445;    24.842;    88.510; 
 323;    -1.510;    24.846;    88.510; 
 324;    -1.709;    24.978;    88.510; 
 325;    -1.743;    25.043;    88.510; 
 326;    -1.761;    25.092;    88.510; 
 327;    -1.771;    25.121;    88.510; 
 328;    -1.785;    25.168;    88.510; 
 329;    -1.792;    25.189;    88.510; 
 330;    -1.801;    25.220;    88.510; 
 331;    -1.810;    25.249;    88.510; 
 332;    -1.819;    25.279;    88.510; 
 333;    -1.828;    25.307;    88.510; 
 334;    -1.836;    25.328;    88.510; 
 335;    -1.845;    25.354;    88.510; 
 336;    -1.856;    25.383;    88.510; 
 337;    -1.866;    25.411;    88.510; 
 338;    -1.878;    25.446;    88.510; 
 339;    -1.887;    25.474;    88.510; 
 340;    -1.897;    25.502;    88.510; 
 341;    -1.906;    25.523;    88.510; 
 342;    -1.919;    25.561;    88.510; 
 343;    -1.927;    25.583;    88.510; 
 344;    -1.938;    25.611;    88.510; 
 345;    -1.948;    25.637;    88.510; 
 346;    -1.957;    25.660;    88.510; 
 347;    -1.969;    25.690;    88.510; 
 348;    -1.980;    25.715;    88.510; 
 349;    -1.992;    25.746;    88.510; 
 350;    -2.004;    25.774;    88.510; 
 351;    -2.016;    25.807;    88.510; 
 352;    -2.026;    25.830;    88.510; 
 353;    -2.037;    25.855;    88.510; 
 354;    -2.048;    25.879;    88.510; 
 355;    -2.062;    25.913;    88.510; 
 356;    -2.074;    25.940;    88.510; 
 357;    -2.084;    25.964;    88.510; 
 358;    -2.097;    25.992;    88.510; 
 359;    -2.108;    26.015;    88.510; 
 360;    -2.122;    26.045;    88.510; 
 361;    -2.134;    26.070;    88.510; 
 362;    -2.144;    26.090;    88.510; 
 363;    -2.162;    26.129;    88.510; 
 364;    -2.169;    26.141;    88.510; 
 365;    -2.190;    26.190;    88.510; 
 366;    -2.200;    26.209;    88.510; 
 367;    -2.208;    26.224;    88.510; 
 368;    -2.226;    26.264;    88.510; 
 369;    -2.238;    26.288;    88.510; 
 370;    -2.250;    26.313;    88.510; 
 371;    -2.262;    26.335;    88.510; 
 372;    -2.278;    26.367;    88.510; 
 373;    -2.293;    26.397;    88.510; 
 374;    -2.304;    26.420;    88.510; 
 375;    -2.319;    26.450;    88.510; 
 376;    -2.333;    26.478;    88.510; 
 377;    -2.346;    26.503;    88.510; 
 378;    -2.358;    26.527;    88.510; 
 379;    -2.371;    26.550;    88.510; 
 380;    -2.387;    26.579;    88.510; 
 381;    -2.402;    26.610;    88.510; 
 382;    -2.414;    26.631;    88.510; 
 383;    -2.428;    26.657;    88.510; 
 384;    -2.446;    26.690;    88.510; 
 385;    -2.457;    26.710;    88.510; 
 386;    -2.472;    26.737;    88.510; 
 387;    -2.487;    26.767;    88.510; 
 388;    -2.501;    26.792;    88.510; 
 389;    -2.514;    26.814;    88.510; 
 390;    -2.528;    26.839;    88.510; 
 391;    -2.543;    26.865;    88.510; 
 392;    -2.557;    26.888;    88.510; 
 393;    -2.568;    26.904;    88.510; 
 394;    -2.583;    26.928;    88.510; 
 395;    -2.592;    26.938;    88.510; 
 396;    -2.602;    26.949;    88.510; 
 397;    -2.612;    26.958;    88.510; 
 398;    -2.622;    26.965;    88.510; 
 399;    -2.629;    26.969;    88.510; 
 400;    -2.638;    26.973;    88.510; 
 401;    -2.649;    26.978;    88.510; 
 402;    -2.677;    26.992;    88.510; 
 403;    -2.710;    27.008;    88.510; 
 404;    -2.723;    27.013;    88.510; 
 405;    -2.729;    27.014;    88.510; 
 406;    -2.738;    27.015;    88.510; 
 407;    -2.749;    27.015;    88.510; 
 408;    -2.760;    27.015;    88.510; 
 409;    -2.771;    27.014;    88.510; 
 410;    -2.789;    27.012;    88.510; 
 411;    -2.813;    27.009;    88.510; 
 412;    -2.846;    27.006;    88.510; 
 413;    -2.873;    27.003;    88.510; 
 414;    -2.900;    27.000;    88.510; 
 415;    -2.933;    26.996;    88.510; 
 416;    -2.963;    26.992;    88.510; 
 417;    -2.988;    26.989;    88.510; 
