[A]
   1;     3.315;    26.753;    88.510; 
   2;     3.285;    26.757;    88.510; 
   3;     3.239;    26.763;    88.510; 
   4;     3.217;    26.766;    88.510; 
   5;     3.187;    26.770;    88.510; 
   6;     3.159;    26.773;    88.510; 
   7;     3.138;    26.775;    88.510; 
   8;     3.128;    26.774;    88.510; 
   9;     3.115;    26.772;    88.510; 
  10;     3.105;    26.770;    88.510; 
  11;     3.064;    26.765;    88.510; 
  12;     3.033;    26.761;    88.510; 
  13;     3.021;    26.758;    88.510; 
  14;     3.015;    26.755;    88.510; 
  15;     3.011;    26.752;    88.510; 
  16;     3.004;    26.747;    88.510; 
  17;     2.991;    26.739;    88.510; 
  18;     2.981;    26.731;    88.510; 
  19;     2.977;    26.726;    88.510; 
  20;     2.968;    26.716;    88.510; 
  21;     2.954;    26.701;    88.510; 
  22;     2.943;    26.687;    88.510; 
  23;     2.934;    26.674;    88.510; 
  24;     2.924;    26.658;    88.510; 
  25;     2.913;    26.639;    88.510; 
  26;     2.903;    26.619;    88.510; 
  27;     2.885;    26.589;    88.510; 
  28;     2.868;    26.559;    88.510; 
  29;     2.860;    26.543;    88.510; 
  30;     2.839;    26.508;    88.510; 
  31;     2.820;    26.476;    88.510; 
  32;     2.809;    26.458;    88.510; 
  33;     2.795;    26.433;    88.510; 
  34;     2.779;    26.405;    88.510; 
  35;     2.765;    26.380;    88.510; 
  36;     2.750;    26.355;    88.510; 
  37;     2.736;    26.329;    88.510; 
  38;     2.722;    26.303;    88.510; 
  39;     2.706;    26.275;    88.510; 
  40;     2.693;    26.251;    88.510; 
  41;     2.680;    26.226;    88.510; 
  42;     2.667;    26.201;    88.510; 
  43;     2.656;    26.179;    88.510; 
  44;     2.639;    26.145;    88.510; 
  45;     2.623;    26.115;    88.510; 
  46;     2.610;    26.091;    88.510; 
  47;     2.594;    26.061;    88.510; 
  48;     2.580;    26.034;    88.510; 
  49;     2.566;    26.008;    88.510; 
  50;     2.555;    25.986;    88.510; 
  51;     2.543;    25.961;    88.510; 
  52;     2.530;    25.934;    88.510; 
  53;     2.517;    25.907;    88.510; 
  54;     2.505;    25.882;    88.510; 
  55;     2.491;    25.853;    88.510; 
  56;     2.480;    25.829;    88.510; 
  57;     2.464;    25.795;    88.510; 
  58;     2.445;    25.760;    88.510; 
  59;     2.440;    25.748;    88.510; 
  60;     2.430;    25.724;    88.510; 
  61;     2.410;    25.684;    88.510; 
  62;     2.401;    25.664;    88.510; 
  63;     2.395;    25.647;    88.510; 
  64;     2.379;    25.610;    88.510; 
  65;     2.365;    25.579;    88.510; 
  66;     2.352;    25.551;    88.510; 
  67;     2.343;    25.528;    88.510; 
  68;     2.342;    25.521;    88.510; 
  69;     2.316;    25.462;    88.510; 
  70;     2.297;    25.424;    88.510; 
  71;     2.293;    25.414;    88.510; 
  72;     2.283;    25.391;    88.510; 
  73;     2.272;    25.363;    88.510; 
  74;     2.262;    25.337;    88.510; 
  75;     2.253;    25.313;    88.510; 
  76;     2.242;    25.285;    88.510; 
  77;     2.228;    25.250;    88.510; 
  78;     2.217;    25.223;    88.510; 
  79;     2.207;    25.197;    88.510; 
  80;     2.198;    25.171;    88.510; 
  81;     2.189;    25.146;    88.510; 
  82;     2.179;    25.119;    88.510; 
  83;     2.167;    25.085;    88.510; 
  84;     2.158;    25.060;    88.510; 
  85;     2.153;    25.044;    88.510; 
  86;     2.148;    25.023;    88.510; 
  87;     2.140;    24.994;    88.510; 
  88;     2.124;    24.946;    88.510; 
  89;     2.109;    24.908;    88.510; 
  90;     2.096;    24.876;    88.510; 
  91;     2.088;    24.856;    88.510; 
  92;     2.075;    24.823;    88.510; 
  93;     2.059;    24.786;    88.510; 
  94;     1.994;    24.697;    88.510; 
  95;     1.779;    24.618;    88.510; 
  96;     1.735;    24.620;    88.510; 
  97;     1.700;    24.623;    88.510; 
  98;     1.671;    24.625;    88.510; 
  99;     1.639;    24.628;    88.510; 
 100;     1.597;    24.633;    88.510; 
 101;     1.578;    24.634;    88.510; 
 102;     1.560;    24.634;    88.510; 
 103;     1.509;    24.639;    88.510; 
 104;     1.479;    24.642;    88.510; 
 105;     1.455;    24.644;    88.510; 
 106;     1.417;    24.648;    88.510; 
 107;     1.277;    24.708;    88.510; 
 108;     1.171;    24.873;    88.510; 
 109;     1.161;    24.915;    88.510; 
 110;     1.154;    24.951;    88.510; 
 111;     1.147;    24.985;    88.510; 
 112;     1.141;    25.016;    88.510; 
 113;     1.136;    25.052;    88.510; 
 114;     1.131;    25.071;    88.510; 
 115;     1.127;    25.083;    88.510; 
 116;     1.119;    25.111;    88.510; 
 117;     1.108;    25.176;    88.510; 
 118;     1.105;    25.187;    88.510; 
 119;     1.099;    25.215;    88.510; 
 120;     1.091;    25.259;    88.510; 
 121;     1.087;    25.278;    88.510; 
 122;     1.084;    25.286;    88.510; 
 123;     1.076;    25.308;    88.510; 
 124;     1.062;    25.374;    88.510; 
 125;     1.057;    25.400;    88.510; 
 126;     1.053;    25.422;    88.510; 
 127;     1.047;    25.442;    88.510; 
 128;     1.040;    25.469;    88.510; 
 129;     1.032;    25.496;    88.510; 
 130;     1.023;    25.529;    88.510; 
 131;     1.015;    25.560;    88.510; 
 132;     1.008;    25.588;    88.510; 
 133;     1.000;    25.616;    88.510; 
 134;      .992;    25.642;    88.510; 
 135;      .983;    25.672;    88.510; 
 136;      .976;    25.696;    88.510; 
 137;      .966;    25.728;    88.510; 
 138;      .956;    25.761;    88.510; 
 139;      .948;    25.790;    88.510; 
 140;      .941;    25.812;    88.510; 
 141;      .933;    25.833;    88.510; 
 142;      .919;    25.881;    88.510; 
 143;      .913;    25.903;    88.510; 
 144;      .905;    25.928;    88.510; 
 145;      .895;    25.958;    88.510; 
 146;      .886;    25.988;    88.510; 
 147;      .878;    26.013;    88.510; 
 148;      .869;    26.039;    88.510; 
 149;      .859;    26.067;    88.510; 
 150;      .849;    26.095;    88.510; 
 151;      .840;    26.122;    88.510; 
 152;      .832;    26.141;    88.510; 
 153;      .817;    26.184;    88.510; 
 154;      .808;    26.211;    88.510; 
 155;      .801;    26.229;    88.510; 
 156;      .786;    26.275;    88.510; 
 157;      .779;    26.293;    88.510; 
 158;      .773;    26.306;    88.510; 
 159;      .758;    26.341;    88.510; 
 160;      .750;    26.359;    88.510; 
 161;      .742;    26.372;    88.510; 
 162;      .720;    26.425;    88.510; 
 163;      .709;    26.455;    88.510; 
 164;      .696;    26.492;    88.510; 
 165;      .690;    26.509;    88.510; 
 166;      .678;    26.540;    88.510; 
 167;      .664;    26.589;    88.510; 
 168;      .657;    26.611;    88.510; 
 169;      .650;    26.627;    88.510; 
 170;      .640;    26.654;    88.510; 
 171;      .629;    26.684;    88.510; 
 172;      .623;    26.696;    88.510; 
 173;      .612;    26.718;    88.510; 
 174;      .599;    26.745;    88.510; 
 175;      .581;    26.788;    88.510; 
 176;      .576;    26.798;    88.510; 
 177;      .568;    26.808;    88.510; 
 178;      .563;    26.814;    88.510; 
 179;      .550;    26.830;    88.510; 
 180;      .522;    26.869;    88.510; 
 181;      .509;    26.887;    88.510; 
 182;      .506;    26.888;    88.510; 
 183;      .502;    26.889;    88.510; 
 184;      .496;    26.892;    88.510; 
 185;      .477;    26.904;    88.510; 
 186;      .457;    26.917;    88.510; 
 187;      .448;    26.920;    88.510; 
 188;      .438;    26.923;    88.510; 
 189;      .429;    26.925;    88.510; 
 190;      .406;    26.932;    88.510; 
 191;      .379;    26.939;    88.510; 
 192;      .356;    26.945;    88.510; 
 193;      .335;    26.949;    88.510; 
 194;      .323;    26.950;    88.510; 
 195;      .311;    26.950;    88.510; 
 196;      .291;    26.950;    88.510; 
 197;      .262;    26.950;    88.510; 
 198;      .234;    26.950;    88.510; 
 199;      .207;    26.950;    88.510; 
 200;      .170;    26.950;    88.510; 
 201;      .141;    26.950;    88.510; 
 202;      .115;    26.950;    88.510; 
 203;      .082;    26.950;    88.510; 
 204;      .046;    26.950;    88.510; 
 205;      .019;    26.951;    88.510; 
 206;      .005;    26.949;    88.510; 
 207;     -.033;    26.948;    88.510; 
 208;     -.074;    26.948;    88.510; 
 209;     -.084;    26.946;    88.510; 
 210;     -.098;    26.944;    88.510; 
 211;     -.131;    26.940;    88.510; 
 212;     -.158;    26.937;    88.510; 
 213;     -.167;    26.934;    88.510; 
 214;     -.217;    26.926;    88.510; 
 215;     -.237;    26.923;    88.510; 
 216;     -.239;    26.920;    88.510; 
 217;     -.243;    26.917;    88.510; 
 218;     -.257;    26.910;    88.510; 
 219;     -.267;    26.903;    88.510; 
 220;     -.282;    26.893;    88.510; 
 221;     -.288;    26.887;    88.510; 
 222;     -.294;    26.881;    88.510; 
 223;     -.300;    26.872;    88.510; 
 224;     -.309;    26.860;    88.510; 
 225;     -.316;    26.849;    88.510; 
 226;     -.329;    26.829;    88.510; 
 227;     -.337;    26.813;    88.510; 
 228;     -.346;    26.795;    88.510; 
 229;     -.355;    26.775;    88.510; 
 230;     -.365;    26.752;    88.510; 
 231;     -.374;    26.729;    88.510; 
 232;     -.381;    26.710;    88.510; 
 233;     -.397;    26.669;    88.510; 
 234;     -.406;    26.646;    88.510; 
 235;     -.421;    26.611;    88.510; 
 236;     -.429;    26.590;    88.510; 
 237;     -.433;    26.575;    88.510; 
 238;     -.442;    26.547;    88.510; 
 239;     -.459;    26.502;    88.510; 
 240;     -.472;    26.470;    88.510; 
 241;     -.487;    26.437;    88.510; 
 242;     -.496;    26.414;    88.510; 
 243;     -.509;    26.384;    88.510; 
 244;     -.519;    26.361;    88.510; 
 245;     -.531;    26.332;    88.510; 
 246;     -.541;    26.307;    88.510; 
 247;     -.549;    26.285;    88.510; 
 248;     -.556;    26.265;    88.510; 
 249;     -.562;    26.244;    88.510; 
 250;     -.576;    26.203;    88.510; 
 251;     -.585;    26.177;    88.510; 
 252;     -.599;    26.141;    88.510; 
 253;     -.612;    26.108;    88.510; 
 254;     -.622;    26.081;    88.510; 
 255;     -.626;    26.068;    88.510; 
 256;     -.633;    26.044;    88.510; 
 257;     -.648;    26.002;    88.510; 
 258;     -.655;    25.981;    88.510; 
 259;     -.663;    25.954;    88.510; 
 260;     -.667;    25.939;    88.510; 
 261;     -.685;    25.887;    88.510; 
 262;     -.699;    25.850;    88.510; 
 263;     -.704;    25.836;    88.510; 
 264;     -.711;    25.811;    88.510; 
 265;     -.725;    25.773;    88.510; 
 266;     -.732;    25.752;    88.510; 
 267;     -.737;    25.733;    88.510; 
 268;     -.749;    25.695;    88.510; 
 269;     -.755;    25.673;    88.510; 
 270;     -.760;    25.651;    88.510; 
 271;     -.774;    25.607;    88.510; 
 272;     -.780;    25.584;    88.510; 
 273;     -.788;    25.557;    88.510; 
 274;     -.796;    25.527;    88.510; 
 275;     -.804;    25.499;    88.510; 
 276;     -.812;    25.471;    88.510; 
 277;     -.819;    25.443;    88.510; 
 278;     -.825;    25.419;    88.510; 
 279;     -.833;    25.387;    88.510; 
 280;     -.841;    25.355;    88.510; 
 281;     -.847;    25.331;    88.510; 
 282;     -.855;    25.299;    88.510; 
 283;     -.862;    25.270;    88.510; 
 284;     -.868;    25.242;    88.510; 
 285;     -.876;    25.210;    88.510; 
 286;     -.881;    25.185;    88.510; 
 287;     -.888;    25.155;    88.510; 
 288;     -.893;    25.129;    88.510; 
 289;     -.899;    25.101;    88.510; 
 290;     -.906;    25.067;    88.510; 
 291;     -.910;    25.044;    88.510; 
 292;     -.911;    25.027;    88.510; 
 293;     -.911;    25.014;    88.510; 
 294;     -.929;    24.928;    88.510; 
 295;     -.936;    24.903;    88.510; 
 296;     -.948;    24.864;    88.510; 
 297;     -.965;    24.817;    88.510; 
 298;    -1.027;    24.724;    88.510; 
 299;    -1.220;    24.635;    88.510; 
 300;    -1.262;    24.632;    88.510; 
 301;    -1.300;    24.630;    88.510; 
 302;    -1.332;    24.630;    88.510; 
 303;    -1.356;    24.628;    88.510; 
 304;    -1.381;    24.626;    88.510; 
 305;    -1.417;    24.624;    88.510; 
 306;    -1.451;    24.623;    88.510; 
 307;    -1.480;    24.621;    88.510; 
 308;    -1.503;    24.620;    88.510; 
 309;    -1.533;    24.617;    88.510; 
 310;    -1.571;    24.615;    88.510; 
 311;    -1.733;    24.663;    88.510; 
 312;    -1.855;    24.828;    88.510; 
 313;    -1.862;    24.846;    88.510; 
 314;    -1.869;    24.860;    88.510; 
 315;    -1.887;    24.911;    88.510; 
 316;    -1.899;    24.952;    88.510; 
 317;    -1.905;    24.969;    88.510; 
 318;    -1.910;    24.977;    88.510; 
 319;    -1.931;    25.047;    88.510; 
 320;    -1.938;    25.083;    88.510; 
 321;    -1.941;    25.087;    88.510; 
 322;    -1.946;    25.095;    88.510; 
 323;    -1.964;    25.150;    88.510; 
 324;    -1.972;    25.179;    88.510; 
 325;    -1.977;    25.189;    88.510; 
 326;    -1.988;    25.221;    88.510; 
 327;    -2.001;    25.259;    88.510; 
 328;    -2.008;    25.275;    88.510; 
 329;    -2.015;    25.291;    88.510; 
 330;    -2.031;    25.330;    88.510; 
 331;    -2.044;    25.364;    88.510; 
 332;    -2.055;    25.397;    88.510; 
 333;    -2.062;    25.412;    88.510; 
 334;    -2.067;    25.419;    88.510; 
 335;    -2.087;    25.464;    88.510; 
 336;    -2.102;    25.501;    88.510; 
 337;    -2.115;    25.541;    88.510; 
 338;    -2.124;    25.566;    88.510; 
 339;    -2.131;    25.580;    88.510; 
 340;    -2.141;    25.605;    88.510; 
 341;    -2.153;    25.630;    88.510; 
 342;    -2.165;    25.658;    88.510; 
 343;    -2.178;    25.688;    88.510; 
 344;    -2.192;    25.719;    88.510; 
 345;    -2.202;    25.743;    88.510; 
 346;    -2.215;    25.772;    88.510; 
 347;    -2.225;    25.791;    88.510; 
 348;    -2.239;    25.823;    88.510; 
 349;    -2.254;    25.856;    88.510; 
 350;    -2.265;    25.879;    88.510; 
 351;    -2.276;    25.902;    88.510; 
 352;    -2.289;    25.929;    88.510; 
 353;    -2.302;    25.955;    88.510; 
 354;    -2.318;    25.991;    88.510; 
 355;    -2.330;    26.015;    88.510; 
 356;    -2.337;    26.028;    88.510; 
 357;    -2.347;    26.044;    88.510; 
 358;    -2.372;    26.095;    88.510; 
 359;    -2.387;    26.129;    88.510; 
 360;    -2.398;    26.150;    88.510; 
 361;    -2.408;    26.170;    88.510; 
 362;    -2.422;    26.196;    88.510; 
 363;    -2.434;    26.218;    88.510; 
 364;    -2.445;    26.236;    88.510; 
 365;    -2.470;    26.288;    88.510; 
 366;    -2.482;    26.314;    88.510; 
 367;    -2.489;    26.324;    88.510; 
 368;    -2.505;    26.353;    88.510; 
 369;    -2.521;    26.384;    88.510; 
 370;    -2.533;    26.403;    88.510; 
 371;    -2.552;    26.439;    88.510; 
 372;    -2.568;    26.470;    88.510; 
 373;    -2.579;    26.491;    88.510; 
 374;    -2.591;    26.513;    88.510; 
 375;    -2.607;    26.540;    88.510; 
 376;    -2.621;    26.566;    88.510; 
 377;    -2.636;    26.591;    88.510; 
 378;    -2.647;    26.610;    88.510; 
 379;    -2.664;    26.638;    88.510; 
 380;    -2.673;    26.650;    88.510; 
 381;    -2.680;    26.658;    88.510; 
 382;    -2.689;    26.666;    88.510; 
 383;    -2.700;    26.675;    88.510; 
 384;    -2.728;    26.703;    88.510; 
 385;    -2.749;    26.723;    88.510; 
 386;    -2.752;    26.723;    88.510; 
 387;    -2.756;    26.724;    88.510; 
 388;    -2.766;    26.728;    88.510; 
 389;    -2.781;    26.734;    88.510; 
 390;    -2.819;    26.753;    88.510; 
 391;    -2.844;    26.766;    88.510; 
 392;    -2.852;    26.767;    88.510; 
 393;    -2.864;    26.770;    88.510; 
 394;    -2.873;    26.771;    88.510; 
 395;    -2.884;    26.772;    88.510; 
 396;    -2.891;    26.771;    88.510; 
 397;    -2.907;    26.770;    88.510; 
