[A]
   1;     3.131;    26.893;    88.508; 
   2;     3.100;    26.896;    88.508; 
   3;     3.069;    26.900;    88.508; 
   4;     3.038;    26.904;    88.508; 
   5;     3.012;    26.907;    88.508; 
   6;     2.977;    26.912;    88.508; 
   7;     2.953;    26.914;    88.508; 
   8;     2.925;    26.917;    88.508; 
   9;     2.883;    26.923;    88.508; 
  10;     2.857;    26.926;    88.508; 
  11;     2.831;    26.928;    88.508; 
  12;     2.792;    26.934;    88.508; 
  13;     2.773;    26.935;    88.508; 
  14;     2.749;    26.937;    88.508; 
  15;     2.730;    26.937;    88.508; 
  16;     2.710;    26.936;    88.508; 
  17;     2.696;    26.934;    88.508; 
  18;     2.684;    26.932;    88.508; 
  19;     2.678;    26.929;    88.508; 
  20;     2.669;    26.925;    88.508; 
  21;     2.651;    26.918;    88.508; 
  22;     2.627;    26.907;    88.508; 
  23;     2.618;    26.901;    88.508; 
  24;     2.611;    26.896;    88.508; 
  25;     2.603;    26.889;    88.508; 
  26;     2.592;    26.879;    88.508; 
  27;     2.584;    26.869;    88.508; 
  28;     2.580;    26.862;    88.508; 
  29;     2.566;    26.842;    88.508; 
  30;     2.549;    26.819;    88.508; 
  31;     2.540;    26.804;    88.508; 
  32;     2.533;    26.791;    88.508; 
  33;     2.518;    26.764;    88.508; 
  34;     2.502;    26.734;    88.508; 
  35;     2.484;    26.705;    88.508; 
  36;     2.473;    26.684;    88.508; 
  37;     2.462;    26.663;    88.508; 
  38;     2.446;    26.633;    88.508; 
  39;     2.426;    26.598;    88.508; 
  40;     2.413;    26.575;    88.508; 
  41;     2.399;    26.550;    88.508; 
  42;     2.384;    26.523;    88.508; 
  43;     2.374;    26.502;    88.508; 
  44;     2.359;    26.475;    88.508; 
  45;     2.342;    26.443;    88.508; 
  46;     2.328;    26.417;    88.508; 
  47;     2.314;    26.391;    88.508; 
  48;     2.302;    26.367;    88.508; 
  49;     2.290;    26.343;    88.508; 
  50;     2.274;    26.313;    88.508; 
  51;     2.263;    26.289;    88.508; 
  52;     2.250;    26.263;    88.508; 
  53;     2.231;    26.228;    88.508; 
  54;     2.217;    26.201;    88.508; 
  55;     2.206;    26.178;    88.508; 
  56;     2.194;    26.155;    88.508; 
  57;     2.182;    26.128;    88.508; 
  58;     2.168;    26.100;    88.508; 
  59;     2.155;    26.072;    88.508; 
  60;     2.143;    26.047;    88.508; 
  61;     2.133;    26.024;    88.508; 
  62;     2.115;    25.987;    88.508; 
  63;     2.104;    25.964;    88.508; 
  64;     2.095;    25.942;    88.508; 
  65;     2.077;    25.906;    88.508; 
  66;     2.066;    25.882;    88.508; 
  67;     2.053;    25.855;    88.508; 
  68;     2.042;    25.829;    88.508; 
  69;     2.031;    25.803;    88.508; 
  70;     2.021;    25.779;    88.508; 
  71;     2.015;    25.762;    88.508; 
  72;     1.993;    25.712;    88.508; 
  73;     1.981;    25.687;    88.508; 
  74;     1.973;    25.666;    88.508; 
  75;     1.962;    25.639;    88.508; 
  76;     1.950;    25.612;    88.508; 
  77;     1.939;    25.584;    88.508; 
  78;     1.927;    25.554;    88.508; 
  79;     1.917;    25.529;    88.508; 
  80;     1.907;    25.503;    88.508; 
  81;     1.895;    25.472;    88.508; 
  82;     1.885;    25.446;    88.508; 
  83;     1.875;    25.418;    88.508; 
  84;     1.864;    25.390;    88.508; 
  85;     1.855;    25.364;    88.508; 
  86;     1.846;    25.337;    88.508; 
  87;     1.839;    25.316;    88.508; 
  88;     1.830;    25.286;    88.508; 
  89;     1.813;    25.239;    88.508; 
  90;     1.806;    25.221;    88.508; 
  91;     1.802;    25.203;    88.508; 
  92;     1.786;    25.158;    88.508; 
  93;     1.776;    25.130;    88.508; 
  94;     1.770;    25.110;    88.508; 
  95;     1.762;    25.085;    88.508; 
  96;     1.752;    25.051;    88.508; 
  97;     1.740;    25.017;    88.508; 
  98;     1.725;    24.978;    88.508; 
  99;     1.708;    24.939;    88.508; 
 100;     1.675;    24.883;    88.508; 
 101;     1.474;    24.766;    88.508; 
 102;     1.392;    24.765;    88.508; 
 103;     1.352;    24.768;    88.508; 
 104;     1.326;    24.770;    88.508; 
 105;     1.298;    24.771;    88.508; 
 106;     1.278;    24.772;    88.508; 
 107;     1.247;    24.772;    88.508; 
 108;     1.200;    24.776;    88.508; 
 109;     1.180;    24.776;    88.508; 
 110;     1.137;    24.780;    88.508; 
 111;     1.106;    24.783;    88.508; 
 112;     1.081;    24.785;    88.508; 
 113;     1.016;    24.797;    88.508; 
 114;      .837;    24.949;    88.508; 
 115;      .808;    25.034;    88.508; 
 116;      .799;    25.077;    88.508; 
 117;      .793;    25.105;    88.508; 
 118;      .789;    25.120;    88.508; 
 119;      .779;    25.165;    88.508; 
 120;      .774;    25.187;    88.508; 
 121;      .766;    25.232;    88.508; 
 122;      .761;    25.274;    88.508; 
 123;      .757;    25.292;    88.508; 
 124;      .753;    25.310;    88.508; 
 125;      .748;    25.324;    88.508; 
 126;      .737;    25.372;    88.508; 
 127;      .730;    25.412;    88.508; 
 128;      .726;    25.431;    88.508; 
 129;      .720;    25.458;    88.508; 
 130;      .713;    25.491;    88.508; 
 131;      .707;    25.518;    88.508; 
 132;      .702;    25.534;    88.508; 
 133;      .693;    25.571;    88.508; 
 134;      .686;    25.600;    88.508; 
 135;      .679;    25.626;    88.508; 
 136;      .671;    25.656;    88.508; 
 137;      .664;    25.680;    88.508; 
 138;      .657;    25.702;    88.508; 
 139;      .647;    25.736;    88.508; 
 140;      .637;    25.770;    88.508; 
 141;      .629;    25.801;    88.508; 
 142;      .620;    25.832;    88.508; 
 143;      .613;    25.855;    88.508; 
 144;      .605;    25.881;    88.508; 
 145;      .595;    25.917;    88.508; 
 146;      .587;    25.943;    88.508; 
 147;      .579;    25.967;    88.508; 
 148;      .570;    25.995;    88.508; 
 149;      .561;    26.025;    88.508; 
 150;      .552;    26.050;    88.508; 
 151;      .542;    26.081;    88.508; 
 152;      .532;    26.113;    88.508; 
 153;      .523;    26.139;    88.508; 
 154;      .514;    26.161;    88.508; 
 155;      .503;    26.193;    88.508; 
 156;      .491;    26.229;    88.508; 
 157;      .483;    26.254;    88.508; 
 158;      .475;    26.275;    88.508; 
 159;      .462;    26.312;    88.508; 
 160;      .454;    26.335;    88.508; 
 161;      .444;    26.360;    88.508; 
 162;      .435;    26.385;    88.508; 
 163;      .423;    26.414;    88.508; 
 164;      .408;    26.460;    88.508; 
 165;      .401;    26.479;    88.508; 
 166;      .393;    26.498;    88.508; 
 167;      .381;    26.530;    88.508; 
 168;      .369;    26.561;    88.508; 
 169;      .358;    26.589;    88.508; 
 170;      .348;    26.615;    88.508; 
 171;      .337;    26.643;    88.508; 
 172;      .327;    26.665;    88.508; 
 173;      .315;    26.695;    88.508; 
 174;      .304;    26.721;    88.508; 
 175;      .291;    26.753;    88.508; 
 176;      .279;    26.783;    88.508; 
 177;      .270;    26.803;    88.508; 
 178;      .256;    26.837;    88.508; 
 179;      .243;    26.869;    88.508; 
 180;      .236;    26.884;    88.508; 
 181;      .222;    26.915;    88.508; 
 182;      .207;    26.951;    88.508; 
 183;      .200;    26.966;    88.508; 
 184;      .194;    26.975;    88.508; 
 185;      .184;    26.990;    88.508; 
 186;      .173;    27.004;    88.508; 
 187;      .165;    27.012;    88.508; 
 188;      .157;    27.019;    88.508; 
 189;      .139;    27.036;    88.508; 
 190;      .124;    27.049;    88.508; 
 191;      .111;    27.058;    88.508; 
 192;      .102;    27.062;    88.508; 
 193;      .101;    27.061;    88.508; 
 194;      .089;    27.065;    88.508; 
 195;      .057;    27.077;    88.508; 
 196;      .042;    27.081;    88.508; 
 197;      .034;    27.081;    88.508; 
 198;      .025;    27.082;    88.508; 
 199;      .014;    27.081;    88.508; 
 200;     -.007;    27.081;    88.508; 
 201;     -.035;    27.081;    88.508; 
 202;     -.069;    27.081;    88.508; 
 203;     -.098;    27.081;    88.508; 
 204;     -.129;    27.081;    88.508; 
 205;     -.157;    27.081;    88.508; 
 206;     -.188;    27.081;    88.508; 
 207;     -.219;    27.081;    88.508; 
 208;     -.250;    27.081;    88.508; 
 209;     -.280;    27.081;    88.508; 
 210;     -.314;    27.081;    88.508; 
 211;     -.342;    27.081;    88.508; 
 212;     -.367;    27.081;    88.508; 
 213;     -.395;    27.080;    88.508; 
 214;     -.432;    27.079;    88.508; 
 215;     -.458;    27.079;    88.508; 
 216;     -.480;    27.077;    88.508; 
 217;     -.499;    27.075;    88.508; 
 218;     -.515;    27.072;    88.508; 
 219;     -.524;    27.069;    88.508; 
 220;     -.533;    27.065;    88.508; 
 221;     -.565;    27.055;    88.508; 
 222;     -.584;    27.048;    88.508; 
 223;     -.600;    27.041;    88.508; 
 224;     -.614;    27.034;    88.508; 
 225;     -.629;    27.025;    88.508; 
 226;     -.648;    27.013;    88.508; 
 227;     -.657;    27.006;    88.508; 
 228;     -.659;    27.001;    88.508; 
 229;     -.662;    26.997;    88.508; 
 230;     -.667;    26.989;    88.508; 
 231;     -.674;    26.977;    88.508; 
 232;     -.683;    26.960;    88.508; 
 233;     -.692;    26.943;    88.508; 
 234;     -.706;    26.916;    88.508; 
 235;     -.724;    26.884;    88.508; 
 236;     -.731;    26.868;    88.508; 
 237;     -.733;    26.861;    88.508; 
 238;     -.741;    26.838;    88.508; 
 239;     -.760;    26.791;    88.508; 
 240;     -.773;    26.762;    88.508; 
 241;     -.782;    26.740;    88.508; 
 242;     -.793;    26.714;    88.508; 
 243;     -.804;    26.686;    88.508; 
 244;     -.812;    26.664;    88.508; 
 245;     -.825;    26.630;    88.508; 
 246;     -.837;    26.601;    88.508; 
 247;     -.846;    26.577;    88.508; 
 248;     -.855;    26.551;    88.508; 
 249;     -.869;    26.516;    88.508; 
 250;     -.880;    26.489;    88.508; 
 251;     -.890;    26.463;    88.508; 
 252;     -.900;    26.436;    88.508; 
 253;     -.909;    26.411;    88.508; 
 254;     -.914;    26.393;    88.508; 
 255;     -.924;    26.361;    88.508; 
 256;     -.945;    26.309;    88.508; 
 257;     -.954;    26.287;    88.508; 
 258;     -.961;    26.268;    88.508; 
 259;     -.969;    26.243;    88.508; 
 260;     -.977;    26.218;    88.508; 
 261;     -.987;    26.187;    88.508; 
 262;     -.996;    26.159;    88.508; 
 263;    -1.010;    26.119;    88.508; 
 264;    -1.021;    26.091;    88.508; 
 265;    -1.028;    26.069;    88.508; 
 266;    -1.034;    26.048;    88.508; 
 267;    -1.046;    26.011;    88.508; 
 268;    -1.056;    25.982;    88.508; 
 269;    -1.065;    25.954;    88.508; 
 270;    -1.074;    25.925;    88.508; 
 271;    -1.082;    25.898;    88.508; 
 272;    -1.089;    25.876;    88.508; 
 273;    -1.098;    25.844;    88.508; 
 274;    -1.107;    25.814;    88.508; 
 275;    -1.113;    25.790;    88.508; 
 276;    -1.123;    25.756;    88.508; 
 277;    -1.133;    25.723;    88.508; 
 278;    -1.139;    25.699;    88.508; 
 279;    -1.145;    25.676;    88.508; 
 280;    -1.157;    25.636;    88.508; 
 281;    -1.164;    25.611;    88.508; 
 282;    -1.170;    25.586;    88.508; 
 283;    -1.177;    25.557;    88.508; 
 284;    -1.186;    25.522;    88.508; 
 285;    -1.192;    25.498;    88.508; 
 286;    -1.198;    25.473;    88.508; 
 287;    -1.205;    25.441;    88.508; 
 288;    -1.210;    25.419;    88.508; 
 289;    -1.215;    25.390;    88.508; 
 290;    -1.222;    25.357;    88.508; 
 291;    -1.226;    25.336;    88.508; 
 292;    -1.233;    25.299;    88.508; 
 293;    -1.246;    25.251;    88.508; 
 294;    -1.252;    25.226;    88.508; 
 295;    -1.256;    25.208;    88.508; 
 296;    -1.260;    25.185;    88.508; 
 297;    -1.264;    25.159;    88.508; 
 298;    -1.270;    25.124;    88.508; 
 299;    -1.276;    25.093;    88.508; 
 300;    -1.282;    25.063;    88.508; 
 301;    -1.289;    25.026;    88.508; 
 302;    -1.304;    24.976;    88.508; 
 303;    -1.323;    24.927;    88.508; 
 304;    -1.473;    24.784;    88.508; 
 305;    -1.595;    24.758;    88.508; 
 306;    -1.633;    24.757;    88.508; 
 307;    -1.658;    24.755;    88.508; 
 308;    -1.686;    24.753;    88.508; 
 309;    -1.714;    24.751;    88.508; 
 310;    -1.750;    24.749;    88.508; 
 311;    -1.783;    24.747;    88.508; 
 312;    -1.801;    24.746;    88.508; 
 313;    -1.841;    24.743;    88.508; 
 314;    -1.871;    24.742;    88.508; 
 315;    -1.937;    24.740;    88.508; 
 316;    -2.115;    24.809;    88.508; 
 317;    -2.207;    24.946;    88.508; 
 318;    -2.219;    24.980;    88.508; 
 319;    -2.229;    25.005;    88.508; 
 320;    -2.242;    25.047;    88.508; 
 321;    -2.251;    25.075;    88.508; 
 322;    -2.258;    25.093;    88.508; 
 323;    -2.272;    25.148;    88.508; 
 324;    -2.279;    25.172;    88.508; 
 325;    -2.285;    25.192;    88.508; 
 326;    -2.291;    25.205;    88.508; 
 327;    -2.301;    25.230;    88.508; 
 328;    -2.315;    25.269;    88.508; 
 329;    -2.323;    25.292;    88.508; 
 330;    -2.336;    25.331;    88.508; 
 331;    -2.345;    25.356;    88.508; 
 332;    -2.355;    25.383;    88.508; 
 333;    -2.365;    25.411;    88.508; 
 334;    -2.374;    25.434;    88.508; 
 335;    -2.384;    25.458;    88.508; 
 336;    -2.394;    25.482;    88.508; 
 337;    -2.406;    25.511;    88.508; 
 338;    -2.421;    25.550;    88.508; 
 339;    -2.430;    25.572;    88.508; 
 340;    -2.436;    25.585;    88.508; 
 341;    -2.453;    25.623;    88.508; 
 342;    -2.465;    25.650;    88.508; 
 343;    -2.478;    25.683;    88.508; 
 344;    -2.486;    25.700;    88.508; 
 345;    -2.503;    25.740;    88.508; 
 346;    -2.515;    25.768;    88.508; 
 347;    -2.527;    25.798;    88.508; 
 348;    -2.535;    25.818;    88.508; 
 349;    -2.546;    25.840;    88.508; 
 350;    -2.560;    25.871;    88.508; 
 351;    -2.572;    25.896;    88.508; 
 352;    -2.583;    25.918;    88.508; 
 353;    -2.599;    25.954;    88.508; 
 354;    -2.610;    25.977;    88.508; 
 355;    -2.621;    25.998;    88.508; 
 356;    -2.634;    26.024;    88.508; 
 357;    -2.648;    26.050;    88.508; 
 358;    -2.666;    26.089;    88.508; 
 359;    -2.676;    26.109;    88.508; 
 360;    -2.683;    26.120;    88.508; 
 361;    -2.706;    26.166;    88.508; 
 362;    -2.721;    26.199;    88.508; 
 363;    -2.730;    26.217;    88.508; 
 364;    -2.745;    26.247;    88.508; 
 365;    -2.758;    26.272;    88.508; 
 366;    -2.770;    26.294;    88.508; 
 367;    -2.785;    26.323;    88.508; 
 368;    -2.797;    26.346;    88.508; 
 369;    -2.813;    26.376;    88.508; 
 370;    -2.827;    26.401;    88.508; 
 371;    -2.840;    26.427;    88.508; 
 372;    -2.855;    26.455;    88.508; 
 373;    -2.870;    26.483;    88.508; 
 374;    -2.884;    26.508;    88.508; 
 375;    -2.897;    26.530;    88.508; 
 376;    -2.914;    26.562;    88.508; 
 377;    -2.926;    26.582;    88.508; 
 378;    -2.942;    26.612;    88.508; 
 379;    -2.955;    26.634;    88.508; 
 380;    -2.974;    26.667;    88.508; 
 381;    -2.988;    26.693;    88.508; 
 382;    -3.001;    26.715;    88.508; 
 383;    -3.011;    26.731;    88.508; 
 384;    -3.020;    26.741;    88.508; 
 385;    -3.036;    26.763;    88.508; 
 386;    -3.068;    26.814;    88.508; 
 387;    -3.074;    26.820;    88.508; 
 388;    -3.081;    26.826;    88.508; 
 389;    -3.087;    26.830;    88.508; 
 390;    -3.093;    26.834;    88.508; 
 391;    -3.100;    26.837;    88.508; 
 392;    -3.106;    26.839;    88.508; 
 393;    -3.115;    26.841;    88.508; 
 394;    -3.139;    26.850;    88.508; 
 395;    -3.166;    26.860;    88.508; 
 396;    -3.180;    26.864;    88.508; 
 397;    -3.183;    26.863;    88.508; 
 398;    -3.211;    26.867;    88.508; 
 399;    -3.254;    26.877;    88.508; 
 400;    -3.268;    26.878;    88.508; 
 401;    -3.275;    26.877;    88.508; 
 402;    -3.284;    26.876;    88.508; 
 403;    -3.306;    26.875;    88.508; 
