[A]
   1;     3.454;    26.732;    88.509; 
   2;     3.424;    26.736;    88.509; 
   3;     3.394;    26.740;    88.509; 
   4;     3.362;    26.745;    88.509; 
   5;     3.336;    26.748;    88.509; 
   6;     3.308;    26.751;    88.509; 
   7;     3.275;    26.755;    88.509; 
   8;     3.245;    26.758;    88.509; 
   9;     3.214;    26.762;    88.509; 
  10;     3.183;    26.766;    88.509; 
  11;     3.157;    26.769;    88.509; 
  12;     3.128;    26.772;    88.509; 
  13;     3.092;    26.777;    88.509; 
  14;     3.064;    26.781;    88.509; 
  15;     3.044;    26.782;    88.509; 
  16;     3.034;    26.781;    88.509; 
  17;     3.022;    26.779;    88.509; 
  18;     3.000;    26.777;    88.509; 
  19;     2.986;    26.774;    88.509; 
  20;     2.976;    26.770;    88.509; 
  21;     2.963;    26.765;    88.509; 
  22;     2.946;    26.758;    88.509; 
  23;     2.934;    26.752;    88.509; 
  24;     2.925;    26.746;    88.509; 
  25;     2.913;    26.737;    88.509; 
  26;     2.902;    26.728;    88.509; 
  27;     2.894;    26.719;    88.509; 
  28;     2.888;    26.711;    88.509; 
  29;     2.876;    26.696;    88.509; 
  30;     2.864;    26.680;    88.509; 
  31;     2.855;    26.665;    88.509; 
  32;     2.846;    26.649;    88.509; 
  33;     2.834;    26.627;    88.509; 
  34;     2.821;    26.603;    88.509; 
  35;     2.801;    26.569;    88.509; 
  36;     2.786;    26.543;    88.509; 
  37;     2.770;    26.516;    88.509; 
  38;     2.761;    26.498;    88.509; 
  39;     2.749;    26.475;    88.509; 
  40;     2.731;    26.441;    88.509; 
  41;     2.716;    26.414;    88.509; 
  42;     2.701;    26.388;    88.509; 
  43;     2.685;    26.359;    88.509; 
  44;     2.668;    26.330;    88.509; 
  45;     2.654;    26.306;    88.509; 
  46;     2.641;    26.282;    88.509; 
  47;     2.626;    26.256;    88.509; 
  48;     2.613;    26.231;    88.509; 
  49;     2.603;    26.211;    88.509; 
  50;     2.586;    26.179;    88.509; 
  51;     2.574;    26.154;    88.509; 
  52;     2.561;    26.129;    88.509; 
  53;     2.545;    26.098;    88.509; 
  54;     2.531;    26.072;    88.509; 
  55;     2.516;    26.043;    88.509; 
  56;     2.504;    26.020;    88.509; 
  57;     2.493;    25.996;    88.509; 
  58;     2.478;    25.966;    88.509; 
  59;     2.468;    25.945;    88.509; 
  60;     2.459;    25.924;    88.509; 
  61;     2.451;    25.903;    88.509; 
  62;     2.427;    25.854;    88.509; 
  63;     2.404;    25.815;    88.509; 
  64;     2.400;    25.803;    88.509; 
  65;     2.391;    25.784;    88.509; 
  66;     2.380;    25.759;    88.509; 
  67;     2.363;    25.722;    88.509; 
  68;     2.350;    25.696;    88.509; 
  69;     2.342;    25.676;    88.509; 
  70;     2.333;    25.654;    88.509; 
  71;     2.326;    25.635;    88.509; 
  72;     2.312;    25.599;    88.509; 
  73;     2.284;    25.544;    88.509; 
  74;     2.277;    25.530;    88.509; 
  75;     2.269;    25.510;    88.509; 
  76;     2.259;    25.486;    88.509; 
  77;     2.244;    25.452;    88.509; 
  78;     2.237;    25.432;    88.509; 
  79;     2.226;    25.405;    88.509; 
  80;     2.215;    25.376;    88.509; 
  81;     2.203;    25.347;    88.509; 
  82;     2.190;    25.316;    88.509; 
  83;     2.180;    25.290;    88.509; 
  84;     2.171;    25.265;    88.509; 
  85;     2.163;    25.244;    88.509; 
  86;     2.154;    25.215;    88.509; 
  87;     2.139;    25.177;    88.509; 
  88;     2.125;    25.143;    88.509; 
  89;     2.117;    25.121;    88.509; 
  90;     2.110;    25.101;    88.509; 
  91;     2.104;    25.078;    88.509; 
  92;     2.088;    25.037;    88.509; 
  93;     2.080;    25.012;    88.509; 
  94;     2.080;    25.007;    88.509; 
  95;     2.080;    25.001;    88.509; 
  96;     2.062;    24.933;    88.509; 
  97;     2.042;    24.885;    88.509; 
  98;     2.034;    24.865;    88.509; 
  99;     2.023;    24.836;    88.509; 
 100;     1.996;    24.783;    88.509; 
 101;     1.975;    24.747;    88.509; 
 102;     1.833;    24.636;    88.509; 
 103;     1.689;    24.617;    88.509; 
 104;     1.654;    24.620;    88.509; 
 105;     1.634;    24.620;    88.509; 
 106;     1.595;    24.623;    88.509; 
 107;     1.565;    24.625;    88.509; 
 108;     1.548;    24.625;    88.509; 
 109;     1.499;    24.629;    88.509; 
 110;     1.460;    24.633;    88.509; 
 111;     1.440;    24.635;    88.509; 
 112;     1.418;    24.636;    88.509; 
 113;     1.390;    24.638;    88.509; 
 114;     1.343;    24.643;    88.509; 
 115;     1.189;    24.719;    88.509; 
 116;     1.100;    24.887;    88.509; 
 117;     1.094;    24.914;    88.509; 
 118;     1.087;    24.953;    88.509; 
 119;     1.082;    24.984;    88.509; 
 120;     1.077;    25.010;    88.509; 
 121;     1.072;    25.026;    88.509; 
 122;     1.066;    25.046;    88.509; 
 123;     1.057;    25.078;    88.509; 
 124;     1.046;    25.140;    88.509; 
 125;     1.042;    25.180;    88.509; 
 126;     1.039;    25.199;    88.509; 
 127;     1.034;    25.230;    88.509; 
 128;     1.030;    25.250;    88.509; 
 129;     1.025;    25.270;    88.509; 
 130;     1.018;    25.296;    88.509; 
 131;     1.011;    25.331;    88.509; 
 132;     1.004;    25.361;    88.509; 
 133;      .997;    25.388;    88.509; 
 134;      .991;    25.413;    88.509; 
 135;      .983;    25.440;    88.509; 
 136;      .975;    25.474;    88.509; 
 137;      .968;    25.496;    88.509; 
 138;      .959;    25.533;    88.509; 
 139;      .951;    25.570;    88.509; 
 140;      .945;    25.588;    88.509; 
 141;      .939;    25.611;    88.509; 
 142;      .931;    25.633;    88.509; 
 143;      .924;    25.651;    88.509; 
 144;      .908;    25.702;    88.509; 
 145;      .899;    25.741;    88.509; 
 146;      .893;    25.760;    88.509; 
 147;      .887;    25.777;    88.509; 
 148;      .875;    25.819;    88.509; 
 149;      .867;    25.848;    88.509; 
 150;      .858;    25.881;    88.509; 
 151;      .851;    25.907;    88.509; 
 152;      .844;    25.930;    88.509; 
 153;      .837;    25.950;    88.509; 
 154;      .827;    25.980;    88.509; 
 155;      .819;    26.000;    88.509; 
 156;      .806;    26.035;    88.509; 
 157;      .795;    26.070;    88.509; 
 158;      .786;    26.102;    88.509; 
 159;      .778;    26.122;    88.509; 
 160;      .770;    26.143;    88.509; 
 161;      .758;    26.179;    88.509; 
 162;      .749;    26.203;    88.509; 
 163;      .743;    26.213;    88.509; 
 164;      .727;    26.254;    88.509; 
 165;      .711;    26.305;    88.509; 
 166;      .704;    26.325;    88.509; 
 167;      .696;    26.348;    88.509; 
 168;      .687;    26.372;    88.509; 
 169;      .677;    26.397;    88.509; 
 170;      .665;    26.427;    88.509; 
 171;      .655;    26.454;    88.509; 
 172;      .644;    26.481;    88.509; 
 173;      .633;    26.507;    88.509; 
 174;      .622;    26.532;    88.509; 
 175;      .611;    26.559;    88.509; 
 176;      .595;    26.601;    88.509; 
 177;      .587;    26.622;    88.509; 
 178;      .576;    26.648;    88.509; 
 179;      .563;    26.683;    88.509; 
 180;      .555;    26.700;    88.509; 
 181;      .547;    26.717;    88.509; 
 182;      .535;    26.739;    88.509; 
 183;      .520;    26.768;    88.509; 
 184;      .510;    26.787;    88.509; 
 185;      .495;    26.812;    88.509; 
 186;      .482;    26.834;    88.509; 
 187;      .466;    26.861;    88.509; 
 188;      .461;    26.867;    88.509; 
 189;      .457;    26.869;    88.509; 
 190;      .453;    26.870;    88.509; 
 191;      .439;    26.881;    88.509; 
 192;      .431;    26.886;    88.509; 
 193;      .412;    26.897;    88.509; 
 194;      .390;    26.910;    88.509; 
 195;      .372;    26.919;    88.509; 
 196;      .362;    26.922;    88.509; 
 197;      .347;    26.927;    88.509; 
 198;      .338;    26.929;    88.509; 
 199;      .327;    26.930;    88.509; 
 200;      .302;    26.934;    88.509; 
 201;      .291;    26.934;    88.509; 
 202;      .278;    26.934;    88.509; 
 203;      .258;    26.933;    88.509; 
 204;      .202;    26.936;    88.509; 
 205;      .180;    26.937;    88.509; 
 206;      .146;    26.939;    88.509; 
 207;      .121;    26.940;    88.509; 
 208;      .102;    26.939;    88.509; 
 209;      .069;    26.939;    88.509; 
 210;      .039;    26.939;    88.509; 
 211;      .018;    26.938;    88.509; 
 212;      .002;    26.936;    88.509; 
 213;     -.034;    26.933;    88.509; 
 214;     -.088;    26.933;    88.509; 
 215;     -.120;    26.934;    88.509; 
 216;     -.145;    26.934;    88.509; 
 217;     -.182;    26.935;    88.509; 
 218;     -.202;    26.935;    88.509; 
 219;     -.222;    26.934;    88.509; 
 220;     -.234;    26.932;    88.509; 
 221;     -.240;    26.930;    88.509; 
 222;     -.244;    26.927;    88.509; 
 223;     -.247;    26.924;    88.509; 
 224;     -.251;    26.920;    88.509; 
 225;     -.278;    26.905;    88.509; 
 226;     -.328;    26.881;    88.509; 
 227;     -.344;    26.873;    88.509; 
 228;     -.348;    26.868;    88.509; 
 229;     -.352;    26.864;    88.509; 
 230;     -.357;    26.858;    88.509; 
 231;     -.360;    26.852;    88.509; 
 232;     -.369;    26.839;    88.509; 
 233;     -.383;    26.820;    88.509; 
 234;     -.396;    26.799;    88.509; 
 235;     -.400;    26.790;    88.509; 
 236;     -.406;    26.775;    88.509; 
 237;     -.417;    26.751;    88.509; 
 238;     -.427;    26.726;    88.509; 
 239;     -.437;    26.700;    88.509; 
 240;     -.454;    26.663;    88.509; 
 241;     -.469;    26.631;    88.509; 
 242;     -.479;    26.608;    88.509; 
 243;     -.488;    26.587;    88.509; 
 244;     -.500;    26.557;    88.509; 
 245;     -.510;    26.531;    88.509; 
 246;     -.523;    26.501;    88.509; 
 247;     -.532;    26.478;    88.509; 
 248;     -.541;    26.452;    88.509; 
 249;     -.555;    26.418;    88.509; 
 250;     -.563;    26.396;    88.509; 
 251;     -.575;    26.365;    88.509; 
 252;     -.586;    26.336;    88.509; 
 253;     -.594;    26.314;    88.509; 
 254;     -.601;    26.291;    88.509; 
 255;     -.621;    26.242;    88.509; 
 256;     -.630;    26.220;    88.509; 
 257;     -.638;    26.197;    88.509; 
 258;     -.645;    26.174;    88.509; 
 259;     -.659;    26.137;    88.509; 
 260;     -.672;    26.105;    88.509; 
 261;     -.677;    26.089;    88.509; 
 262;     -.683;    26.068;    88.509; 
 263;     -.701;    26.018;    88.509; 
 264;     -.706;    26.001;    88.509; 
 265;     -.715;    25.974;    88.509; 
 266;     -.722;    25.951;    88.509; 
 267;     -.736;    25.909;    88.509; 
 268;     -.746;    25.883;    88.509; 
 269;     -.750;    25.866;    88.509; 
 270;     -.763;    25.829;    88.509; 
 271;     -.769;    25.808;    88.509; 
 272;     -.779;    25.775;    88.509; 
 273;     -.792;    25.737;    88.509; 
 274;     -.797;    25.719;    88.509; 
 275;     -.808;    25.685;    88.509; 
 276;     -.815;    25.663;    88.509; 
 277;     -.822;    25.637;    88.509; 
 278;     -.832;    25.602;    88.509; 
 279;     -.840;    25.577;    88.509; 
 280;     -.849;    25.546;    88.509; 
 281;     -.857;    25.518;    88.509; 
 282;     -.863;    25.494;    88.509; 
 283;     -.871;    25.464;    88.509; 
 284;     -.874;    25.448;    88.509; 
 285;     -.875;    25.434;    88.509; 
 286;     -.897;    25.357;    88.509; 
 287;     -.902;    25.339;    88.509; 
 288;     -.905;    25.324;    88.509; 
 289;     -.913;    25.293;    88.509; 
 290;     -.924;    25.253;    88.509; 
 291;     -.930;    25.229;    88.509; 
 292;     -.934;    25.209;    88.509; 
 293;     -.936;    25.193;    88.509; 
 294;     -.944;    25.152;    88.509; 
 295;     -.948;    25.126;    88.509; 
 296;     -.951;    25.105;    88.509; 
 297;     -.958;    25.067;    88.509; 
 298;     -.972;    25.012;    88.509; 
 299;     -.979;    24.988;    88.509; 
 300;     -.980;    24.977;    88.509; 
 301;     -.981;    24.963;    88.509; 
 302;     -.982;    24.943;    88.509; 
 303;     -.994;    24.878;    88.509; 
 304;    -1.029;    24.794;    88.509; 
 305;    -1.064;    24.739;    88.509; 
 306;    -1.234;    24.633;    88.509; 
 307;    -1.315;    24.625;    88.509; 
 308;    -1.337;    24.623;    88.509; 
 309;    -1.372;    24.621;    88.509; 
 310;    -1.409;    24.619;    88.509; 
 311;    -1.434;    24.618;    88.509; 
 312;    -1.458;    24.616;    88.509; 
 313;    -1.489;    24.614;    88.509; 
 314;    -1.530;    24.612;    88.509; 
 315;    -1.555;    24.611;    88.509; 
 316;    -1.589;    24.609;    88.509; 
 317;    -1.611;    24.608;    88.509; 
 318;    -1.686;    24.612;    88.509; 
 319;    -1.888;    24.757;    88.509; 
 320;    -1.918;    24.823;    88.509; 
 321;    -1.930;    24.855;    88.509; 
 322;    -1.935;    24.863;    88.509; 
 323;    -1.944;    24.880;    88.509; 
 324;    -1.975;    24.982;    88.509; 
 325;    -1.980;    25.001;    88.509; 
 326;    -1.986;    25.028;    88.509; 
 327;    -1.992;    25.047;    88.509; 
 328;    -1.996;    25.057;    88.509; 
 329;    -2.007;    25.085;    88.509; 
 330;    -2.019;    25.116;    88.509; 
 331;    -2.033;    25.168;    88.509; 
 332;    -2.039;    25.187;    88.509; 
 333;    -2.043;    25.193;    88.509; 
 334;    -2.052;    25.212;    88.509; 
 335;    -2.070;    25.263;    88.509; 
 336;    -2.079;    25.288;    88.509; 
 337;    -2.090;    25.318;    88.509; 
 338;    -2.100;    25.348;    88.509; 
 339;    -2.108;    25.367;    88.509; 
 340;    -2.119;    25.397;    88.509; 
 341;    -2.129;    25.419;    88.509; 
 342;    -2.136;    25.435;    88.509; 
 343;    -2.150;    25.463;    88.509; 
 344;    -2.170;    25.520;    88.509; 
 345;    -2.179;    25.542;    88.509; 
 346;    -2.185;    25.557;    88.509; 
 347;    -2.194;    25.576;    88.509; 
 348;    -2.206;    25.600;    88.509; 
 349;    -2.215;    25.615;    88.509; 
 350;    -2.239;    25.672;    88.509; 
 351;    -2.248;    25.694;    88.509; 
 352;    -2.259;    25.719;    88.509; 
 353;    -2.270;    25.746;    88.509; 
 354;    -2.284;    25.780;    88.509; 
 355;    -2.292;    25.798;    88.509; 
 356;    -2.304;    25.823;    88.509; 
 357;    -2.317;    25.851;    88.509; 
 358;    -2.329;    25.877;    88.509; 
 359;    -2.342;    25.906;    88.509; 
 360;    -2.354;    25.931;    88.509; 
 361;    -2.364;    25.950;    88.509; 
 362;    -2.372;    25.962;    88.509; 
 363;    -2.386;    25.983;    88.509; 
 364;    -2.407;    26.019;    88.509; 
 365;    -2.435;    26.085;    88.509; 
 366;    -2.446;    26.117;    88.509; 
 367;    -2.451;    26.126;    88.509; 
 368;    -2.460;    26.144;    88.509; 
 369;    -2.472;    26.168;    88.509; 
 370;    -2.485;    26.192;    88.509; 
 371;    -2.497;    26.214;    88.509; 
 372;    -2.513;    26.243;    88.509; 
 373;    -2.530;    26.277;    88.509; 
 374;    -2.542;    26.299;    88.509; 
 375;    -2.554;    26.322;    88.509; 
 376;    -2.570;    26.352;    88.509; 
 377;    -2.584;    26.377;    88.509; 
 378;    -2.600;    26.407;    88.509; 
 379;    -2.617;    26.440;    88.509; 
 380;    -2.628;    26.461;    88.509; 
 381;    -2.641;    26.484;    88.509; 
 382;    -2.653;    26.504;    88.509; 
 383;    -2.674;    26.541;    88.509; 
 384;    -2.687;    26.565;    88.509; 
 385;    -2.702;    26.591;    88.509; 
 386;    -2.715;    26.613;    88.509; 
 387;    -2.732;    26.645;    88.509; 
 388;    -2.743;    26.664;    88.509; 
 389;    -2.750;    26.672;    88.509; 
 390;    -2.762;    26.687;    88.509; 
 391;    -2.771;    26.696;    88.509; 
 392;    -2.779;    26.702;    88.509; 
 393;    -2.784;    26.704;    88.509; 
 394;    -2.790;    26.706;    88.509; 
 395;    -2.797;    26.708;    88.509; 
 396;    -2.831;    26.726;    88.509; 
 397;    -2.856;    26.739;    88.509; 
 398;    -2.874;    26.746;    88.509; 
 399;    -2.900;    26.758;    88.509; 
 400;    -2.908;    26.760;    88.509; 
 401;    -2.922;    26.763;    88.509; 
 402;    -2.929;    26.763;    88.509; 
 403;    -2.934;    26.762;    88.509; 
 404;    -2.947;    26.761;    88.509; 
 405;    -2.979;    26.761;    88.509; 
 406;    -3.005;    26.760;    88.509; 
 407;    -3.022;    26.759;    88.509; 
 408;    -3.039;    26.756;    88.509; 
 409;    -3.054;    26.753;    88.509; 
 410;    -3.077;    26.747;    88.509; 
 411;    -3.143;    26.740;    88.509; 
 412;    -3.180;    26.738;    88.509; 
 413;    -3.202;    26.736;    88.509; 
 414;    -3.227;    26.734;    88.509; 
 415;    -3.256;    26.730;    88.509; 
 416;    -3.270;    26.728;    88.509; 
 417;    -3.307;    26.722;    88.509; 
