[A]
   1;     3.194;    26.840;    88.510; 
   2;     3.164;    26.844;    88.510; 
   3;     3.133;    26.849;    88.510; 
   4;     3.103;    26.853;    88.510; 
   5;     3.075;    26.856;    88.510; 
   6;     3.046;    26.860;    88.510; 
   7;     3.029;    26.861;    88.510; 
   8;     3.015;    26.860;    88.510; 
   9;     3.000;    26.859;    88.510; 
  10;     2.989;    26.857;    88.510; 
  11;     2.976;    26.853;    88.510; 
  12;     2.953;    26.848;    88.510; 
  13;     2.938;    26.843;    88.510; 
  14;     2.929;    26.838;    88.510; 
  15;     2.919;    26.833;    88.510; 
  16;     2.909;    26.826;    88.510; 
  17;     2.896;    26.816;    88.510; 
  18;     2.886;    26.808;    88.510; 
  19;     2.878;    26.799;    88.510; 
  20;     2.866;    26.786;    88.510; 
  21;     2.858;    26.776;    88.510; 
  22;     2.847;    26.760;    88.510; 
  23;     2.835;    26.742;    88.510; 
  24;     2.825;    26.726;    88.510; 
  25;     2.813;    26.705;    88.510; 
  26;     2.798;    26.679;    88.510; 
  27;     2.781;    26.650;    88.510; 
  28;     2.765;    26.623;    88.510; 
  29;     2.751;    26.598;    88.510; 
  30;     2.736;    26.573;    88.510; 
  31;     2.724;    26.550;    88.510; 
  32;     2.708;    26.522;    88.510; 
  33;     2.693;    26.494;    88.510; 
  34;     2.678;    26.468;    88.510; 
  35;     2.662;    26.440;    88.510; 
  36;     2.652;    26.420;    88.510; 
  37;     2.632;    26.385;    88.510; 
  38;     2.621;    26.365;    88.510; 
  39;     2.604;    26.334;    88.510; 
  40;     2.591;    26.310;    88.510; 
  41;     2.580;    26.289;    88.510; 
  42;     2.564;    26.259;    88.510; 
  43;     2.549;    26.231;    88.510; 
  44;     2.538;    26.209;    88.510; 
  45;     2.524;    26.181;    88.510; 
  46;     2.507;    26.149;    88.510; 
  47;     2.494;    26.125;    88.510; 
  48;     2.482;    26.102;    88.510; 
  49;     2.468;    26.073;    88.510; 
  50;     2.455;    26.047;    88.510; 
  51;     2.441;    26.020;    88.510; 
  52;     2.429;    25.995;    88.510; 
  53;     2.415;    25.967;    88.510; 
  54;     2.402;    25.939;    88.510; 
  55;     2.390;    25.915;    88.510; 
  56;     2.376;    25.886;    88.510; 
  57;     2.361;    25.855;    88.510; 
  58;     2.349;    25.831;    88.510; 
  59;     2.337;    25.805;    88.510; 
  60;     2.324;    25.779;    88.510; 
  61;     2.313;    25.753;    88.510; 
  62;     2.301;    25.727;    88.510; 
  63;     2.286;    25.695;    88.510; 
  64;     2.275;    25.670;    88.510; 
  65;     2.264;    25.645;    88.510; 
  66;     2.251;    25.617;    88.510; 
  67;     2.240;    25.590;    88.510; 
  68;     2.229;    25.564;    88.510; 
  69;     2.216;    25.535;    88.510; 
  70;     2.204;    25.507;    88.510; 
  71;     2.195;    25.483;    88.510; 
  72;     2.190;    25.468;    88.510; 
  73;     2.185;    25.448;    88.510; 
  74;     2.156;    25.380;    88.510; 
  75;     2.142;    25.351;    88.510; 
  76;     2.138;    25.340;    88.510; 
  77;     2.134;    25.326;    88.510; 
  78;     2.128;    25.305;    88.510; 
  79;     2.105;    25.249;    88.510; 
  80;     2.097;    25.229;    88.510; 
  81;     2.086;    25.200;    88.510; 
  82;     2.077;    25.175;    88.510; 
  83;     2.069;    25.152;    88.510; 
  84;     2.061;    25.128;    88.510; 
  85;     2.053;    25.101;    88.510; 
  86;     2.048;    25.082;    88.510; 
  87;     2.039;    25.048;    88.510; 
  88;     2.016;    24.990;    88.510; 
  89;     2.010;    24.974;    88.510; 
  90;     2.000;    24.948;    88.510; 
  91;     1.986;    24.912;    88.510; 
  92;     1.968;    24.873;    88.510; 
  93;     1.869;    24.761;    88.510; 
  94;     1.674;    24.712;    88.510; 
  95;     1.639;    24.714;    88.510; 
  96;     1.605;    24.717;    88.510; 
  97;     1.572;    24.720;    88.510; 
  98;     1.545;    24.723;    88.510; 
  99;     1.516;    24.725;    88.510; 
 100;     1.486;    24.727;    88.510; 
 101;     1.449;    24.731;    88.510; 
 102;     1.426;    24.733;    88.510; 
 103;     1.397;    24.735;    88.510; 
 104;     1.368;    24.737;    88.510; 
 105;     1.313;    24.745;    88.510; 
 106;     1.140;    24.859;    88.510; 
 107;     1.086;    24.977;    88.510; 
 108;     1.076;    25.023;    88.510; 
 109;     1.069;    25.060;    88.510; 
 110;     1.064;    25.091;    88.510; 
 111;     1.058;    25.126;    88.510; 
 112;     1.054;    25.149;    88.510; 
 113;     1.048;    25.178;    88.510; 
 114;     1.042;    25.203;    88.510; 
 115;     1.035;    25.243;    88.510; 
 116;     1.030;    25.267;    88.510; 
 117;     1.024;    25.296;    88.510; 
 118;     1.017;    25.335;    88.510; 
 119;     1.013;    25.360;    88.510; 
 120;     1.007;    25.382;    88.510; 
 121;     1.000;    25.416;    88.510; 
 122;      .994;    25.444;    88.510; 
 123;      .988;    25.472;    88.510; 
 124;      .982;    25.499;    88.510; 
 125;      .975;    25.526;    88.510; 
 126;      .968;    25.552;    88.510; 
 127;      .961;    25.582;    88.510; 
 128;      .953;    25.615;    88.510; 
 129;      .945;    25.643;    88.510; 
 130;      .938;    25.672;    88.510; 
 131;      .931;    25.699;    88.510; 
 132;      .923;    25.727;    88.510; 
 133;      .914;    25.761;    88.510; 
 134;      .907;    25.789;    88.510; 
 135;      .899;    25.816;    88.510; 
 136;      .891;    25.844;    88.510; 
 137;      .884;    25.870;    88.510; 
 138;      .875;    25.898;    88.510; 
 139;      .867;    25.927;    88.510; 
 140;      .857;    25.957;    88.510; 
 141;      .848;    25.989;    88.510; 
 142;      .840;    26.014;    88.510; 
 143;      .831;    26.043;    88.510; 
 144;      .823;    26.071;    88.510; 
 145;      .813;    26.100;    88.510; 
 146;      .805;    26.127;    88.510; 
 147;      .795;    26.156;    88.510; 
 148;      .785;    26.188;    88.510; 
 149;      .776;    26.216;    88.510; 
 150;      .767;    26.242;    88.510; 
 151;      .758;    26.269;    88.510; 
 152;      .748;    26.297;    88.510; 
 153;      .739;    26.322;    88.510; 
 154;      .728;    26.356;    88.510; 
 155;      .718;    26.383;    88.510; 
 156;      .710;    26.405;    88.510; 
 157;      .698;    26.438;    88.510; 
 158;      .688;    26.464;    88.510; 
 159;      .678;    26.493;    88.510; 
 160;      .668;    26.517;    88.510; 
 161;      .658;    26.542;    88.510; 
 162;      .644;    26.582;    88.510; 
 163;      .634;    26.609;    88.510; 
 164;      .625;    26.635;    88.510; 
 165;      .615;    26.659;    88.510; 
 166;      .604;    26.688;    88.510; 
 167;      .593;    26.715;    88.510; 
 168;      .581;    26.746;    88.510; 
 169;      .571;    26.773;    88.510; 
 170;      .561;    26.796;    88.510; 
 171;      .549;    26.829;    88.510; 
 172;      .539;    26.852;    88.510; 
 173;      .528;    26.879;    88.510; 
 174;      .515;    26.909;    88.510; 
 175;      .505;    26.932;    88.510; 
 176;      .497;    26.946;    88.510; 
 177;      .489;    26.960;    88.510; 
 178;      .481;    26.970;    88.510; 
 179;      .473;    26.978;    88.510; 
 180;      .465;    26.985;    88.510; 
 181;      .455;    26.994;    88.510; 
 182;      .433;    27.012;    88.510; 
 183;      .418;    27.024;    88.510; 
 184;      .404;    27.034;    88.510; 
 185;      .394;    27.039;    88.510; 
 186;      .384;    27.042;    88.510; 
 187;      .375;    27.045;    88.510; 
 188;      .358;    27.049;    88.510; 
 189;      .340;    27.054;    88.510; 
 190;      .325;    27.056;    88.510; 
 191;      .313;    27.057;    88.510; 
 192;      .298;    27.057;    88.510; 
 193;      .272;    27.057;    88.510; 
 194;      .243;    27.058;    88.510; 
 195;      .213;    27.059;    88.510; 
 196;      .181;    27.059;    88.510; 
 197;      .151;    27.060;    88.510; 
 198;      .121;    27.061;    88.510; 
 199;      .091;    27.061;    88.510; 
 200;      .062;    27.061;    88.510; 
 201;      .033;    27.062;    88.510; 
 202;      .003;    27.062;    88.510; 
 203;     -.029;    27.062;    88.510; 
 204;     -.059;    27.062;    88.510; 
 205;     -.087;    27.062;    88.510; 
 206;     -.116;    27.062;    88.510; 
 207;     -.145;    27.062;    88.510; 
 208;     -.174;    27.061;    88.510; 
 209;     -.205;    27.061;    88.510; 
 210;     -.229;    27.060;    88.510; 
 211;     -.247;    27.058;    88.510; 
 212;     -.259;    27.055;    88.510; 
 213;     -.271;    27.051;    88.510; 
 214;     -.283;    27.046;    88.510; 
 215;     -.294;    27.041;    88.510; 
 216;     -.305;    27.035;    88.510; 
 217;     -.317;    27.028;    88.510; 
 218;     -.329;    27.019;    88.510; 
 219;     -.338;    27.011;    88.510; 
 220;     -.350;    27.000;    88.510; 
 221;     -.363;    26.986;    88.510; 
 222;     -.377;    26.971;    88.510; 
 223;     -.390;    26.956;    88.510; 
 224;     -.401;    26.941;    88.510; 
 225;     -.410;    26.927;    88.510; 
 226;     -.421;    26.909;    88.510; 
 227;     -.428;    26.894;    88.510; 
 228;     -.429;    26.888;    88.510; 
 229;     -.428;    26.885;    88.510; 
 230;     -.428;    26.879;    88.510; 
 231;     -.451;    26.805;    88.510; 
 232;     -.468;    26.766;    88.510; 
 233;     -.479;    26.739;    88.510; 
 234;     -.491;    26.712;    88.510; 
 235;     -.500;    26.688;    88.510; 
 236;     -.513;    26.658;    88.510; 
 237;     -.524;    26.631;    88.510; 
 238;     -.535;    26.602;    88.510; 
 239;     -.548;    26.573;    88.510; 
 240;     -.557;    26.548;    88.510; 
 241;     -.568;    26.520;    88.510; 
 242;     -.579;    26.493;    88.510; 
 243;     -.591;    26.462;    88.510; 
 244;     -.603;    26.431;    88.510; 
 245;     -.612;    26.407;    88.510; 
 246;     -.623;    26.380;    88.510; 
 247;     -.633;    26.354;    88.510; 
 248;     -.643;    26.326;    88.510; 
 249;     -.654;    26.296;    88.510; 
 250;     -.666;    26.266;    88.510; 
 251;     -.675;    26.240;    88.510; 
 252;     -.686;    26.210;    88.510; 
 253;     -.696;    26.184;    88.510; 
 254;     -.705;    26.156;    88.510; 
 255;     -.715;    26.127;    88.510; 
 256;     -.723;    26.103;    88.510; 
 257;     -.735;    26.068;    88.510; 
 258;     -.748;    26.035;    88.510; 
 259;     -.756;    26.011;    88.510; 
 260;     -.766;    25.983;    88.510; 
 261;     -.775;    25.955;    88.510; 
 262;     -.783;    25.929;    88.510; 
 263;     -.793;    25.899;    88.510; 
 264;     -.803;    25.869;    88.510; 
 265;     -.811;    25.842;    88.510; 
 266;     -.818;    25.818;    88.510; 
 267;     -.829;    25.785;    88.510; 
 268;     -.838;    25.756;    88.510; 
 269;     -.846;    25.728;    88.510; 
 270;     -.855;    25.699;    88.510; 
 271;     -.862;    25.674;    88.510; 
 272;     -.869;    25.648;    88.510; 
 273;     -.878;    25.618;    88.510; 
 274;     -.885;    25.590;    88.510; 
 275;     -.895;    25.556;    88.510; 
 276;     -.903;    25.526;    88.510; 
 277;     -.911;    25.499;    88.510; 
 278;     -.918;    25.474;    88.510; 
 279;     -.924;    25.447;    88.510; 
 280;     -.934;    25.413;    88.510; 
 281;     -.941;    25.385;    88.510; 
 282;     -.947;    25.361;    88.510; 
 283;     -.952;    25.335;    88.510; 
 284;     -.958;    25.307;    88.510; 
 285;     -.966;    25.273;    88.510; 
 286;     -.971;    25.249;    88.510; 
 287;     -.976;    25.223;    88.510; 
 288;     -.984;    25.188;    88.510; 
 289;     -.991;    25.156;    88.510; 
 290;     -.993;    25.140;    88.510; 
 291;     -.999;    25.107;    88.510; 
 292;    -1.006;    25.074;    88.510; 
 293;    -1.010;    25.048;    88.510; 
 294;    -1.024;    24.995;    88.510; 
 295;    -1.046;    24.938;    88.510; 
 296;    -1.161;    24.812;    88.510; 
 297;    -1.293;    24.768;    88.510; 
 298;    -1.319;    24.763;    88.510; 
 299;    -1.368;    24.758;    88.510; 
 300;    -1.433;    24.759;    88.510; 
 301;    -1.454;    24.760;    88.510; 
 302;    -1.468;    24.758;    88.510; 
 303;    -1.507;    24.757;    88.510; 
 304;    -1.536;    24.757;    88.510; 
 305;    -1.554;    24.755;    88.510; 
 306;    -1.585;    24.752;    88.510; 
 307;    -1.626;    24.751;    88.510; 
 308;    -1.660;    24.750;    88.510; 
 309;    -1.841;    24.821;    88.510; 
 310;    -1.928;    24.944;    88.510; 
 311;    -1.942;    24.977;    88.510; 
 312;    -1.952;    24.997;    88.510; 
 313;    -1.975;    25.079;    88.510; 
 314;    -1.982;    25.105;    88.510; 
 315;    -1.987;    25.120;    88.510; 
 316;    -1.994;    25.141;    88.510; 
 317;    -2.003;    25.169;    88.510; 
 318;    -2.014;    25.202;    88.510; 
 319;    -2.021;    25.223;    88.510; 
 320;    -2.033;    25.257;    88.510; 
 321;    -2.042;    25.284;    88.510; 
 322;    -2.053;    25.318;    88.510; 
 323;    -2.061;    25.338;    88.510; 
 324;    -2.071;    25.367;    88.510; 
 325;    -2.082;    25.399;    88.510; 
 326;    -2.092;    25.425;    88.510; 
 327;    -2.101;    25.448;    88.510; 
 328;    -2.112;    25.476;    88.510; 
 329;    -2.123;    25.503;    88.510; 
 330;    -2.133;    25.528;    88.510; 
 331;    -2.146;    25.563;    88.510; 
 332;    -2.157;    25.590;    88.510; 
 333;    -2.167;    25.617;    88.510; 
 334;    -2.178;    25.643;    88.510; 
 335;    -2.189;    25.671;    88.510; 
 336;    -2.201;    25.699;    88.510; 
 337;    -2.212;    25.726;    88.510; 
 338;    -2.224;    25.756;    88.510; 
 339;    -2.235;    25.780;    88.510; 
 340;    -2.246;    25.806;    88.510; 
 341;    -2.258;    25.833;    88.510; 
 342;    -2.271;    25.863;    88.510; 
 343;    -2.283;    25.890;    88.510; 
 344;    -2.295;    25.915;    88.510; 
 345;    -2.306;    25.938;    88.510; 
 346;    -2.319;    25.965;    88.510; 
 347;    -2.334;    25.999;    88.510; 
 348;    -2.346;    26.023;    88.510; 
 349;    -2.359;    26.051;    88.510; 
 350;    -2.370;    26.073;    88.510; 
 351;    -2.384;    26.103;    88.510; 
 352;    -2.399;    26.135;    88.510; 
 353;    -2.411;    26.159;    88.510; 
 354;    -2.423;    26.185;    88.510; 
 355;    -2.436;    26.210;    88.510; 
 356;    -2.449;    26.236;    88.510; 
 357;    -2.463;    26.265;    88.510; 
 358;    -2.477;    26.291;    88.510; 
 359;    -2.491;    26.318;    88.510; 
 360;    -2.504;    26.346;    88.510; 
 361;    -2.518;    26.373;    88.510; 
 362;    -2.531;    26.398;    88.510; 
 363;    -2.542;    26.418;    88.510; 
 364;    -2.560;    26.451;    88.510; 
 365;    -2.571;    26.469;    88.510; 
 366;    -2.591;    26.507;    88.510; 
 367;    -2.605;    26.534;    88.510; 
 368;    -2.614;    26.549;    88.510; 
 369;    -2.633;    26.584;    88.510; 
 370;    -2.647;    26.610;    88.510; 
 371;    -2.661;    26.636;    88.510; 
 372;    -2.676;    26.663;    88.510; 
 373;    -2.690;    26.690;    88.510; 
 374;    -2.705;    26.716;    88.510; 
 375;    -2.718;    26.740;    88.510; 
 376;    -2.732;    26.766;    88.510; 
 377;    -2.746;    26.789;    88.510; 
 378;    -2.759;    26.810;    88.510; 
 379;    -2.766;    26.820;    88.510; 
 380;    -2.771;    26.822;    88.510; 
 381;    -2.785;    26.837;    88.510; 
 382;    -2.811;    26.866;    88.510; 
 383;    -2.824;    26.878;    88.510; 
 384;    -2.828;    26.880;    88.510; 
 385;    -2.833;    26.881;    88.510; 
 386;    -2.839;    26.883;    88.510; 
 387;    -2.847;    26.885;    88.510; 
 388;    -2.896;    26.909;    88.510; 
 389;    -2.916;    26.918;    88.510; 
 390;    -2.921;    26.919;    88.510; 
 391;    -2.925;    26.918;    88.510; 
 392;    -2.933;    26.918;    88.510; 
 393;    -2.944;    26.918;    88.510; 
 394;    -2.957;    26.917;    88.510; 
 395;    -2.979;    26.916;    88.510; 
 396;    -3.003;    26.914;    88.510; 
 397;    -3.029;    26.912;    88.510; 
 398;    -3.052;    26.909;    88.510; 
 399;    -3.076;    26.905;    88.510; 
 400;    -3.117;    26.901;    88.510; 
 401;    -3.156;    26.898;    88.510; 
