[A]
   1;     2.752;    27.035;    88.509; 
   2;     2.722;    27.039;    88.509; 
   3;     2.693;    27.042;    88.509; 
   4;     2.659;    27.046;    88.509; 
   5;     2.632;    27.049;    88.509; 
   6;     2.613;    27.050;    88.509; 
   7;     2.590;    27.050;    88.509; 
   8;     2.571;    27.050;    88.509; 
   9;     2.558;    27.048;    88.509; 
  10;     2.546;    27.046;    88.509; 
  11;     2.531;    27.042;    88.509; 
  12;     2.521;    27.038;    88.509; 
  13;     2.515;    27.034;    88.509; 
  14;     2.512;    27.031;    88.509; 
  15;     2.502;    27.024;    88.509; 
  16;     2.485;    27.012;    88.509; 
  17;     2.464;    26.996;    88.509; 
  18;     2.451;    26.985;    88.509; 
  19;     2.444;    26.977;    88.509; 
  20;     2.430;    26.963;    88.509; 
  21;     2.422;    26.953;    88.509; 
  22;     2.414;    26.940;    88.509; 
  23;     2.409;    26.931;    88.509; 
  24;     2.399;    26.912;    88.509; 
  25;     2.388;    26.890;    88.509; 
  26;     2.372;    26.861;    88.509; 
  27;     2.353;    26.828;    88.509; 
  28;     2.340;    26.804;    88.509; 
  29;     2.327;    26.782;    88.509; 
  30;     2.315;    26.758;    88.509; 
  31;     2.300;    26.730;    88.509; 
  32;     2.286;    26.703;    88.509; 
  33;     2.272;    26.677;    88.509; 
  34;     2.258;    26.649;    88.509; 
  35;     2.247;    26.628;    88.509; 
  36;     2.231;    26.597;    88.509; 
  37;     2.215;    26.567;    88.509; 
  38;     2.202;    26.542;    88.509; 
  39;     2.195;    26.525;    88.509; 
  40;     2.175;    26.487;    88.509; 
  41;     2.159;    26.456;    88.509; 
  42;     2.149;    26.437;    88.509; 
  43;     2.136;    26.410;    88.509; 
  44;     2.122;    26.383;    88.509; 
  45;     2.110;    26.357;    88.509; 
  46;     2.095;    26.327;    88.509; 
  47;     2.081;    26.300;    88.509; 
  48;     2.071;    26.279;    88.509; 
  49;     2.061;    26.254;    88.509; 
  50;     2.043;    26.218;    88.509; 
  51;     2.032;    26.193;    88.509; 
  52;     2.023;    26.173;    88.509; 
  53;     2.011;    26.145;    88.509; 
  54;     1.998;    26.116;    88.509; 
  55;     1.979;    26.078;    88.509; 
  56;     1.970;    26.057;    88.509; 
  57;     1.964;    26.041;    88.509; 
  58;     1.951;    26.011;    88.509; 
  59;     1.938;    25.979;    88.509; 
  60;     1.928;    25.957;    88.509; 
  61;     1.915;    25.925;    88.509; 
  62;     1.904;    25.899;    88.509; 
  63;     1.894;    25.874;    88.509; 
  64;     1.875;    25.831;    88.509; 
  65;     1.870;    25.818;    88.509; 
  66;     1.864;    25.798;    88.509; 
  67;     1.841;    25.747;    88.509; 
  68;     1.828;    25.718;    88.509; 
  69;     1.821;    25.700;    88.509; 
  70;     1.810;    25.674;    88.509; 
  71;     1.802;    25.651;    88.509; 
  72;     1.792;    25.625;    88.509; 
  73;     1.779;    25.590;    88.509; 
  74;     1.765;    25.557;    88.509; 
  75;     1.758;    25.536;    88.509; 
  76;     1.752;    25.518;    88.509; 
  77;     1.741;    25.484;    88.509; 
  78;     1.728;    25.451;    88.509; 
  79;     1.722;    25.431;    88.509; 
  80;     1.717;    25.410;    88.509; 
  81;     1.701;    25.365;    88.509; 
  82;     1.688;    25.331;    88.509; 
  83;     1.683;    25.316;    88.509; 
  84;     1.675;    25.289;    88.509; 
  85;     1.665;    25.257;    88.509; 
  86;     1.656;    25.231;    88.509; 
  87;     1.648;    25.204;    88.509; 
  88;     1.639;    25.173;    88.509; 
  89;     1.629;    25.143;    88.509; 
  90;     1.618;    25.109;    88.509; 
  91;     1.603;    25.069;    88.509; 
  92;     1.585;    25.029;    88.509; 
  93;     1.520;    24.940;    88.509; 
  94;     1.315;    24.860;    88.509; 
  95;     1.289;    24.858;    88.509; 
  96;     1.253;    24.857;    88.509; 
  97;     1.181;    24.864;    88.509; 
  98;     1.167;    24.864;    88.509; 
  99;     1.149;    24.864;    88.509; 
 100;     1.111;    24.866;    88.509; 
 101;     1.083;    24.867;    88.509; 
 102;     1.033;    24.873;    88.509; 
 103;     1.021;    24.873;    88.509; 
 104;     1.000;    24.873;    88.509; 
 105;      .949;    24.877;    88.509; 
 106;      .871;    24.896;    88.509; 
 107;      .698;    25.087;    88.509; 
 108;      .688;    25.119;    88.509; 
 109;      .681;    25.142;    88.509; 
 110;      .669;    25.185;    88.509; 
 111;      .664;    25.201;    88.509; 
 112;      .651;    25.253;    88.509; 
 113;      .644;    25.310;    88.509; 
 114;      .641;    25.336;    88.509; 
 115;      .638;    25.350;    88.509; 
 116;      .632;    25.382;    88.509; 
 117;      .628;    25.408;    88.509; 
 118;      .622;    25.432;    88.509; 
 119;      .616;    25.459;    88.509; 
 120;      .610;    25.485;    88.509; 
 121;      .604;    25.508;    88.509; 
 122;      .596;    25.541;    88.509; 
 123;      .588;    25.572;    88.509; 
 124;      .580;    25.602;    88.509; 
 125;      .574;    25.626;    88.509; 
 126;      .567;    25.650;    88.509; 
 127;      .558;    25.680;    88.509; 
 128;      .549;    25.713;    88.509; 
 129;      .540;    25.747;    88.509; 
 130;      .534;    25.766;    88.509; 
 131;      .525;    25.797;    88.509; 
 132;      .516;    25.826;    88.509; 
 133;      .508;    25.856;    88.509; 
 134;      .499;    25.883;    88.509; 
 135;      .491;    25.911;    88.509; 
 136;      .482;    25.938;    88.509; 
 137;      .473;    25.965;    88.509; 
 138;      .464;    25.994;    88.509; 
 139;      .454;    26.022;    88.509; 
 140;      .444;    26.054;    88.509; 
 141;      .436;    26.080;    88.509; 
 142;      .426;    26.108;    88.509; 
 143;      .417;    26.137;    88.509; 
 144;      .407;    26.165;    88.509; 
 145;      .398;    26.191;    88.509; 
 146;      .387;    26.227;    88.509; 
 147;      .378;    26.250;    88.509; 
 148;      .369;    26.279;    88.509; 
 149;      .360;    26.302;    88.509; 
 150;      .350;    26.330;    88.509; 
 151;      .339;    26.359;    88.509; 
 152;      .328;    26.388;    88.509; 
 153;      .318;    26.415;    88.509; 
 154;      .307;    26.442;    88.509; 
 155;      .295;    26.474;    88.509; 
 156;      .285;    26.502;    88.509; 
 157;      .276;    26.525;    88.509; 
 158;      .265;    26.552;    88.509; 
 159;      .252;    26.584;    88.509; 
 160;      .241;    26.612;    88.509; 
 161;      .232;    26.632;    88.509; 
 162;      .223;    26.654;    88.509; 
 163;      .204;    26.703;    88.509; 
 164;      .196;    26.722;    88.509; 
 165;      .187;    26.742;    88.509; 
 166;      .172;    26.781;    88.509; 
 167;      .162;    26.804;    88.509; 
 168;      .152;    26.827;    88.509; 
 169;      .139;    26.857;    88.509; 
 170;      .126;    26.888;    88.509; 
 171;      .118;    26.905;    88.509; 
 172;      .102;    26.943;    88.509; 
 173;      .090;    26.971;    88.509; 
 174;      .079;    26.997;    88.509; 
 175;      .069;    27.019;    88.509; 
 176;      .058;    27.040;    88.509; 
 177;      .046;    27.063;    88.509; 
 178;      .040;    27.070;    88.509; 
 179;      .034;    27.075;    88.509; 
 180;      .027;    27.082;    88.509; 
 181;      .009;    27.101;    88.509; 
 182;     -.002;    27.111;    88.509; 
 183;     -.009;    27.115;    88.509; 
 184;     -.025;    27.126;    88.509; 
 185;     -.040;    27.134;    88.509; 
 186;     -.048;    27.137;    88.509; 
 187;     -.062;    27.142;    88.509; 
 188;     -.078;    27.147;    88.509; 
 189;     -.089;    27.150;    88.509; 
 190;     -.095;    27.149;    88.509; 
 191;     -.106;    27.149;    88.509; 
 192;     -.134;    27.151;    88.509; 
 193;     -.163;    27.153;    88.509; 
 194;     -.183;    27.153;    88.509; 
 195;     -.207;    27.152;    88.509; 
 196;     -.232;    27.152;    88.509; 
 197;     -.273;    27.152;    88.509; 
 198;     -.304;    27.152;    88.509; 
 199;     -.328;    27.152;    88.509; 
 200;     -.353;    27.151;    88.509; 
 201;     -.379;    27.150;    88.509; 
 202;     -.412;    27.148;    88.509; 
 203;     -.455;    27.148;    88.509; 
 204;     -.484;    27.148;    88.509; 
 205;     -.511;    27.148;    88.509; 
 206;     -.542;    27.148;    88.509; 
 207;     -.572;    27.147;    88.509; 
 208;     -.600;    27.147;    88.509; 
 209;     -.629;    27.146;    88.509; 
 210;     -.655;    27.145;    88.509; 
 211;     -.673;    27.142;    88.509; 
 212;     -.690;    27.139;    88.509; 
 213;     -.704;    27.136;    88.509; 
 214;     -.720;    27.131;    88.509; 
 215;     -.733;    27.125;    88.509; 
 216;     -.744;    27.119;    88.509; 
 217;     -.754;    27.113;    88.509; 
 218;     -.762;    27.107;    88.509; 
 219;     -.775;    27.097;    88.509; 
 220;     -.791;    27.083;    88.509; 
 221;     -.801;    27.073;    88.509; 
 222;     -.806;    27.066;    88.509; 
 223;     -.814;    27.056;    88.509; 
 224;     -.824;    27.040;    88.509; 
 225;     -.832;    27.026;    88.509; 
 226;     -.838;    27.013;    88.509; 
 227;     -.845;    26.997;    88.509; 
 228;     -.856;    26.970;    88.509; 
 229;     -.869;    26.942;    88.509; 
 230;     -.877;    26.921;    88.509; 
 231;     -.886;    26.898;    88.509; 
 232;     -.896;    26.869;    88.509; 
 233;     -.909;    26.837;    88.509; 
 234;     -.920;    26.808;    88.509; 
 235;     -.930;    26.781;    88.509; 
 236;     -.941;    26.753;    88.509; 
 237;     -.952;    26.725;    88.509; 
 238;     -.962;    26.698;    88.509; 
 239;     -.975;    26.666;    88.509; 
 240;     -.984;    26.641;    88.509; 
 241;     -.992;    26.618;    88.509; 
 242;    -1.003;    26.589;    88.509; 
 243;    -1.008;    26.569;    88.509; 
 244;    -1.020;    26.536;    88.509; 
 245;    -1.031;    26.503;    88.509; 
 246;    -1.040;    26.477;    88.509; 
 247;    -1.049;    26.450;    88.509; 
 248;    -1.062;    26.413;    88.509; 
 249;    -1.071;    26.387;    88.509; 
 250;    -1.079;    26.363;    88.509; 
 251;    -1.092;    26.326;    88.509; 
 252;    -1.103;    26.297;    88.509; 
 253;    -1.110;    26.275;    88.509; 
 254;    -1.118;    26.251;    88.509; 
 255;    -1.127;    26.221;    88.509; 
 256;    -1.137;    26.191;    88.509; 
 257;    -1.148;    26.158;    88.509; 
 258;    -1.156;    26.134;    88.509; 
 259;    -1.163;    26.109;    88.509; 
 260;    -1.170;    26.084;    88.509; 
 261;    -1.178;    26.057;    88.509; 
 262;    -1.185;    26.030;    88.509; 
 263;    -1.198;    25.987;    88.509; 
 264;    -1.207;    25.958;    88.509; 
 265;    -1.213;    25.937;    88.509; 
 266;    -1.224;    25.903;    88.509; 
 267;    -1.230;    25.880;    88.509; 
 268;    -1.237;    25.854;    88.509; 
 269;    -1.245;    25.824;    88.509; 
 270;    -1.251;    25.799;    88.509; 
 271;    -1.262;    25.762;    88.509; 
 272;    -1.270;    25.733;    88.509; 
 273;    -1.274;    25.714;    88.509; 
 274;    -1.284;    25.676;    88.509; 
 275;    -1.292;    25.646;    88.509; 
 276;    -1.297;    25.623;    88.509; 
 277;    -1.303;    25.597;    88.509; 
 278;    -1.310;    25.567;    88.509; 
 279;    -1.315;    25.542;    88.509; 
 280;    -1.321;    25.513;    88.509; 
 281;    -1.328;    25.479;    88.509; 
 282;    -1.338;    25.442;    88.509; 
 283;    -1.344;    25.415;    88.509; 
 284;    -1.349;    25.391;    88.509; 
 285;    -1.354;    25.367;    88.509; 
 286;    -1.357;    25.347;    88.509; 
 287;    -1.365;    25.305;    88.509; 
 288;    -1.373;    25.271;    88.509; 
 289;    -1.373;    25.262;    88.509; 
 290;    -1.379;    25.226;    88.509; 
 291;    -1.386;    25.188;    88.509; 
 292;    -1.392;    25.158;    88.509; 
 293;    -1.397;    25.131;    88.509; 
 294;    -1.402;    25.102;    88.509; 
 295;    -1.412;    25.057;    88.509; 
 296;    -1.424;    25.017;    88.509; 
 297;    -1.506;    24.891;    88.509; 
 298;    -1.694;    24.814;    88.509; 
 299;    -1.729;    24.812;    88.509; 
 300;    -1.762;    24.810;    88.509; 
 301;    -1.793;    24.808;    88.509; 
 302;    -1.813;    24.806;    88.509; 
 303;    -1.839;    24.803;    88.509; 
 304;    -1.880;    24.800;    88.509; 
 305;    -1.910;    24.798;    88.509; 
 306;    -1.939;    24.795;    88.509; 
 307;    -1.980;    24.794;    88.509; 
 308;    -2.009;    24.792;    88.509; 
 309;    -2.038;    24.791;    88.509; 
 310;    -2.191;    24.832;    88.509; 
 311;    -2.307;    24.955;    88.509; 
 312;    -2.338;    25.031;    88.509; 
 313;    -2.348;    25.069;    88.509; 
 314;    -2.353;    25.078;    88.509; 
 315;    -2.365;    25.113;    88.509; 
 316;    -2.371;    25.129;    88.509; 
 317;    -2.385;    25.166;    88.509; 
 318;    -2.400;    25.225;    88.509; 
 319;    -2.404;    25.238;    88.509; 
 320;    -2.407;    25.241;    88.509; 
 321;    -2.416;    25.261;    88.509; 
 322;    -2.436;    25.316;    88.509; 
 323;    -2.446;    25.346;    88.509; 
 324;    -2.453;    25.365;    88.509; 
 325;    -2.462;    25.388;    88.509; 
 326;    -2.474;    25.417;    88.509; 
 327;    -2.484;    25.444;    88.509; 
 328;    -2.494;    25.468;    88.509; 
 329;    -2.506;    25.494;    88.509; 
 330;    -2.518;    25.520;    88.509; 
 331;    -2.532;    25.555;    88.509; 
 332;    -2.543;    25.582;    88.509; 
 333;    -2.553;    25.602;    88.509; 
 334;    -2.565;    25.629;    88.509; 
 335;    -2.580;    25.665;    88.509; 
 336;    -2.593;    25.694;    88.509; 
 337;    -2.604;    25.722;    88.509; 
 338;    -2.615;    25.745;    88.509; 
 339;    -2.625;    25.766;    88.509; 
 340;    -2.642;    25.807;    88.509; 
 341;    -2.653;    25.830;    88.509; 
 342;    -2.663;    25.853;    88.509; 
 343;    -2.675;    25.877;    88.509; 
 344;    -2.689;    25.907;    88.509; 
 345;    -2.703;    25.938;    88.509; 
 346;    -2.714;    25.960;    88.509; 
 347;    -2.728;    25.989;    88.509; 
 348;    -2.741;    26.017;    88.509; 
 349;    -2.752;    26.038;    88.509; 
 350;    -2.765;    26.060;    88.509; 
 351;    -2.784;    26.100;    88.509; 
 352;    -2.797;    26.127;    88.509; 
 353;    -2.808;    26.150;    88.509; 
 354;    -2.821;    26.175;    88.509; 
 355;    -2.833;    26.199;    88.509; 
 356;    -2.849;    26.229;    88.509; 
 357;    -2.862;    26.255;    88.509; 
 358;    -2.874;    26.275;    88.509; 
 359;    -2.889;    26.302;    88.509; 
 360;    -2.905;    26.333;    88.509; 
 361;    -2.916;    26.351;    88.509; 
 362;    -2.936;    26.390;    88.509; 
 363;    -2.951;    26.418;    88.509; 
 364;    -2.962;    26.437;    88.509; 
 365;    -2.974;    26.457;    88.509; 
 366;    -2.994;    26.495;    88.509; 
 367;    -3.002;    26.506;    88.509; 
 368;    -3.025;    26.548;    88.509; 
 369;    -3.040;    26.577;    88.509; 
 370;    -3.052;    26.599;    88.509; 
 371;    -3.066;    26.624;    88.509; 
 372;    -3.080;    26.648;    88.509; 
 373;    -3.095;    26.673;    88.509; 
 374;    -3.112;    26.702;    88.509; 
 375;    -3.126;    26.728;    88.509; 
 376;    -3.140;    26.750;    88.509; 
 377;    -3.155;    26.776;    88.509; 
 378;    -3.171;    26.803;    88.509; 
 379;    -3.184;    26.825;    88.509; 
 380;    -3.193;    26.835;    88.509; 
 381;    -3.202;    26.846;    88.509; 
 382;    -3.216;    26.861;    88.509; 
 383;    -3.232;    26.878;    88.509; 
 384;    -3.245;    26.890;    88.509; 
 385;    -3.254;    26.896;    88.509; 
 386;    -3.262;    26.900;    88.509; 
 387;    -3.268;    26.902;    88.509; 
 388;    -3.278;    26.905;    88.509; 
 389;    -3.303;    26.916;    88.509; 
 390;    -3.316;    26.920;    88.509; 
 391;    -3.321;    26.920;    88.509; 
 392;    -3.336;    26.921;    88.509; 
 393;    -3.356;    26.923;    88.509; 
 394;    -3.363;    26.922;    88.509; 
 395;    -3.385;    26.922;    88.509; 
 396;    -3.407;    26.920;    88.509; 
 397;    -3.434;    26.918;    88.509; 
 398;    -3.453;    26.916;    88.509; 
 399;    -3.477;    26.912;    88.509; 
 400;    -3.510;    26.908;    88.509; 
 401;    -3.538;    26.904;    88.509; 
 402;    -3.570;    26.900;    88.509; 
 403;    -3.596;    26.896;    88.509; 
 404;    -3.629;    26.891;    88.509; 
 405;    -3.661;    26.887;    88.509; 
 406;    -3.691;    26.882;    88.509; 
 407;    -3.720;    26.878;    88.509; 
 408;    -3.748;    26.874;    88.509; 
 409;    -3.774;    26.870;    88.509; 
