[A]
   1;     3.545;    26.935;    88.508; 
   2;     3.515;    26.938;    88.508; 
   3;     3.479;    26.943;    88.508; 
   4;     3.445;    26.948;    88.508; 
   5;     3.419;    26.951;    88.508; 
   6;     3.390;    26.954;    88.508; 
   7;     3.353;    26.960;    88.508; 
   8;     3.322;    26.964;    88.508; 
   9;     3.292;    26.968;    88.508; 
  10;     3.266;    26.972;    88.508; 
  11;     3.240;    26.975;    88.508; 
  12;     3.220;    26.976;    88.508; 
  13;     3.213;    26.974;    88.508; 
  14;     3.209;    26.972;    88.508; 
  15;     3.197;    26.969;    88.508; 
  16;     3.165;    26.963;    88.508; 
  17;     3.150;    26.958;    88.508; 
  18;     3.148;    26.956;    88.508; 
  19;     3.145;    26.953;    88.508; 
  20;     3.132;    26.944;    88.508; 
  21;     3.118;    26.934;    88.508; 
  22;     3.097;    26.919;    88.508; 
  23;     3.067;    26.899;    88.508; 
  24;     3.045;    26.884;    88.508; 
  25;     3.041;    26.879;    88.508; 
  26;     3.040;    26.876;    88.508; 
  27;     3.038;    26.871;    88.508; 
  28;     3.035;    26.864;    88.508; 
  29;     3.017;    26.835;    88.508; 
  30;     2.997;    26.805;    88.508; 
  31;     2.988;    26.788;    88.508; 
  32;     2.977;    26.769;    88.508; 
  33;     2.957;    26.736;    88.508; 
  34;     2.944;    26.713;    88.508; 
  35;     2.937;    26.698;    88.508; 
  36;     2.922;    26.669;    88.508; 
  37;     2.901;    26.633;    88.508; 
  38;     2.890;    26.611;    88.508; 
  39;     2.875;    26.584;    88.508; 
  40;     2.849;    26.543;    88.508; 
  41;     2.838;    26.525;    88.508; 
  42;     2.828;    26.505;    88.508; 
  43;     2.814;    26.479;    88.508; 
  44;     2.799;    26.452;    88.508; 
  45;     2.785;    26.426;    88.508; 
  46;     2.773;    26.403;    88.508; 
  47;     2.759;    26.374;    88.508; 
  48;     2.744;    26.346;    88.508; 
  49;     2.733;    26.324;    88.508; 
  50;     2.716;    26.292;    88.508; 
  51;     2.701;    26.263;    88.508; 
  52;     2.688;    26.238;    88.508; 
  53;     2.676;    26.213;    88.508; 
  54;     2.665;    26.190;    88.508; 
  55;     2.649;    26.158;    88.508; 
  56;     2.635;    26.130;    88.508; 
  57;     2.624;    26.107;    88.508; 
  58;     2.610;    26.079;    88.508; 
  59;     2.596;    26.051;    88.508; 
  60;     2.586;    26.028;    88.508; 
  61;     2.575;    26.003;    88.508; 
  62;     2.559;    25.969;    88.508; 
  63;     2.548;    25.945;    88.508; 
  64;     2.534;    25.916;    88.508; 
  65;     2.523;    25.892;    88.508; 
  66;     2.511;    25.865;    88.508; 
  67;     2.496;    25.833;    88.508; 
  68;     2.487;    25.810;    88.508; 
  69;     2.472;    25.778;    88.508; 
  70;     2.462;    25.755;    88.508; 
  71;     2.451;    25.729;    88.508; 
  72;     2.437;    25.698;    88.508; 
  73;     2.429;    25.677;    88.508; 
  74;     2.416;    25.646;    88.508; 
  75;     2.403;    25.617;    88.508; 
  76;     2.390;    25.586;    88.508; 
  77;     2.381;    25.563;    88.508; 
  78;     2.376;    25.549;    88.508; 
  79;     2.362;    25.511;    88.508; 
  80;     2.345;    25.472;    88.508; 
  81;     2.339;    25.455;    88.508; 
  82;     2.331;    25.432;    88.508; 
  83;     2.318;    25.398;    88.508; 
  84;     2.307;    25.369;    88.508; 
  85;     2.304;    25.357;    88.508; 
  86;     2.286;    25.308;    88.508; 
  87;     2.273;    25.276;    88.508; 
  88;     2.266;    25.258;    88.508; 
  89;     2.259;    25.236;    88.508; 
  90;     2.256;    25.221;    88.508; 
  91;     2.255;    25.211;    88.508; 
  92;     2.247;    25.174;    88.508; 
  93;     2.225;    25.111;    88.508; 
  94;     2.208;    25.071;    88.508; 
  95;     2.205;    25.061;    88.508; 
  96;     2.193;    25.029;    88.508; 
  97;     2.169;    24.980;    88.508; 
  98;     2.128;    24.918;    88.508; 
  99;     1.943;    24.819;    88.508; 
 100;     1.853;    24.817;    88.508; 
 101;     1.827;    24.819;    88.508; 
 102;     1.793;    24.821;    88.508; 
 103;     1.756;    24.824;    88.508; 
 104;     1.731;    24.826;    88.508; 
 105;     1.715;    24.825;    88.508; 
 106;     1.664;    24.829;    88.508; 
 107;     1.637;    24.832;    88.508; 
 108;     1.623;    24.831;    88.508; 
 109;     1.579;    24.834;    88.508; 
 110;     1.537;    24.839;    88.508; 
 111;     1.477;    24.851;    88.508; 
 112;     1.296;    25.023;    88.508; 
 113;     1.280;    25.068;    88.508; 
 114;     1.265;    25.123;    88.508; 
 115;     1.257;    25.173;    88.508; 
 116;     1.254;    25.188;    88.508; 
 117;     1.248;    25.209;    88.508; 
 118;     1.240;    25.245;    88.508; 
 119;     1.232;    25.295;    88.508; 
 120;     1.228;    25.320;    88.508; 
 121;     1.224;    25.345;    88.508; 
 122;     1.218;    25.375;    88.508; 
 123;     1.214;    25.392;    88.508; 
 124;     1.207;    25.420;    88.508; 
 125;     1.201;    25.439;    88.508; 
 126;     1.191;    25.482;    88.508; 
 127;     1.182;    25.530;    88.508; 
 128;     1.178;    25.552;    88.508; 
 129;     1.173;    25.573;    88.508; 
 130;     1.168;    25.590;    88.508; 
 131;     1.160;    25.619;    88.508; 
 132;     1.150;    25.661;    88.508; 
 133;     1.144;    25.684;    88.508; 
 134;     1.137;    25.710;    88.508; 
 135;     1.128;    25.746;    88.508; 
 136;     1.121;    25.768;    88.508; 
 137;     1.112;    25.802;    88.508; 
 138;     1.105;    25.830;    88.508; 
 139;     1.097;    25.858;    88.508; 
 140;     1.089;    25.883;    88.508; 
 141;     1.081;    25.912;    88.508; 
 142;     1.071;    25.946;    88.508; 
 143;     1.063;    25.974;    88.508; 
 144;     1.055;    25.999;    88.508; 
 145;     1.047;    26.027;    88.508; 
 146;     1.037;    26.059;    88.508; 
 147;     1.029;    26.087;    88.508; 
 148;     1.021;    26.112;    88.508; 
 149;     1.012;    26.139;    88.508; 
 150;     1.002;    26.168;    88.508; 
 151;      .993;    26.196;    88.508; 
 152;      .982;    26.231;    88.508; 
 153;      .975;    26.251;    88.508; 
 154;      .965;    26.278;    88.508; 
 155;      .953;    26.313;    88.508; 
 156;      .944;    26.344;    88.508; 
 157;      .936;    26.364;    88.508; 
 158;      .926;    26.392;    88.508; 
 159;      .913;    26.430;    88.508; 
 160;      .907;    26.446;    88.508; 
 161;      .896;    26.475;    88.508; 
 162;      .885;    26.501;    88.508; 
 163;      .872;    26.538;    88.508; 
 164;      .863;    26.562;    88.508; 
 165;      .851;    26.597;    88.508; 
 166;      .842;    26.624;    88.508; 
 167;      .833;    26.644;    88.508; 
 168;      .820;    26.680;    88.508; 
 169;      .811;    26.703;    88.508; 
 170;      .801;    26.727;    88.508; 
 171;      .788;    26.763;    88.508; 
 172;      .778;    26.786;    88.508; 
 173;      .767;    26.816;    88.508; 
 174;      .757;    26.838;    88.508; 
 175;      .748;    26.857;    88.508; 
 176;      .731;    26.903;    88.508; 
 177;      .721;    26.926;    88.508; 
 178;      .712;    26.948;    88.508; 
 179;      .701;    26.971;    88.508; 
 180;      .685;    27.009;    88.508; 
 181;      .679;    27.020;    88.508; 
 182;      .673;    27.028;    88.508; 
 183;      .654;    27.062;    88.508; 
 184;      .642;    27.082;    88.508; 
 185;      .636;    27.087;    88.508; 
 186;      .631;    27.091;    88.508; 
 187;      .623;    27.097;    88.508; 
 188;      .609;    27.108;    88.508; 
 189;      .601;    27.113;    88.508; 
 190;      .596;    27.114;    88.508; 
 191;      .588;    27.117;    88.508; 
 192;      .558;    27.130;    88.508; 
 193;      .542;    27.136;    88.508; 
 194;      .528;    27.139;    88.508; 
 195;      .519;    27.140;    88.508; 
 196;      .515;    27.139;    88.508; 
 197;      .508;    27.138;    88.508; 
 198;      .470;    27.140;    88.508; 
 199;      .423;    27.145;    88.508; 
 200;      .411;    27.144;    88.508; 
 201;      .383;    27.145;    88.508; 
 202;      .356;    27.145;    88.508; 
 203;      .342;    27.144;    88.508; 
 204;      .294;    27.144;    88.508; 
 205;      .253;    27.146;    88.508; 
 206;      .232;    27.146;    88.508; 
 207;      .215;    27.145;    88.508; 
 208;      .178;    27.144;    88.508; 
 209;      .137;    27.145;    88.508; 
 210;      .108;    27.146;    88.508; 
 211;      .081;    27.146;    88.508; 
 212;      .056;    27.146;    88.508; 
 213;      .037;    27.144;    88.508; 
 214;      .008;    27.143;    88.508; 
 215;     -.024;    27.141;    88.508; 
 216;     -.055;    27.139;    88.508; 
 217;     -.080;    27.138;    88.508; 
 218;     -.089;    27.135;    88.508; 
 219;     -.096;    27.132;    88.508; 
 220;     -.102;    27.129;    88.508; 
 221;     -.108;    27.125;    88.508; 
 222;     -.111;    27.121;    88.508; 
 223;     -.115;    27.117;    88.508; 
 224;     -.160;    27.088;    88.508; 
 225;     -.168;    27.082;    88.508; 
 226;     -.170;    27.078;    88.508; 
 227;     -.173;    27.073;    88.508; 
 228;     -.182;    27.062;    88.508; 
 229;     -.200;    27.039;    88.508; 
 230;     -.208;    27.027;    88.508; 
 231;     -.212;    27.019;    88.508; 
 232;     -.221;    27.002;    88.508; 
 233;     -.233;    26.979;    88.508; 
 234;     -.241;    26.961;    88.508; 
 235;     -.245;    26.949;    88.508; 
 236;     -.256;    26.920;    88.508; 
 237;     -.279;    26.870;    88.508; 
 238;     -.284;    26.858;    88.508; 
 239;     -.302;    26.817;    88.508; 
 240;     -.312;    26.795;    88.508; 
 241;     -.324;    26.768;    88.508; 
 242;     -.334;    26.744;    88.508; 
 243;     -.337;    26.730;    88.508; 
 244;     -.341;    26.715;    88.508; 
 245;     -.361;    26.661;    88.508; 
 246;     -.382;    26.615;    88.508; 
 247;     -.393;    26.591;    88.508; 
 248;     -.401;    26.572;    88.508; 
 249;     -.411;    26.546;    88.508; 
 250;     -.419;    26.526;    88.508; 
 251;     -.429;    26.498;    88.508; 
 252;     -.442;    26.464;    88.508; 
 253;     -.453;    26.436;    88.508; 
 254;     -.460;    26.414;    88.508; 
 255;     -.467;    26.392;    88.508; 
 256;     -.473;    26.371;    88.508; 
 257;     -.488;    26.328;    88.508; 
 258;     -.498;    26.300;    88.508; 
 259;     -.511;    26.267;    88.508; 
 260;     -.527;    26.229;    88.508; 
 261;     -.534;    26.211;    88.508; 
 262;     -.539;    26.196;    88.508; 
 263;     -.546;    26.171;    88.508; 
 264;     -.558;    26.135;    88.508; 
 265;     -.566;    26.110;    88.508; 
 266;     -.577;    26.077;    88.508; 
 267;     -.584;    26.055;    88.508; 
 268;     -.590;    26.034;    88.508; 
 269;     -.601;    25.997;    88.508; 
 270;     -.609;    25.972;    88.508; 
 271;     -.625;    25.928;    88.508; 
 272;     -.637;    25.897;    88.508; 
 273;     -.642;    25.879;    88.508; 
 274;     -.648;    25.858;    88.508; 
 275;     -.658;    25.826;    88.508; 
 276;     -.667;    25.798;    88.508; 
 277;     -.674;    25.773;    88.508; 
 278;     -.681;    25.746;    88.508; 
 279;     -.690;    25.714;    88.508; 
 280;     -.696;    25.690;    88.508; 
 281;     -.698;    25.676;    88.508; 
 282;     -.704;    25.645;    88.508; 
 283;     -.720;    25.587;    88.508; 
 284;     -.729;    25.559;    88.508; 
 285;     -.736;    25.535;    88.508; 
 286;     -.738;    25.524;    88.508; 
 287;     -.744;    25.496;    88.508; 
 288;     -.751;    25.463;    88.508; 
 289;     -.761;    25.427;    88.508; 
 290;     -.769;    25.396;    88.508; 
 291;     -.777;    25.367;    88.508; 
 292;     -.783;    25.342;    88.508; 
 293;     -.786;    25.327;    88.508; 
 294;     -.790;    25.299;    88.508; 
 295;     -.796;    25.267;    88.508; 
 296;     -.800;    25.244;    88.508; 
 297;     -.806;    25.210;    88.508; 
 298;     -.813;    25.174;    88.508; 
 299;     -.820;    25.141;    88.508; 
 300;     -.829;    25.104;    88.508; 
 301;     -.839;    25.069;    88.508; 
 302;     -.858;    25.015;    88.508; 
 303;    -1.008;    24.869;    88.508; 
 304;    -1.123;    24.842;    88.508; 
 305;    -1.171;    24.840;    88.508; 
 306;    -1.193;    24.838;    88.508; 
 307;    -1.218;    24.836;    88.508; 
 308;    -1.248;    24.833;    88.508; 
 309;    -1.303;    24.832;    88.508; 
 310;    -1.315;    24.831;    88.508; 
 311;    -1.321;    24.828;    88.508; 
 312;    -1.393;    24.825;    88.508; 
 313;    -1.428;    24.826;    88.508; 
 314;    -1.439;    24.824;    88.508; 
 315;    -1.495;    24.825;    88.508; 
 316;    -1.703;    24.954;    88.508; 
 317;    -1.737;    25.015;    88.508; 
 318;    -1.757;    25.062;    88.508; 
 319;    -1.772;    25.110;    88.508; 
 320;    -1.779;    25.128;    88.508; 
 321;    -1.790;    25.164;    88.508; 
 322;    -1.802;    25.205;    88.508; 
 323;    -1.808;    25.226;    88.508; 
 324;    -1.817;    25.253;    88.508; 
 325;    -1.826;    25.283;    88.508; 
 326;    -1.832;    25.298;    88.508; 
 327;    -1.840;    25.315;    88.508; 
 328;    -1.857;    25.363;    88.508; 
 329;    -1.869;    25.406;    88.508; 
 330;    -1.876;    25.427;    88.508; 
 331;    -1.883;    25.447;    88.508; 
 332;    -1.892;    25.469;    88.508; 
 333;    -1.902;    25.494;    88.508; 
 334;    -1.912;    25.518;    88.508; 
 335;    -1.929;    25.567;    88.508; 
 336;    -1.939;    25.594;    88.508; 
 337;    -1.946;    25.611;    88.508; 
 338;    -1.957;    25.640;    88.508; 
 339;    -1.965;    25.659;    88.508; 
 340;    -1.980;    25.696;    88.508; 
 341;    -1.991;    25.726;    88.508; 
 342;    -2.001;    25.751;    88.508; 
 343;    -2.010;    25.771;    88.508; 
 344;    -2.023;    25.801;    88.508; 
 345;    -2.035;    25.832;    88.508; 
 346;    -2.046;    25.856;    88.508; 
 347;    -2.056;    25.879;    88.508; 
 348;    -2.067;    25.901;    88.508; 
 349;    -2.085;    25.944;    88.508; 
 350;    -2.095;    25.968;    88.508; 
 351;    -2.106;    25.993;    88.508; 
 352;    -2.117;    26.016;    88.508; 
 353;    -2.130;    26.043;    88.508; 
 354;    -2.143;    26.070;    88.508; 
 355;    -2.156;    26.097;    88.508; 
 356;    -2.171;    26.129;    88.508; 
 357;    -2.182;    26.154;    88.508; 
 358;    -2.194;    26.177;    88.508; 
 359;    -2.208;    26.206;    88.508; 
 360;    -2.224;    26.239;    88.508; 
 361;    -2.236;    26.265;    88.508; 
 362;    -2.248;    26.290;    88.508; 
 363;    -2.261;    26.315;    88.508; 
 364;    -2.274;    26.340;    88.508; 
 365;    -2.288;    26.369;    88.508; 
 366;    -2.301;    26.394;    88.508; 
 367;    -2.316;    26.423;    88.508; 
 368;    -2.330;    26.449;    88.508; 
 369;    -2.344;    26.476;    88.508; 
 370;    -2.357;    26.500;    88.508; 
 371;    -2.371;    26.525;    88.508; 
 372;    -2.386;    26.555;    88.508; 
 373;    -2.400;    26.582;    88.508; 
 374;    -2.415;    26.609;    88.508; 
 375;    -2.428;    26.633;    88.508; 
 376;    -2.436;    26.646;    88.508; 
 377;    -2.459;    26.689;    88.508; 
 378;    -2.473;    26.715;    88.508; 
 379;    -2.481;    26.727;    88.508; 
 380;    -2.503;    26.768;    88.508; 
 381;    -2.518;    26.797;    88.508; 
 382;    -2.521;    26.798;    88.508; 
 383;    -2.540;    26.828;    88.508; 
 384;    -2.569;    26.884;    88.508; 
 385;    -2.574;    26.892;    88.508; 
 386;    -2.582;    26.902;    88.508; 
 387;    -2.589;    26.910;    88.508; 
 388;    -2.598;    26.919;    88.508; 
 389;    -2.606;    26.924;    88.508; 
 390;    -2.615;    26.930;    88.508; 
 391;    -2.624;    26.935;    88.508; 
 392;    -2.633;    26.939;    88.508; 
 393;    -2.669;    26.960;    88.508; 
 394;    -2.697;    26.977;    88.508; 
 395;    -2.709;    26.982;    88.508; 
 396;    -2.722;    26.987;    88.508; 
 397;    -2.726;    26.987;    88.508; 
 398;    -2.730;    26.986;    88.508; 
 399;    -2.748;    26.988;    88.508; 
 400;    -2.767;    26.989;    88.508; 
 401;    -2.776;    26.988;    88.508; 
 402;    -2.787;    26.987;    88.508; 
 403;    -2.808;    26.984;    88.508; 
 404;    -2.848;    26.981;    88.508; 
 405;    -2.873;    26.979;    88.508; 
 406;    -2.901;    26.976;    88.508; 
 407;    -2.931;    26.972;    88.508; 
 408;    -2.959;    26.969;    88.508; 
 409;    -2.992;    26.966;    88.508; 
 410;    -3.018;    26.962;    88.508; 
 411;    -3.046;    26.958;    88.508; 
 412;    -3.081;    26.954;    88.508; 
 413;    -3.114;    26.950;    88.508; 
 414;    -3.142;    26.947;    88.508; 
 415;    -3.178;    26.943;    88.508; 
 416;    -3.205;    26.940;    88.508; 
 417;    -3.237;    26.937;    88.508; 
 418;    -3.264;    26.934;    88.508; 
 419;    -3.293;    26.930;    88.508; 
 420;    -3.311;    26.927;    88.508; 
