[A]
   1;     3.453;    26.730;    88.507; 
   2;     3.423;    26.734;    88.507; 
   3;     3.396;    26.738;    88.507; 
   4;     3.371;    26.740;    88.507; 
   5;     3.336;    26.745;    88.507; 
   6;     3.307;    26.748;    88.507; 
   7;     3.276;    26.752;    88.507; 
   8;     3.239;    26.757;    88.507; 
   9;     3.216;    26.760;    88.507; 
  10;     3.188;    26.763;    88.507; 
  11;     3.154;    26.767;    88.507; 
  12;     3.123;    26.771;    88.507; 
  13;     3.091;    26.775;    88.507; 
  14;     3.065;    26.778;    88.507; 
  15;     3.040;    26.780;    88.507; 
  16;     3.024;    26.781;    88.507; 
  17;     3.012;    26.779;    88.507; 
  18;     2.996;    26.778;    88.507; 
  19;     2.981;    26.775;    88.507; 
  20;     2.974;    26.772;    88.507; 
  21;     2.951;    26.766;    88.507; 
  22;     2.941;    26.761;    88.507; 
  23;     2.933;    26.756;    88.507; 
  24;     2.930;    26.752;    88.507; 
  25;     2.912;    26.741;    88.507; 
  26;     2.887;    26.724;    88.507; 
  27;     2.880;    26.716;    88.507; 
  28;     2.875;    26.711;    88.507; 
  29;     2.867;    26.700;    88.507; 
  30;     2.848;    26.678;    88.507; 
  31;     2.832;    26.660;    88.507; 
  32;     2.827;    26.651;    88.507; 
  33;     2.822;    26.641;    88.507; 
  34;     2.814;    26.624;    88.507; 
  35;     2.809;    26.611;    88.507; 
  36;     2.779;    26.558;    88.507; 
  37;     2.757;    26.523;    88.507; 
  38;     2.750;    26.510;    88.507; 
  39;     2.743;    26.495;    88.507; 
  40;     2.717;    26.451;    88.507; 
  41;     2.711;    26.438;    88.507; 
  42;     2.691;    26.404;    88.507; 
  43;     2.679;    26.382;    88.507; 
  44;     2.672;    26.367;    88.507; 
  45;     2.655;    26.333;    88.507; 
  46;     2.639;    26.302;    88.507; 
  47;     2.620;    26.268;    88.507; 
  48;     2.604;    26.241;    88.507; 
  49;     2.597;    26.226;    88.507; 
  50;     2.581;    26.196;    88.507; 
  51;     2.564;    26.164;    88.507; 
  52;     2.553;    26.143;    88.507; 
  53;     2.540;    26.118;    88.507; 
  54;     2.527;    26.091;    88.507; 
  55;     2.512;    26.062;    88.507; 
  56;     2.499;    26.035;    88.507; 
  57;     2.484;    26.007;    88.507; 
  58;     2.467;    25.974;    88.507; 
  59;     2.456;    25.954;    88.507; 
  60;     2.446;    25.931;    88.507; 
  61;     2.437;    25.910;    88.507; 
  62;     2.419;    25.873;    88.507; 
  63;     2.404;    25.844;    88.507; 
  64;     2.392;    25.820;    88.507; 
  65;     2.380;    25.795;    88.507; 
  66;     2.366;    25.764;    88.507; 
  67;     2.356;    25.742;    88.507; 
  68;     2.344;    25.716;    88.507; 
  69;     2.333;    25.690;    88.507; 
  70;     2.323;    25.667;    88.507; 
  71;     2.308;    25.632;    88.507; 
  72;     2.296;    25.605;    88.507; 
  73;     2.285;    25.580;    88.507; 
  74;     2.272;    25.549;    88.507; 
  75;     2.258;    25.518;    88.507; 
  76;     2.246;    25.493;    88.507; 
  77;     2.238;    25.471;    88.507; 
  78;     2.229;    25.448;    88.507; 
  79;     2.220;    25.423;    88.507; 
  80;     2.206;    25.386;    88.507; 
  81;     2.195;    25.359;    88.507; 
  82;     2.180;    25.324;    88.507; 
  83;     2.170;    25.300;    88.507; 
  84;     2.163;    25.280;    88.507; 
  85;     2.152;    25.252;    88.507; 
  86;     2.139;    25.219;    88.507; 
  87;     2.127;    25.189;    88.507; 
  88;     2.120;    25.169;    88.507; 
  89;     2.114;    25.149;    88.507; 
  90;     2.107;    25.126;    88.507; 
  91;     2.099;    25.097;    88.507; 
  92;     2.083;    25.052;    88.507; 
  93;     2.076;    25.031;    88.507; 
  94;     2.066;    25.001;    88.507; 
  95;     2.059;    24.977;    88.507; 
  96;     2.051;    24.951;    88.507; 
  97;     2.039;    24.914;    88.507; 
  98;     2.030;    24.887;    88.507; 
  99;     2.016;    24.850;    88.507; 
 100;     1.993;    24.800;    88.507; 
 101;     1.979;    24.772;    88.507; 
 102;     1.909;    24.684;    88.507; 
 103;     1.718;    24.612;    88.507; 
 104;     1.651;    24.615;    88.507; 
 105;     1.623;    24.618;    88.507; 
 106;     1.601;    24.619;    88.507; 
 107;     1.564;    24.622;    88.507; 
 108;     1.527;    24.626;    88.507; 
 109;     1.502;    24.628;    88.507; 
 110;     1.475;    24.630;    88.507; 
 111;     1.445;    24.633;    88.507; 
 112;     1.419;    24.634;    88.507; 
 113;     1.398;    24.634;    88.507; 
 114;     1.353;    24.637;    88.507; 
 115;     1.210;    24.695;    88.507; 
 116;     1.101;    24.859;    88.507; 
 117;     1.091;    24.893;    88.507; 
 118;     1.084;    24.914;    88.507; 
 119;     1.071;    24.997;    88.507; 
 120;     1.068;    25.015;    88.507; 
 121;     1.064;    25.028;    88.507; 
 122;     1.057;    25.071;    88.507; 
 123;     1.053;    25.093;    88.507; 
 124;     1.048;    25.112;    88.507; 
 125;     1.040;    25.151;    88.507; 
 126;     1.034;    25.180;    88.507; 
 127;     1.028;    25.210;    88.507; 
 128;     1.022;    25.244;    88.507; 
 129;     1.017;    25.266;    88.507; 
 130;     1.011;    25.290;    88.507; 
 131;     1.003;    25.322;    88.507; 
 132;      .996;    25.359;    88.507; 
 133;      .990;    25.382;    88.507; 
 134;      .984;    25.407;    88.507; 
 135;      .976;    25.435;    88.507; 
 136;      .968;    25.465;    88.507; 
 137;      .961;    25.492;    88.507; 
 138;      .953;    25.521;    88.507; 
 139;      .945;    25.550;    88.507; 
 140;      .937;    25.581;    88.507; 
 141;      .929;    25.610;    88.507; 
 142;      .922;    25.634;    88.507; 
 143;      .913;    25.663;    88.507; 
 144;      .905;    25.687;    88.507; 
 145;      .895;    25.722;    88.507; 
 146;      .887;    25.750;    88.507; 
 147;      .879;    25.774;    88.507; 
 148;      .872;    25.793;    88.507; 
 149;      .858;    25.837;    88.507; 
 150;      .848;    25.875;    88.507; 
 151;      .843;    25.891;    88.507; 
 152;      .834;    25.919;    88.507; 
 153;      .824;    25.947;    88.507; 
 154;      .815;    25.975;    88.507; 
 155;      .807;    25.996;    88.507; 
 156;      .797;    26.026;    88.507; 
 157;      .784;    26.065;    88.507; 
 158;      .775;    26.091;    88.507; 
 159;      .767;    26.116;    88.507; 
 160;      .757;    26.142;    88.507; 
 161;      .748;    26.168;    88.507; 
 162;      .738;    26.192;    88.507; 
 163;      .729;    26.215;    88.507; 
 164;      .714;    26.254;    88.507; 
 165;      .703;    26.288;    88.507; 
 166;      .694;    26.313;    88.507; 
 167;      .685;    26.338;    88.507; 
 168;      .674;    26.366;    88.507; 
 169;      .664;    26.393;    88.507; 
 170;      .653;    26.422;    88.507; 
 171;      .642;    26.450;    88.507; 
 172;      .632;    26.478;    88.507; 
 173;      .621;    26.504;    88.507; 
 174;      .611;    26.529;    88.507; 
 175;      .599;    26.559;    88.507; 
 176;      .586;    26.592;    88.507; 
 177;      .575;    26.617;    88.507; 
 178;      .563;    26.649;    88.507; 
 179;      .552;    26.675;    88.507; 
 180;      .543;    26.697;    88.507; 
 181;      .532;    26.720;    88.507; 
 182;      .519;    26.748;    88.507; 
 183;      .503;    26.788;    88.507; 
 184;      .491;    26.818;    88.507; 
 185;      .485;    26.829;    88.507; 
 186;      .478;    26.842;    88.507; 
 187;      .465;    26.864;    88.507; 
 188;      .455;    26.877;    88.507; 
 189;      .447;    26.887;    88.507; 
 190;      .437;    26.897;    88.507; 
 191;      .427;    26.906;    88.507; 
 192;      .416;    26.914;    88.507; 
 193;      .400;    26.926;    88.507; 
 194;      .388;    26.933;    88.507; 
 195;      .379;    26.937;    88.507; 
 196;      .370;    26.939;    88.507; 
 197;      .359;    26.942;    88.507; 
 198;      .347;    26.944;    88.507; 
 199;      .337;    26.945;    88.507; 
 200;      .328;    26.944;    88.507; 
 201;      .328;    26.943;    88.507; 
 202;      .302;    26.941;    88.507; 
 203;      .255;    26.940;    88.507; 
 204;      .228;    26.940;    88.507; 
 205;      .204;    26.939;    88.507; 
 206;      .165;    26.938;    88.507; 
 207;      .131;    26.939;    88.507; 
 208;      .110;    26.938;    88.507; 
 209;      .068;    26.939;    88.507; 
 210;      .034;    26.940;    88.507; 
 211;      .009;    26.940;    88.507; 
 212;     -.020;    26.941;    88.507; 
 213;     -.049;    26.941;    88.507; 
 214;     -.079;    26.940;    88.507; 
 215;     -.109;    26.940;    88.507; 
 216;     -.138;    26.940;    88.507; 
 217;     -.168;    26.940;    88.507; 
 218;     -.189;    26.939;    88.507; 
 219;     -.198;    26.937;    88.507; 
 220;     -.216;    26.933;    88.507; 
 221;     -.255;    26.927;    88.507; 
 222;     -.272;    26.923;    88.507; 
 223;     -.283;    26.920;    88.507; 
 224;     -.296;    26.914;    88.507; 
 225;     -.321;    26.905;    88.507; 
 226;     -.325;    26.902;    88.507; 
 227;     -.325;    26.900;    88.507; 
 228;     -.328;    26.896;    88.507; 
 229;     -.335;    26.888;    88.507; 
 230;     -.342;    26.879;    88.507; 
 231;     -.357;    26.862;    88.507; 
 232;     -.378;    26.838;    88.507; 
 233;     -.396;    26.817;    88.507; 
 234;     -.409;    26.800;    88.507; 
 235;     -.415;    26.790;    88.507; 
 236;     -.419;    26.781;    88.507; 
 237;     -.426;    26.764;    88.507; 
 238;     -.436;    26.743;    88.507; 
 239;     -.447;    26.718;    88.507; 
 240;     -.459;    26.690;    88.507; 
 241;     -.470;    26.663;    88.507; 
 242;     -.481;    26.637;    88.507; 
 243;     -.494;    26.606;    88.507; 
 244;     -.504;    26.581;    88.507; 
 245;     -.515;    26.553;    88.507; 
 246;     -.528;    26.523;    88.507; 
 247;     -.540;    26.494;    88.507; 
 248;     -.548;    26.471;    88.507; 
 249;     -.558;    26.444;    88.507; 
 250;     -.571;    26.412;    88.507; 
 251;     -.582;    26.384;    88.507; 
 252;     -.593;    26.355;    88.507; 
 253;     -.603;    26.329;    88.507; 
 254;     -.614;    26.300;    88.507; 
 255;     -.624;    26.273;    88.507; 
 256;     -.634;    26.246;    88.507; 
 257;     -.644;    26.218;    88.507; 
 258;     -.656;    26.187;    88.507; 
 259;     -.664;    26.164;    88.507; 
 260;     -.673;    26.136;    88.507; 
 261;     -.684;    26.104;    88.507; 
 262;     -.693;    26.078;    88.507; 
 263;     -.704;    26.047;    88.507; 
 264;     -.715;    26.017;    88.507; 
 265;     -.722;    25.994;    88.507; 
 266;     -.733;    25.962;    88.507; 
 267;     -.744;    25.932;    88.507; 
 268;     -.751;    25.909;    88.507; 
 269;     -.759;    25.882;    88.507; 
 270;     -.766;    25.858;    88.507; 
 271;     -.776;    25.826;    88.507; 
 272;     -.789;    25.788;    88.507; 
 273;     -.796;    25.765;    88.507; 
 274;     -.806;    25.733;    88.507; 
 275;     -.814;    25.706;    88.507; 
 276;     -.823;    25.679;    88.507; 
 277;     -.832;    25.649;    88.507; 
 278;     -.839;    25.624;    88.507; 
 279;     -.846;    25.600;    88.507; 
 280;     -.851;    25.576;    88.507; 
 281;     -.864;    25.533;    88.507; 
 282;     -.871;    25.507;    88.507; 
 283;     -.875;    25.489;    88.507; 
 284;     -.882;    25.460;    88.507; 
 285;     -.893;    25.419;    88.507; 
 286;     -.900;    25.392;    88.507; 
 287;     -.905;    25.372;    88.507; 
 288;     -.915;    25.334;    88.507; 
 289;     -.923;    25.304;    88.507; 
 290;     -.926;    25.286;    88.507; 
 291;     -.933;    25.256;    88.507; 
 292;     -.940;    25.224;    88.507; 
 293;     -.948;    25.194;    88.507; 
 294;     -.952;    25.171;    88.507; 
 295;     -.963;    25.128;    88.507; 
 296;     -.966;    25.112;    88.507; 
 297;     -.971;    25.082;    88.507; 
 298;     -.978;    25.052;    88.507; 
 299;     -.983;    25.022;    88.507; 
 300;     -.984;    25.012;    88.507; 
 301;     -.987;    24.985;    88.507; 
 302;     -.999;    24.925;    88.507; 
 303;    -1.005;    24.897;    88.507; 
 304;    -1.020;    24.848;    88.507; 
 305;    -1.040;    24.797;    88.507; 
 306;    -1.132;    24.685;    88.507; 
 307;    -1.290;    24.624;    88.507; 
 308;    -1.321;    24.620;    88.507; 
 309;    -1.382;    24.618;    88.507; 
 310;    -1.417;    24.619;    88.507; 
 311;    -1.427;    24.617;    88.507; 
 312;    -1.447;    24.615;    88.507; 
 313;    -1.472;    24.612;    88.507; 
 314;    -1.501;    24.608;    88.507; 
 315;    -1.574;    24.607;    88.507; 
 316;    -1.594;    24.606;    88.507; 
 317;    -1.605;    24.605;    88.507; 
 318;    -1.649;    24.603;    88.507; 
 319;    -1.827;    24.667;    88.507; 
 320;    -1.923;    24.803;    88.507; 
 321;    -1.937;    24.840;    88.507; 
 322;    -1.945;    24.860;    88.507; 
 323;    -1.955;    24.884;    88.507; 
 324;    -1.976;    24.958;    88.507; 
 325;    -1.982;    24.977;    88.507; 
 326;    -1.988;    24.997;    88.507; 
 327;    -1.994;    25.013;    88.507; 
 328;    -2.005;    25.043;    88.507; 
 329;    -2.016;    25.073;    88.507; 
 330;    -2.028;    25.110;    88.507; 
 331;    -2.039;    25.148;    88.507; 
 332;    -2.044;    25.160;    88.507; 
 333;    -2.049;    25.170;    88.507; 
 334;    -2.067;    25.215;    88.507; 
 335;    -2.079;    25.251;    88.507; 
 336;    -2.089;    25.282;    88.507; 
 337;    -2.096;    25.301;    88.507; 
 338;    -2.106;    25.327;    88.507; 
 339;    -2.116;    25.351;    88.507; 
 340;    -2.127;    25.380;    88.507; 
 341;    -2.140;    25.412;    88.507; 
 342;    -2.149;    25.435;    88.507; 
 343;    -2.159;    25.459;    88.507; 
 344;    -2.173;    25.491;    88.507; 
 345;    -2.183;    25.516;    88.507; 
 346;    -2.194;    25.540;    88.507; 
 347;    -2.207;    25.571;    88.507; 
 348;    -2.219;    25.597;    88.507; 
 349;    -2.231;    25.627;    88.507; 
 350;    -2.244;    25.656;    88.507; 
 351;    -2.256;    25.683;    88.507; 
 352;    -2.266;    25.705;    88.507; 
 353;    -2.279;    25.734;    88.507; 
 354;    -2.291;    25.761;    88.507; 
 355;    -2.302;    25.781;    88.507; 
 356;    -2.315;    25.808;    88.507; 
 357;    -2.331;    25.842;    88.507; 
 358;    -2.345;    25.874;    88.507; 
 359;    -2.353;    25.889;    88.507; 
 360;    -2.367;    25.916;    88.507; 
 361;    -2.384;    25.951;    88.507; 
 362;    -2.396;    25.975;    88.507; 
 363;    -2.409;    26.001;    88.507; 
 364;    -2.423;    26.031;    88.507; 
 365;    -2.434;    26.052;    88.507; 
 366;    -2.449;    26.083;    88.507; 
 367;    -2.463;    26.113;    88.507; 
 368;    -2.474;    26.133;    88.507; 
 369;    -2.487;    26.156;    88.507; 
 370;    -2.504;    26.190;    88.507; 
 371;    -2.516;    26.213;    88.507; 
 372;    -2.525;    26.227;    88.507; 
 373;    -2.544;    26.260;    88.507; 
 374;    -2.561;    26.291;    88.507; 
 375;    -2.581;    26.335;    88.507; 
 376;    -2.591;    26.353;    88.507; 
 377;    -2.602;    26.373;    88.507; 
 378;    -2.618;    26.403;    88.507; 
 379;    -2.633;    26.431;    88.507; 
 380;    -2.640;    26.443;    88.507; 
 381;    -2.657;    26.469;    88.507; 
 382;    -2.673;    26.497;    88.507; 
 383;    -2.696;    26.540;    88.507; 
 384;    -2.710;    26.568;    88.507; 
 385;    -2.719;    26.582;    88.507; 
 386;    -2.731;    26.602;    88.507; 
 387;    -2.744;    26.621;    88.507; 
 388;    -2.753;    26.633;    88.507; 
 389;    -2.769;    26.654;    88.507; 
 390;    -2.794;    26.691;    88.507; 
 391;    -2.806;    26.707;    88.507; 
 392;    -2.815;    26.715;    88.507; 
 393;    -2.820;    26.719;    88.507; 
 394;    -2.826;    26.722;    88.507; 
 395;    -2.844;    26.734;    88.507; 
 396;    -2.851;    26.737;    88.507; 
 397;    -2.861;    26.741;    88.507; 
 398;    -2.866;    26.741;    88.507; 
 399;    -2.870;    26.740;    88.507; 
 400;    -2.900;    26.747;    88.507; 
 401;    -2.922;    26.752;    88.507; 
 402;    -2.941;    26.754;    88.507; 
 403;    -2.958;    26.755;    88.507; 
 404;    -2.974;    26.755;    88.507; 
 405;    -3.000;    26.756;    88.507; 
 406;    -3.018;    26.755;    88.507; 
