[A]
   1;     2.893;    26.921;    88.510; 
   2;     2.864;    26.927;    88.510; 
   3;     2.849;    26.928;    88.510; 
   4;     2.840;    26.928;    88.510; 
   5;     2.825;    26.927;    88.510; 
   6;     2.775;    26.929;    88.510; 
   7;     2.728;    26.934;    88.510; 
   8;     2.722;    26.933;    88.510; 
   9;     2.715;    26.931;    88.510; 
  10;     2.707;    26.929;    88.510; 
  11;     2.697;    26.925;    88.510; 
  12;     2.688;    26.921;    88.510; 
  13;     2.672;    26.914;    88.510; 
  14;     2.657;    26.907;    88.510; 
  15;     2.639;    26.897;    88.510; 
  16;     2.624;    26.888;    88.510; 
  17;     2.610;    26.878;    88.510; 
  18;     2.602;    26.870;    88.510; 
  19;     2.596;    26.863;    88.510; 
  20;     2.597;    26.862;    88.510; 
  21;     2.597;    26.858;    88.510; 
  22;     2.581;    26.832;    88.510; 
  23;     2.554;    26.794;    88.510; 
  24;     2.548;    26.783;    88.510; 
  25;     2.538;    26.764;    88.510; 
  26;     2.529;    26.747;    88.510; 
  27;     2.506;    26.707;    88.510; 
  28;     2.487;    26.677;    88.510; 
  29;     2.477;    26.658;    88.510; 
  30;     2.465;    26.635;    88.510; 
  31;     2.453;    26.611;    88.510; 
  32;     2.436;    26.580;    88.510; 
  33;     2.416;    26.546;    88.510; 
  34;     2.404;    26.524;    88.510; 
  35;     2.393;    26.504;    88.510; 
  36;     2.380;    26.478;    88.510; 
  37;     2.366;    26.451;    88.510; 
  38;     2.351;    26.421;    88.510; 
  39;     2.342;    26.402;    88.510; 
  40;     2.326;    26.370;    88.510; 
  41;     2.303;    26.330;    88.510; 
  42;     2.295;    26.313;    88.510; 
  43;     2.283;    26.290;    88.510; 
  44;     2.265;    26.256;    88.510; 
  45;     2.250;    26.228;    88.510; 
  46;     2.238;    26.206;    88.510; 
  47;     2.228;    26.184;    88.510; 
  48;     2.220;    26.165;    88.510; 
  49;     2.213;    26.145;    88.510; 
  50;     2.192;    26.101;    88.510; 
  51;     2.174;    26.065;    88.510; 
  52;     2.158;    26.035;    88.510; 
  53;     2.144;    26.010;    88.510; 
  54;     2.134;    25.990;    88.510; 
  55;     2.122;    25.965;    88.510; 
  56;     2.114;    25.945;    88.510; 
  57;     2.098;    25.911;    88.510; 
  58;     2.088;    25.888;    88.510; 
  59;     2.075;    25.858;    88.510; 
  60;     2.063;    25.831;    88.510; 
  61;     2.056;    25.812;    88.510; 
  62;     2.041;    25.777;    88.510; 
  63;     2.026;    25.744;    88.510; 
  64;     2.010;    25.712;    88.510; 
  65;     2.002;    25.694;    88.510; 
  66;     1.993;    25.671;    88.510; 
  67;     1.986;    25.651;    88.510; 
  68;     1.974;    25.619;    88.510; 
  69;     1.956;    25.577;    88.510; 
  70;     1.948;    25.558;    88.510; 
  71;     1.938;    25.531;    88.510; 
  72;     1.926;    25.503;    88.510; 
  73;     1.919;    25.481;    88.510; 
  74;     1.910;    25.456;    88.510; 
  75;     1.891;    25.411;    88.510; 
  76;     1.881;    25.386;    88.510; 
  77;     1.877;    25.372;    88.510; 
  78;     1.866;    25.342;    88.510; 
  79;     1.850;    25.301;    88.510; 
  80;     1.841;    25.277;    88.510; 
  81;     1.832;    25.251;    88.510; 
  82;     1.828;    25.236;    88.510; 
  83;     1.826;    25.224;    88.510; 
  84;     1.812;    25.176;    88.510; 
  85;     1.790;    25.121;    88.510; 
  86;     1.788;    25.112;    88.510; 
  87;     1.782;    25.091;    88.510; 
  88;     1.776;    25.068;    88.510; 
  89;     1.761;    25.025;    88.510; 
  90;     1.744;    24.982;    88.510; 
  91;     1.728;    24.946;    88.510; 
  92;     1.693;    24.887;    88.510; 
  93;     1.536;    24.778;    88.510; 
  94;     1.420;    24.765;    88.510; 
  95;     1.365;    24.771;    88.510; 
  96;     1.346;    24.772;    88.510; 
  97;     1.330;    24.772;    88.510; 
  98;     1.288;    24.775;    88.510; 
  99;     1.255;    24.777;    88.510; 
 100;     1.219;    24.780;    88.510; 
 101;     1.202;    24.781;    88.510; 
 102;     1.158;    24.785;    88.510; 
 103;     1.131;    24.787;    88.510; 
 104;     1.105;    24.789;    88.510; 
 105;     1.063;    24.793;    88.510; 
 106;      .863;    24.936;    88.510; 
 107;      .825;    25.049;    88.510; 
 108;      .821;    25.064;    88.510; 
 109;      .816;    25.076;    88.510; 
 110;      .801;    25.143;    88.510; 
 111;      .796;    25.186;    88.510; 
 112;      .793;    25.205;    88.510; 
 113;      .788;    25.229;    88.510; 
 114;      .783;    25.248;    88.510; 
 115;      .776;    25.285;    88.510; 
 116;      .769;    25.325;    88.510; 
 117;      .765;    25.343;    88.510; 
 118;      .759;    25.364;    88.510; 
 119;      .753;    25.390;    88.510; 
 120;      .744;    25.425;    88.510; 
 121;      .738;    25.446;    88.510; 
 122;      .728;    25.496;    88.510; 
 123;      .723;    25.516;    88.510; 
 124;      .717;    25.537;    88.510; 
 125;      .709;    25.566;    88.510; 
 126;      .701;    25.598;    88.510; 
 127;      .694;    25.621;    88.510; 
 128;      .687;    25.644;    88.510; 
 129;      .676;    25.686;    88.510; 
 130;      .668;    25.712;    88.510; 
 131;      .660;    25.741;    88.510; 
 132;      .654;    25.758;    88.510; 
 133;      .642;    25.801;    88.510; 
 134;      .634;    25.831;    88.510; 
 135;      .627;    25.851;    88.510; 
 136;      .618;    25.883;    88.510; 
 137;      .609;    25.914;    88.510; 
 138;      .600;    25.943;    88.510; 
 139;      .592;    25.968;    88.510; 
 140;      .584;    25.994;    88.510; 
 141;      .574;    26.024;    88.510; 
 142;      .565;    26.052;    88.510; 
 143;      .556;    26.081;    88.510; 
 144;      .547;    26.104;    88.510; 
 145;      .538;    26.130;    88.510; 
 146;      .529;    26.155;    88.510; 
 147;      .515;    26.195;    88.510; 
 148;      .506;    26.221;    88.510; 
 149;      .496;    26.253;    88.510; 
 150;      .487;    26.281;    88.510; 
 151;      .479;    26.304;    88.510; 
 152;      .470;    26.325;    88.510; 
 153;      .461;    26.347;    88.510; 
 154;      .444;    26.399;    88.510; 
 155;      .436;    26.419;    88.510; 
 156;      .427;    26.443;    88.510; 
 157;      .418;    26.468;    88.510; 
 158;      .407;    26.497;    88.510; 
 159;      .398;    26.517;    88.510; 
 160;      .384;    26.556;    88.510; 
 161;      .373;    26.583;    88.510; 
 162;      .365;    26.603;    88.510; 
 163;      .356;    26.624;    88.510; 
 164;      .338;    26.669;    88.510; 
 165;      .329;    26.693;    88.510; 
 166;      .319;    26.718;    88.510; 
 167;      .311;    26.736;    88.510; 
 168;      .303;    26.750;    88.510; 
 169;      .281;    26.802;    88.510; 
 170;      .269;    26.836;    88.510; 
 171;      .261;    26.854;    88.510; 
 172;      .251;    26.875;    88.510; 
 173;      .234;    26.923;    88.510; 
 174;      .227;    26.937;    88.510; 
 175;      .221;    26.946;    88.510; 
 176;      .210;    26.966;    88.510; 
 177;      .197;    26.987;    88.510; 
 178;      .192;    26.992;    88.510; 
 179;      .184;    27.000;    88.510; 
 180;      .167;    27.019;    88.510; 
 181;      .149;    27.038;    88.510; 
 182;      .138;    27.048;    88.510; 
 183;      .128;    27.054;    88.510; 
 184;      .122;    27.057;    88.510; 
 185;      .118;    27.057;    88.510; 
 186;      .109;    27.059;    88.510; 
 187;      .095;    27.062;    88.510; 
 188;      .058;    27.075;    88.510; 
 189;      .035;    27.081;    88.510; 
 190;      .027;    27.082;    88.510; 
 191;      .022;    27.081;    88.510; 
 192;      .019;    27.080;    88.510; 
 193;     -.013;    27.080;    88.510; 
 194;     -.046;    27.080;    88.510; 
 195;     -.078;    27.080;    88.510; 
 196;     -.111;    27.081;    88.510; 
 197;     -.142;    27.082;    88.510; 
 198;     -.168;    27.082;    88.510; 
 199;     -.197;    27.082;    88.510; 
 200;     -.223;    27.082;    88.510; 
 201;     -.249;    27.081;    88.510; 
 202;     -.288;    27.081;    88.510; 
 203;     -.320;    27.080;    88.510; 
 204;     -.350;    27.080;    88.510; 
 205;     -.386;    27.081;    88.510; 
 206;     -.413;    27.081;    88.510; 
 207;     -.439;    27.081;    88.510; 
 208;     -.467;    27.080;    88.510; 
 209;     -.497;    27.080;    88.510; 
 210;     -.509;    27.078;    88.510; 
 211;     -.520;    27.075;    88.510; 
 212;     -.527;    27.072;    88.510; 
 213;     -.539;    27.067;    88.510; 
 214;     -.569;    27.057;    88.510; 
 215;     -.603;    27.046;    88.510; 
 216;     -.609;    27.042;    88.510; 
 217;     -.611;    27.039;    88.510; 
 218;     -.615;    27.035;    88.510; 
 219;     -.630;    27.023;    88.510; 
 220;     -.639;    27.014;    88.510; 
 221;     -.641;    27.010;    88.510; 
 222;     -.643;    27.006;    88.510; 
 223;     -.655;    26.988;    88.510; 
 224;     -.667;    26.968;    88.510; 
 225;     -.677;    26.951;    88.510; 
 226;     -.682;    26.940;    88.510; 
 227;     -.698;    26.907;    88.510; 
 228;     -.710;    26.882;    88.510; 
 229;     -.712;    26.874;    88.510; 
 230;     -.724;    26.843;    88.510; 
 231;     -.745;    26.799;    88.510; 
 232;     -.754;    26.778;    88.510; 
 233;     -.766;    26.752;    88.510; 
 234;     -.774;    26.731;    88.510; 
 235;     -.783;    26.707;    88.510; 
 236;     -.792;    26.681;    88.510; 
 237;     -.800;    26.656;    88.510; 
 238;     -.818;    26.612;    88.510; 
 239;     -.831;    26.581;    88.510; 
 240;     -.839;    26.560;    88.510; 
 241;     -.850;    26.533;    88.510; 
 242;     -.860;    26.506;    88.510; 
 243;     -.870;    26.479;    88.510; 
 244;     -.879;    26.452;    88.510; 
 245;     -.892;    26.419;    88.510; 
 246;     -.901;    26.393;    88.510; 
 247;     -.911;    26.365;    88.510; 
 248;     -.918;    26.343;    88.510; 
 249;     -.931;    26.308;    88.510; 
 250;     -.942;    26.278;    88.510; 
 251;     -.950;    26.254;    88.510; 
 252;     -.955;    26.237;    88.510; 
 253;     -.965;    26.204;    88.510; 
 254;     -.980;    26.161;    88.510; 
 255;     -.988;    26.138;    88.510; 
 256;     -.999;    26.108;    88.510; 
 257;    -1.008;    26.082;    88.510; 
 258;    -1.018;    26.053;    88.510; 
 259;    -1.025;    26.028;    88.510; 
 260;    -1.033;    26.004;    88.510; 
 261;    -1.044;    25.969;    88.510; 
 262;    -1.053;    25.941;    88.510; 
 263;    -1.062;    25.911;    88.510; 
 264;    -1.070;    25.887;    88.510; 
 265;    -1.076;    25.863;    88.510; 
 266;    -1.086;    25.829;    88.510; 
 267;    -1.095;    25.798;    88.510; 
 268;    -1.103;    25.772;    88.510; 
 269;    -1.112;    25.740;    88.510; 
 270;    -1.119;    25.715;    88.510; 
 271;    -1.126;    25.688;    88.510; 
 272;    -1.134;    25.658;    88.510; 
 273;    -1.141;    25.631;    88.510; 
 274;    -1.150;    25.599;    88.510; 
 275;    -1.157;    25.570;    88.510; 
 276;    -1.163;    25.544;    88.510; 
 277;    -1.171;    25.514;    88.510; 
 278;    -1.177;    25.488;    88.510; 
 279;    -1.181;    25.466;    88.510; 
 280;    -1.191;    25.426;    88.510; 
 281;    -1.197;    25.399;    88.510; 
 282;    -1.204;    25.370;    88.510; 
 283;    -1.207;    25.349;    88.510; 
 284;    -1.211;    25.324;    88.510; 
 285;    -1.217;    25.293;    88.510; 
 286;    -1.219;    25.274;    88.510; 
 287;    -1.232;    25.214;    88.510; 
 288;    -1.246;    25.170;    88.510; 
 289;    -1.247;    25.160;    88.510; 
 290;    -1.250;    25.142;    88.510; 
 291;    -1.253;    25.120;    88.510; 
 292;    -1.255;    25.100;    88.510; 
 293;    -1.266;    25.044;    88.510; 
 294;    -1.275;    25.007;    88.510; 
 295;    -1.294;    24.951;    88.510; 
 296;    -1.317;    24.902;    88.510; 
 297;    -1.497;    24.765;    88.510; 
 298;    -1.584;    24.753;    88.510; 
 299;    -1.618;    24.751;    88.510; 
 300;    -1.631;    24.749;    88.510; 
 301;    -1.678;    24.746;    88.510; 
 302;    -1.710;    24.745;    88.510; 
 303;    -1.723;    24.743;    88.510; 
 304;    -1.788;    24.742;    88.510; 
 305;    -1.802;    24.741;    88.510; 
 306;    -1.812;    24.739;    88.510; 
 307;    -1.846;    24.735;    88.510; 
 308;    -1.910;    24.734;    88.510; 
 309;    -1.964;    24.740;    88.510; 
 310;    -2.157;    24.872;    88.510; 
 311;    -2.195;    24.954;    88.510; 
 312;    -2.205;    24.979;    88.510; 
 313;    -2.218;    25.016;    88.510; 
 314;    -2.228;    25.044;    88.510; 
 315;    -2.240;    25.084;    88.510; 
 316;    -2.247;    25.105;    88.510; 
 317;    -2.256;    25.130;    88.510; 
 318;    -2.270;    25.173;    88.510; 
 319;    -2.275;    25.187;    88.510; 
 320;    -2.289;    25.234;    88.510; 
 321;    -2.297;    25.257;    88.510; 
 322;    -2.304;    25.278;    88.510; 
 323;    -2.314;    25.304;    88.510; 
 324;    -2.322;    25.324;    88.510; 
 325;    -2.334;    25.356;    88.510; 
 326;    -2.341;    25.370;    88.510; 
 327;    -2.351;    25.390;    88.510; 
 328;    -2.371;    25.441;    88.510; 
 329;    -2.383;    25.475;    88.510; 
 330;    -2.393;    25.505;    88.510; 
 331;    -2.400;    25.522;    88.510; 
 332;    -2.405;    25.530;    88.510; 
 333;    -2.422;    25.570;    88.510; 
 334;    -2.436;    25.609;    88.510; 
 335;    -2.447;    25.638;    88.510; 
 336;    -2.452;    25.649;    88.510; 
 337;    -2.467;    25.683;    88.510; 
 338;    -2.476;    25.702;    88.510; 
 339;    -2.493;    25.745;    88.510; 
 340;    -2.504;    25.772;    88.510; 
 341;    -2.511;    25.787;    88.510; 
 342;    -2.524;    25.816;    88.510; 
 343;    -2.537;    25.843;    88.510; 
 344;    -2.550;    25.872;    88.510; 
 345;    -2.559;    25.890;    88.510; 
 346;    -2.574;    25.921;    88.510; 
 347;    -2.590;    25.955;    88.510; 
 348;    -2.604;    25.987;    88.510; 
 349;    -2.614;    26.008;    88.510; 
 350;    -2.626;    26.033;    88.510; 
 351;    -2.637;    26.055;    88.510; 
 352;    -2.649;    26.076;    88.510; 
 353;    -2.669;    26.120;    88.510; 
 354;    -2.680;    26.140;    88.510; 
 355;    -2.691;    26.162;    88.510; 
 356;    -2.709;    26.201;    88.510; 
 357;    -2.720;    26.223;    88.510; 
 358;    -2.732;    26.245;    88.510; 
 359;    -2.745;    26.269;    88.510; 
 360;    -2.763;    26.306;    88.510; 
 361;    -2.775;    26.329;    88.510; 
 362;    -2.784;    26.346;    88.510; 
 363;    -2.801;    26.377;    88.510; 
 364;    -2.817;    26.407;    88.510; 
 365;    -2.830;    26.432;    88.510; 
 366;    -2.845;    26.459;    88.510; 
 367;    -2.858;    26.485;    88.510; 
 368;    -2.872;    26.509;    88.510; 
 369;    -2.884;    26.529;    88.510; 
 370;    -2.903;    26.565;    88.510; 
 371;    -2.916;    26.587;    88.510; 
 372;    -2.929;    26.611;    88.510; 
 373;    -2.946;    26.642;    88.510; 
 374;    -2.962;    26.671;    88.510; 
 375;    -2.976;    26.696;    88.510; 
 376;    -2.989;    26.719;    88.510; 
 377;    -3.006;    26.750;    88.510; 
 378;    -3.019;    26.773;    88.510; 
 379;    -3.027;    26.784;    88.510; 
 380;    -3.035;    26.794;    88.510; 
 381;    -3.052;    26.817;    88.510; 
 382;    -3.067;    26.834;    88.510; 
 383;    -3.074;    26.839;    88.510; 
 384;    -3.082;    26.845;    88.510; 
 385;    -3.088;    26.848;    88.510; 
 386;    -3.104;    26.858;    88.510; 
 387;    -3.125;    26.870;    88.510; 
 388;    -3.134;    26.874;    88.510; 
 389;    -3.145;    26.877;    88.510; 
 390;    -3.154;    26.879;    88.510; 
 391;    -3.169;    26.882;    88.510; 
 392;    -3.181;    26.883;    88.510; 
 393;    -3.198;    26.884;    88.510; 
 394;    -3.209;    26.883;    88.510; 
 395;    -3.221;    26.882;    88.510; 
 396;    -3.256;    26.881;    88.510; 
 397;    -3.280;    26.879;    88.510; 
 398;    -3.300;    26.877;    88.510; 
 399;    -3.327;    26.873;    88.510; 
 400;    -3.355;    26.870;    88.510; 
 401;    -3.373;    26.866;    88.510; 
 402;    -3.426;    26.860;    88.510; 
 403;    -3.449;    26.857;    88.510; 
 404;    -3.470;    26.854;    88.510; 
 405;    -3.512;    26.849;    88.510; 
