[A]
   1;     3.637;    26.888;    85.951; 
   2;     3.626;    26.890;    85.951; 
   3;     3.617;    26.891;    85.951; 
   4;     3.607;    26.892;    85.951; 
   5;     3.598;    26.894;    85.951; 
   6;     3.589;    26.895;    85.951; 
   7;     3.579;    26.896;    85.951; 
   8;     3.570;    26.897;    85.951; 
   9;     3.559;    26.899;    85.951; 
  10;     3.550;    26.900;    85.951; 
  11;     3.540;    26.901;    85.951; 
  12;     3.529;    26.902;    85.951; 
  13;     3.515;    26.904;    85.951; 
  14;     3.507;    26.905;    85.951; 
  15;     3.495;    26.907;    85.951; 
  16;     3.483;    26.908;    85.951; 
  17;     3.474;    26.910;    85.951; 
  18;     3.466;    26.911;    85.951; 
  19;     3.456;    26.912;    85.951; 
  20;     3.442;    26.913;    85.951; 
  21;     3.431;    26.915;    85.951; 
  22;     3.421;    26.916;    85.951; 
  23;     3.410;    26.918;    85.951; 
  24;     3.400;    26.919;    85.951; 
  25;     3.391;    26.920;    85.951; 
  26;     3.386;    26.921;    85.951; 
  27;     3.381;    26.921;    85.951; 
  28;     3.374;    26.921;    85.951; 
  29;     3.363;    26.922;    85.951; 
  30;     3.345;    26.924;    85.951; 
  31;     3.336;    26.925;    85.951; 
  32;     3.328;    26.926;    85.951; 
  33;     3.314;    26.927;    85.951; 
  34;     3.299;    26.929;    85.951; 
  35;     3.280;    26.932;    85.951; 
  36;     3.271;    26.934;    85.951; 
  37;     3.266;    26.934;    85.951; 
  38;     3.261;    26.935;    85.951; 
  39;     3.258;    26.935;    85.951; 
  40;     3.258;    26.934;    85.951; 
  41;     3.254;    26.934;    85.951; 
  42;     3.252;    26.934;    85.951; 
  43;     3.252;    26.934;    85.951; 
  44;     3.251;    26.933;    85.951; 
  45;     3.249;    26.933;    85.951; 
  46;     3.229;    26.931;    85.951; 
  47;     3.209;    26.929;    85.951; 
  48;     3.190;    26.928;    85.951; 
  49;     3.181;    26.928;    85.951; 
  50;     3.178;    26.927;    85.951; 
  51;     3.175;    26.927;    85.951; 
  52;     3.172;    26.926;    85.951; 
  53;     3.170;    26.925;    85.951; 
  54;     3.167;    26.924;    85.951; 
  55;     3.164;    26.923;    85.951; 
  56;     3.160;    26.922;    85.951; 
  57;     3.158;    26.921;    85.951; 
  58;     3.155;    26.920;    85.951; 
  59;     3.150;    26.917;    85.951; 
  60;     3.144;    26.915;    85.951; 
  61;     3.132;    26.910;    85.951; 
  62;     3.128;    26.907;    85.951; 
  63;     3.126;    26.906;    85.951; 
  64;     3.118;    26.902;    85.951; 
  65;     3.116;    26.901;    85.951; 
  66;     3.112;    26.898;    85.951; 
  67;     3.110;    26.897;    85.951; 
  68;     3.107;    26.894;    85.951; 
  69;     3.106;    26.893;    85.951; 
  70;     3.105;    26.892;    85.951; 
  71;     3.102;    26.889;    85.951; 
  72;     3.100;    26.887;    85.951; 
  73;     3.088;    26.875;    85.951; 
  74;     3.085;    26.872;    85.951; 
  75;     3.079;    26.867;    85.951; 
  76;     3.079;    26.866;    85.951; 
  77;     3.076;    26.862;    85.951; 
  78;     3.071;    26.856;    85.951; 
  79;     3.068;    26.852;    85.951; 
  80;     3.061;    26.843;    85.951; 
  81;     3.057;    26.837;    85.951; 
  82;     3.052;    26.830;    85.951; 
  83;     3.044;    26.820;    85.951; 
  84;     3.041;    26.815;    85.951; 
  85;     3.039;    26.811;    85.951; 
  86;     3.033;    26.802;    85.951; 
  87;     3.031;    26.798;    85.951; 
  88;     3.023;    26.784;    85.951; 
  89;     3.020;    26.779;    85.951; 
  90;     3.016;    26.772;    85.951; 
  91;     3.009;    26.761;    85.951; 
  92;     3.004;    26.752;    85.951; 
  93;     3.000;    26.744;    85.951; 
  94;     2.996;    26.738;    85.951; 
  95;     2.988;    26.723;    85.951; 
  96;     2.984;    26.716;    85.951; 
  97;     2.978;    26.706;    85.951; 
  98;     2.972;    26.696;    85.951; 
  99;     2.965;    26.685;    85.951; 
 100;     2.958;    26.673;    85.951; 
 101;     2.954;    26.665;    85.951; 
 102;     2.950;    26.660;    85.951; 
 103;     2.946;    26.652;    85.951; 
 104;     2.943;    26.646;    85.951; 
 105;     2.937;    26.636;    85.951; 
 106;     2.932;    26.627;    85.951; 
 107;     2.928;    26.619;    85.951; 
 108;     2.923;    26.610;    85.951; 
 109;     2.916;    26.597;    85.951; 
 110;     2.911;    26.590;    85.951; 
 111;     2.906;    26.580;    85.951; 
 112;     2.900;    26.569;    85.951; 
 113;     2.895;    26.561;    85.951; 
 114;     2.889;    26.549;    85.951; 
 115;     2.885;    26.542;    85.951; 
 116;     2.880;    26.533;    85.951; 
 117;     2.876;    26.526;    85.951; 
 118;     2.867;    26.509;    85.951; 
 119;     2.866;    26.507;    85.951; 
 120;     2.861;    26.498;    85.951; 
 121;     2.855;    26.487;    85.951; 
 122;     2.849;    26.477;    85.951; 
 123;     2.844;    26.468;    85.951; 
 124;     2.841;    26.462;    85.951; 
 125;     2.835;    26.451;    85.951; 
 126;     2.830;    26.442;    85.951; 
 127;     2.825;    26.433;    85.951; 
 128;     2.819;    26.421;    85.951; 
 129;     2.813;    26.411;    85.951; 
 130;     2.810;    26.404;    85.951; 
 131;     2.804;    26.392;    85.951; 
 132;     2.800;    26.386;    85.951; 
 133;     2.794;    26.374;    85.951; 
 134;     2.789;    26.366;    85.951; 
 135;     2.783;    26.354;    85.951; 
 136;     2.780;    26.348;    85.951; 
 137;     2.773;    26.335;    85.951; 
 138;     2.769;    26.328;    85.951; 
 139;     2.765;    26.320;    85.951; 
 140;     2.760;    26.311;    85.951; 
 141;     2.756;    26.303;    85.951; 
 142;     2.752;    26.295;    85.951; 
 143;     2.746;    26.283;    85.951; 
 144;     2.742;    26.275;    85.951; 
 145;     2.736;    26.263;    85.951; 
 146;     2.732;    26.256;    85.951; 
 147;     2.727;    26.246;    85.951; 
 148;     2.721;    26.235;    85.951; 
 149;     2.717;    26.227;    85.951; 
 150;     2.711;    26.216;    85.951; 
 151;     2.707;    26.207;    85.951; 
 152;     2.702;    26.198;    85.951; 
 153;     2.698;    26.190;    85.951; 
 154;     2.694;    26.181;    85.951; 
 155;     2.688;    26.171;    85.951; 
 156;     2.684;    26.163;    85.951; 
 157;     2.682;    26.157;    85.951; 
 158;     2.677;    26.148;    85.951; 
 159;     2.673;    26.138;    85.951; 
 160;     2.666;    26.125;    85.951; 
 161;     2.660;    26.113;    85.951; 
 162;     2.658;    26.107;    85.951; 
 163;     2.652;    26.097;    85.951; 
 164;     2.648;    26.087;    85.951; 
 165;     2.643;    26.077;    85.951; 
 166;     2.637;    26.066;    85.951; 
 167;     2.631;    26.054;    85.951; 
 168;     2.628;    26.047;    85.951; 
 169;     2.625;    26.042;    85.951; 
 170;     2.620;    26.032;    85.951; 
 171;     2.617;    26.024;    85.951; 
 172;     2.611;    26.013;    85.951; 
 173;     2.607;    26.004;    85.951; 
 174;     2.603;    25.995;    85.951; 
 175;     2.597;    25.984;    85.951; 
 176;     2.594;    25.977;    85.951; 
 177;     2.590;    25.968;    85.951; 
 178;     2.586;    25.960;    85.951; 
 179;     2.581;    25.949;    85.951; 
 180;     2.578;    25.943;    85.951; 
 181;     2.572;    25.930;    85.951; 
 182;     2.568;    25.921;    85.951; 
 183;     2.564;    25.912;    85.951; 
 184;     2.558;    25.900;    85.951; 
 185;     2.554;    25.891;    85.951; 
 186;     2.550;    25.883;    85.951; 
 187;     2.544;    25.870;    85.951; 
 188;     2.543;    25.866;    85.951; 
 189;     2.537;    25.854;    85.951; 
 190;     2.532;    25.843;    85.951; 
 191;     2.529;    25.837;    85.951; 
 192;     2.525;    25.828;    85.951; 
 193;     2.522;    25.820;    85.951; 
 194;     2.516;    25.808;    85.951; 
 195;     2.512;    25.798;    85.951; 
 196;     2.509;    25.792;    85.951; 
 197;     2.503;    25.777;    85.951; 
 198;     2.497;    25.765;    85.951; 
 199;     2.497;    25.765;    85.951; 
 200;     2.491;    25.752;    85.951; 
 201;     2.487;    25.741;    85.951; 
 202;     2.483;    25.733;    85.951; 
 203;     2.479;    25.722;    85.951; 
 204;     2.474;    25.713;    85.951; 
 205;     2.472;    25.707;    85.951; 
 206;     2.466;    25.693;    85.951; 
 207;     2.464;    25.688;    85.951; 
 208;     2.459;    25.676;    85.951; 
 209;     2.455;    25.667;    85.951; 
 210;     2.451;    25.658;    85.951; 
 211;     2.448;    25.649;    85.951; 
 212;     2.445;    25.641;    85.951; 
 213;     2.440;    25.629;    85.951; 
 214;     2.436;    25.619;    85.951; 
 215;     2.430;    25.606;    85.951; 
 216;     2.427;    25.599;    85.951; 
 217;     2.422;    25.586;    85.951; 
 218;     2.419;    25.579;    85.951; 
 219;     2.415;    25.569;    85.951; 
 220;     2.413;    25.563;    85.951; 
 221;     2.408;    25.550;    85.951; 
 222;     2.405;    25.542;    85.951; 
 223;     2.400;    25.531;    85.951; 
 224;     2.396;    25.520;    85.951; 
 225;     2.393;    25.512;    85.951; 
 226;     2.390;    25.504;    85.951; 
 227;     2.386;    25.494;    85.951; 
 228;     2.382;    25.484;    85.951; 
 229;     2.377;    25.472;    85.951; 
 230;     2.375;    25.466;    85.951; 
 231;     2.372;    25.458;    85.951; 
 232;     2.368;    25.447;    85.951; 
 233;     2.367;    25.443;    85.951; 
 234;     2.361;    25.428;    85.951; 
 235;     2.357;    25.415;    85.951; 
 236;     2.352;    25.404;    85.951; 
 237;     2.348;    25.395;    85.951; 
 238;     2.346;    25.389;    85.951; 
 239;     2.344;    25.382;    85.951; 
 240;     2.341;    25.373;    85.951; 
 241;     2.336;    25.360;    85.951; 
 242;     2.335;    25.356;    85.951; 
 243;     2.330;    25.342;    85.951; 
 244;     2.324;    25.328;    85.951; 
 245;     2.319;    25.313;    85.951; 
 246;     2.316;    25.307;    85.951; 
 247;     2.315;    25.302;    85.951; 
 248;     2.310;    25.288;    85.951; 
 249;     2.306;    25.279;    85.951; 
 250;     2.305;    25.276;    85.951; 
 251;     2.303;    25.270;    85.951; 
 252;     2.302;    25.265;    85.951; 
 253;     2.297;    25.251;    85.951; 
 254;     2.292;    25.235;    85.951; 
 255;     2.286;    25.221;    85.951; 
 256;     2.282;    25.210;    85.951; 
 257;     2.279;    25.201;    85.951; 
 258;     2.275;    25.192;    85.951; 
 259;     2.274;    25.188;    85.951; 
 260;     2.269;    25.173;    85.951; 
 261;     2.267;    25.167;    85.951; 
 262;     2.264;    25.160;    85.951; 
 263;     2.262;    25.152;    85.951; 
 264;     2.259;    25.142;    85.951; 
 265;     2.256;    25.133;    85.951; 
 266;     2.254;    25.126;    85.951; 
 267;     2.251;    25.116;    85.951; 
 268;     2.248;    25.108;    85.951; 
 269;     2.245;    25.097;    85.951; 
 270;     2.242;    25.087;    85.951; 
 271;     2.238;    25.075;    85.951; 
 272;     2.236;    25.067;    85.951; 
 273;     2.233;    25.058;    85.951; 
 274;     2.231;    25.051;    85.951; 
 275;     2.228;    25.039;    85.951; 
 276;     2.224;    25.027;    85.951; 
 277;     2.217;    25.005;    85.951; 
 278;     2.208;    24.983;    85.951; 
 279;     2.197;    24.960;    85.951; 
 280;     2.189;    24.945;    85.951; 
 281;     2.183;    24.935;    85.951; 
 282;     2.179;    24.926;    85.951; 
 283;     2.174;    24.918;    85.951; 
 284;     2.160;    24.894;    85.951; 
 285;     2.100;    24.828;    85.951; 
 286;     1.968;    24.773;    85.951; 
 287;     1.933;    24.770;    85.951; 
 288;     1.915;    24.769;    85.951; 
 289;     1.906;    24.769;    85.951; 
 290;     1.896;    24.769;    85.951; 
 291;     1.878;    24.769;    85.951; 
 292;     1.865;    24.769;    85.951; 
 293;     1.857;    24.769;    85.951; 
 294;     1.849;    24.769;    85.951; 
 295;     1.833;    24.770;    85.951; 
 296;     1.814;    24.771;    85.951; 
 297;     1.788;    24.773;    85.951; 
 298;     1.770;    24.776;    85.951; 
 299;     1.765;    24.776;    85.951; 
 300;     1.758;    24.777;    85.951; 
 301;     1.752;    24.778;    85.951; 
 302;     1.745;    24.778;    85.951; 
 303;     1.738;    24.779;    85.951; 
 304;     1.728;    24.780;    85.951; 
 305;     1.718;    24.780;    85.951; 
 306;     1.709;    24.781;    85.951; 
 307;     1.700;    24.781;    85.951; 
 308;     1.689;    24.782;    85.951; 
 309;     1.677;    24.783;    85.951; 
 310;     1.666;    24.784;    85.951; 
 311;     1.652;    24.785;    85.951; 
 312;     1.644;    24.785;    85.951; 
 313;     1.632;    24.786;    85.951; 
 314;     1.624;    24.787;    85.951; 
 315;     1.616;    24.787;    85.951; 
 316;     1.605;    24.788;    85.951; 
 317;     1.592;    24.789;    85.951; 
 318;     1.581;    24.789;    85.951; 
 319;     1.571;    24.790;    85.951; 
 320;     1.556;    24.792;    85.951; 
 321;     1.526;    24.796;    85.951; 
 322;     1.473;    24.811;    85.951; 
 323;     1.381;    24.871;    85.951; 
 324;     1.339;    24.922;    85.951; 
 325;     1.329;    24.938;    85.951; 
 326;     1.314;    24.966;    85.951; 
 327;     1.295;    25.017;    85.951; 
 328;     1.288;    25.050;    85.951; 
 329;     1.283;    25.084;    85.951; 
 330;     1.282;    25.097;    85.951; 
 331;     1.281;    25.101;    85.951; 
 332;     1.281;    25.103;    85.951; 
 333;     1.280;    25.113;    85.951; 
 334;     1.279;    25.114;    85.951; 
 335;     1.277;    25.125;    85.951; 
 336;     1.276;    25.128;    85.951; 
 337;     1.275;    25.131;    85.951; 
 338;     1.274;    25.134;    85.951; 
 339;     1.271;    25.147;    85.951; 
 340;     1.268;    25.158;    85.951; 
 341;     1.265;    25.170;    85.951; 
 342;     1.259;    25.203;    85.951; 
 343;     1.257;    25.216;    85.951; 
 344;     1.255;    25.230;    85.951; 
 345;     1.255;    25.234;    85.951; 
 346;     1.253;    25.243;    85.951; 
 347;     1.252;    25.248;    85.951; 
 348;     1.251;    25.252;    85.951; 
 349;     1.248;    25.268;    85.951; 
 350;     1.247;    25.278;    85.951; 
 351;     1.245;    25.289;    85.951; 
 352;     1.243;    25.299;    85.951; 
 353;     1.242;    25.305;    85.951; 
 354;     1.239;    25.319;    85.951; 
 355;     1.238;    25.325;    85.951; 
 356;     1.237;    25.330;    85.951; 
 357;     1.234;    25.341;    85.951; 
 358;     1.232;    25.351;    85.951; 
 359;     1.229;    25.369;    85.951; 
 360;     1.227;    25.380;    85.951; 
 361;     1.225;    25.390;    85.951; 
 362;     1.223;    25.398;    85.951; 
 363;     1.221;    25.411;    85.951; 
 364;     1.219;    25.418;    85.951; 
 365;     1.218;    25.425;    85.951; 
 366;     1.216;    25.434;    85.951; 
 367;     1.214;    25.441;    85.951; 
 368;     1.212;    25.449;    85.951; 
 369;     1.210;    25.460;    85.951; 
 370;     1.207;    25.469;    85.951; 
 371;     1.205;    25.478;    85.951; 
 372;     1.202;    25.492;    85.951; 
 373;     1.199;    25.507;    85.951; 
 374;     1.197;    25.513;    85.951; 
 375;     1.194;    25.525;    85.951; 
 376;     1.193;    25.532;    85.951; 
 377;     1.190;    25.544;    85.951; 
 378;     1.189;    25.550;    85.951; 
 379;     1.186;    25.560;    85.951; 
 380;     1.183;    25.570;    85.951; 
 381;     1.181;    25.579;    85.951; 
 382;     1.179;    25.589;    85.951; 
 383;     1.176;    25.598;    85.951; 
 384;     1.173;    25.609;    85.951; 
 385;     1.170;    25.622;    85.951; 
 386;     1.168;    25.632;    85.951; 
 387;     1.165;    25.643;    85.951; 
 388;     1.163;    25.652;    85.951; 
 389;     1.161;    25.659;    85.951; 
 390;     1.158;    25.672;    85.951; 
 391;     1.155;    25.681;    85.951; 
 392;     1.153;    25.688;    85.951; 
 393;     1.150;    25.699;    85.951; 
 394;     1.147;    25.711;    85.951; 
 395;     1.144;    25.721;    85.951; 
 396;     1.142;    25.730;    85.951; 
 397;     1.139;    25.741;    85.951; 
 398;     1.137;    25.750;    85.951; 
 399;     1.134;    25.758;    85.951; 
 400;     1.131;    25.770;    85.951; 
 401;     1.129;    25.775;    85.951; 
 402;     1.126;    25.789;    85.951; 
 403;     1.122;    25.803;    85.951; 
 404;     1.118;    25.819;    85.951; 
 405;     1.116;    25.825;    85.951; 
 406;     1.115;    25.831;    85.951; 
 407;     1.112;    25.840;    85.951; 
 408;     1.109;    25.850;    85.951; 
 409;     1.107;    25.857;    85.951; 
 410;     1.104;    25.867;    85.951; 
 411;     1.101;    25.878;    85.951; 
 412;     1.099;    25.885;    85.951; 
 413;     1.096;    25.894;    85.951; 
 414;     1.094;    25.902;    85.951; 
 415;     1.091;    25.912;    85.951; 
 416;     1.087;    25.924;    85.951; 
 417;     1.084;    25.932;    85.951; 
 418;     1.080;    25.946;    85.951; 
 419;     1.076;    25.960;    85.951; 
 420;     1.075;    25.965;    85.951; 
 421;     1.071;    25.976;    85.951; 
 422;     1.069;    25.983;    85.951; 
 423;     1.068;    25.984;    85.951; 
 424;     1.064;    25.998;    85.951; 
 425;     1.061;    26.007;    85.951; 
 426;     1.056;    26.020;    85.951; 
 427;     1.052;    26.035;    85.951; 
 428;     1.048;    26.047;    85.951; 
 429;     1.047;    26.051;    85.951; 
 430;     1.043;    26.065;    85.951; 
 431;     1.039;    26.079;    85.951; 
 432;     1.037;    26.085;    85.951; 
 433;     1.036;    26.088;    85.951; 
 434;     1.032;    26.098;    85.951; 
 435;     1.030;    26.105;    85.951; 
 436;     1.026;    26.115;    85.951; 
 437;     1.020;    26.137;    85.951; 
 438;     1.018;    26.142;    85.951; 
 439;     1.013;    26.159;    85.951; 
 440;     1.011;    26.164;    85.951; 
 441;     1.008;    26.176;    85.951; 
 442;     1.007;    26.180;    85.951; 
 443;     1.004;    26.187;    85.951; 
 444;     1.000;    26.199;    85.951; 
 445;      .997;    26.207;    85.951; 
 446;      .994;    26.218;    85.951; 
 447;      .991;    26.225;    85.951; 
 448;      .986;    26.241;    85.951; 
 449;      .983;    26.248;    85.951; 
 450;      .980;    26.258;    85.951; 
 451;      .977;    26.267;    85.951; 
 452;      .974;    26.275;    85.951; 
 453;      .970;    26.287;    85.951; 
 454;      .966;    26.296;    85.951; 
 455;      .963;    26.306;    85.951; 
 456;      .959;    26.316;    85.951; 
 457;      .956;    26.326;    85.951; 
 458;      .950;    26.343;    85.951; 
 459;      .947;    26.351;    85.951; 
 460;      .945;    26.358;    85.951; 
 461;      .941;    26.370;    85.951; 
 462;      .938;    26.378;    85.951; 
 463;      .935;    26.385;    85.951; 
 464;      .931;    26.397;    85.951; 
 465;      .928;    26.405;    85.951; 
 466;      .923;    26.419;    85.951; 
 467;      .922;    26.421;    85.951; 
 468;      .918;    26.431;    85.951; 
 469;      .911;    26.449;    85.951; 
 470;      .908;    26.458;    85.951; 
 471;      .903;    26.472;    85.951; 
 472;      .902;    26.476;    85.951; 
 473;      .897;    26.489;    85.951; 
 474;      .894;    26.498;    85.951; 
 475;      .891;    26.505;    85.951; 
 476;      .888;    26.512;    85.951; 
 477;      .883;    26.528;    85.951; 
 478;      .878;    26.541;    85.951; 
 479;      .875;    26.548;    85.951; 
 480;      .873;    26.555;    85.951; 
 481;      .870;    26.562;    85.951; 
 482;      .868;    26.567;    85.951; 
 483;      .866;    26.572;    85.951; 
 484;      .860;    26.586;    85.951; 
 485;      .853;    26.604;    85.951; 
 486;      .847;    26.619;    85.951; 
 487;      .842;    26.635;    85.951; 
 488;      .841;    26.639;    85.951; 
 489;      .837;    26.650;    85.951; 
 490;      .834;    26.657;    85.951; 
 491;      .833;    26.660;    85.951; 
 492;      .829;    26.671;    85.951; 
 493;      .826;    26.678;    85.951; 
 494;      .823;    26.685;    85.951; 
 495;      .818;    26.699;    85.951; 
 496;      .814;    26.707;    85.951; 
 497;      .810;    26.718;    85.951; 
 498;      .807;    26.725;    85.951; 
 499;      .803;    26.735;    85.951; 
 500;      .799;    26.745;    85.951; 
 501;      .795;    26.754;    85.951; 
 502;      .790;    26.768;    85.951; 
 503;      .786;    26.776;    85.951; 
 504;      .782;    26.787;    85.951; 
 505;      .779;    26.794;    85.951; 
 506;      .774;    26.806;    85.951; 
 507;      .771;    26.814;    85.951; 
 508;      .766;    26.826;    85.951; 
 509;      .762;    26.835;    85.951; 
 510;      .760;    26.841;    85.951; 
 511;      .757;    26.847;    85.951; 
 512;      .754;    26.853;    85.951; 
 513;      .751;    26.859;    85.951; 
 514;      .743;    26.878;    85.951; 
 515;      .738;    26.890;    85.951; 
 516;      .731;    26.908;    85.951; 
 517;      .727;    26.918;    85.951; 
 518;      .724;    26.926;    85.951; 
 519;      .722;    26.929;    85.951; 
 520;      .721;    26.932;    85.951; 
 521;      .718;    26.939;    85.951; 
 522;      .714;    26.946;    85.951; 
 523;      .708;    26.959;    85.951; 
 524;      .703;    26.969;    85.951; 
 525;      .698;    26.980;    85.951; 
 526;      .693;    26.990;    85.951; 
 527;      .691;    26.995;    85.951; 
 528;      .690;    26.997;    85.951; 
 529;      .688;    27.000;    85.951; 
 530;      .684;    27.006;    85.951; 
 531;      .681;    27.011;    85.951; 
 532;      .679;    27.014;    85.951; 
 533;      .677;    27.017;    85.951; 
 534;      .669;    27.028;    85.951; 
 535;      .664;    27.034;    85.951; 
 536;      .662;    27.036;    85.951; 
 537;      .652;    27.050;    85.951; 
 538;      .650;    27.052;    85.951; 
 539;      .646;    27.057;    85.951; 
 540;      .642;    27.062;    85.951; 
 541;      .640;    27.064;    85.951; 
 542;      .634;    27.071;    85.951; 
 543;      .634;    27.070;    85.951; 
 544;      .629;    27.074;    85.951; 
 545;      .628;    27.075;    85.951; 
 546;      .624;    27.078;    85.951; 
 547;      .619;    27.082;    85.951; 
 548;      .613;    27.086;    85.951; 
 549;      .603;    27.093;    85.951; 
 550;      .600;    27.096;    85.951; 
 551;      .598;    27.097;    85.951; 
 552;      .593;    27.099;    85.951; 
 553;      .588;    27.101;    85.951; 
 554;      .589;    27.100;    85.951; 
 555;      .587;    27.101;    85.951; 
 556;      .578;    27.104;    85.951; 
 557;      .575;    27.105;    85.951; 
 558;      .570;    27.107;    85.951; 
 559;      .565;    27.108;    85.951; 
 560;      .558;    27.110;    85.951; 
 561;      .553;    27.110;    85.951; 
 562;      .550;    27.111;    85.951; 
 563;      .547;    27.111;    85.951; 
 564;      .529;    27.114;    85.951; 
 565;      .519;    27.115;    85.951; 
 566;      .512;    27.117;    85.951; 
 567;      .507;    27.117;    85.951; 
 568;      .503;    27.117;    85.951; 
 569;      .497;    27.118;    85.951; 
 570;      .492;    27.118;    85.951; 
 571;      .486;    27.118;    85.951; 
 572;      .481;    27.118;    85.951; 
 573;      .472;    27.118;    85.951; 
 574;      .467;    27.118;    85.951; 
 575;      .457;    27.118;    85.951; 
 576;      .444;    27.118;    85.951; 
 577;      .431;    27.118;    85.951; 
 578;      .414;    27.119;    85.951; 
 579;      .407;    27.119;    85.951; 
 580;      .396;    27.119;    85.951; 
 581;      .387;    27.119;    85.951; 
 582;      .379;    27.119;    85.951; 
 583;      .369;    27.119;    85.951; 
 584;      .360;    27.119;    85.951; 
 585;      .350;    27.119;    85.951; 
 586;      .335;    27.119;    85.951; 
 587;      .319;    27.119;    85.951; 
 588;      .309;    27.120;    85.951; 
 589;      .299;    27.120;    85.951; 
 590;      .293;    27.120;    85.951; 
 591;      .285;    27.120;    85.951; 
 592;      .277;    27.120;    85.951; 
 593;      .264;    27.120;    85.951; 
 594;      .253;    27.120;    85.951; 
 595;      .242;    27.120;    85.951; 
 596;      .232;    27.120;    85.951; 
 597;      .222;    27.120;    85.951; 
 598;      .210;    27.120;    85.951; 
 599;      .198;    27.120;    85.951; 
 600;      .188;    27.120;    85.951; 
 601;      .176;    27.120;    85.951; 
 602;      .165;    27.120;    85.951; 
 603;      .157;    27.120;    85.951; 
 604;      .148;    27.120;    85.951; 
 605;      .137;    27.120;    85.951; 
 606;      .128;    27.120;    85.951; 
 607;      .120;    27.120;    85.951; 
 608;      .113;    27.119;    85.951; 
 609;      .106;    27.119;    85.951; 
 610;      .098;    27.119;    85.951; 
 611;      .090;    27.118;    85.951; 
 612;      .075;    27.117;    85.951; 
 613;      .055;    27.117;    85.951; 
 614;      .042;    27.117;    85.951; 
 615;      .028;    27.117;    85.951; 
 616;      .013;    27.118;    85.951; 
 617;     -.002;    27.118;    85.951; 
 618;     -.013;    27.119;    85.951; 
 619;     -.017;    27.119;    85.951; 
 620;     -.021;    27.119;    85.951; 
 621;     -.023;    27.118;    85.951; 
 622;     -.026;    27.118;    85.951; 
 623;     -.029;    27.118;    85.951; 
 624;     -.032;    27.117;    85.951; 
 625;     -.034;    27.117;    85.951; 
 626;     -.035;    27.116;    85.951; 
 627;     -.038;    27.115;    85.951; 
 628;     -.040;    27.114;    85.951; 
 629;     -.041;    27.114;    85.951; 
 630;     -.045;    27.112;    85.951; 
 631;     -.048;    27.111;    85.951; 
 632;     -.061;    27.106;    85.951; 
 633;     -.074;    27.101;    85.951; 
 634;     -.092;    27.095;    85.951; 
 635;     -.099;    27.093;    85.951; 
 636;     -.103;    27.091;    85.951; 
 637;     -.106;    27.090;    85.951; 
 638;     -.114;    27.087;    85.951; 
 639;     -.118;    27.085;    85.951; 
 640;     -.126;    27.081;    85.951; 
 641;     -.128;    27.080;    85.951; 
 642;     -.131;    27.078;    85.951; 
 643;     -.135;    27.076;    85.951; 
 644;     -.135;    27.075;    85.951; 
 645;     -.137;    27.074;    85.951; 
 646;     -.138;    27.073;    85.951; 
 647;     -.140;    27.071;    85.951; 
 648;     -.144;    27.068;    85.951; 
 649;     -.146;    27.066;    85.951; 
 650;     -.151;    27.061;    85.951; 
 651;     -.154;    27.058;    85.951; 
 652;     -.157;    27.055;    85.951; 
 653;     -.163;    27.048;    85.951; 
 654;     -.165;    27.046;    85.951; 
 655;     -.173;    27.037;    85.951; 
 656;     -.178;    27.031;    85.951; 
 657;     -.179;    27.029;    85.951; 
 658;     -.181;    27.027;    85.951; 
 659;     -.184;    27.022;    85.951; 
 660;     -.187;    27.017;    85.951; 
 661;     -.191;    27.011;    85.951; 
 662;     -.192;    27.008;    85.951; 
 663;     -.193;    27.005;    85.951; 
 664;     -.196;    27.000;    85.951; 
 665;     -.199;    26.993;    85.951; 
 666;     -.201;    26.988;    85.951; 
 667;     -.203;    26.984;    85.951; 
 668;     -.207;    26.973;    85.951; 
 669;     -.211;    26.964;    85.951; 
 670;     -.217;    26.950;    85.951; 
 671;     -.227;    26.929;    85.951; 
 672;     -.235;    26.914;    85.951; 
 673;     -.238;    26.908;    85.951; 
 674;     -.238;    26.906;    85.951; 
 675;     -.242;    26.899;    85.951; 
 676;     -.244;    26.893;    85.951; 
 677;     -.247;    26.886;    85.951; 
 678;     -.252;    26.875;    85.951; 
 679;     -.256;    26.866;    85.951; 
 680;     -.261;    26.853;    85.951; 
 681;     -.264;    26.845;    85.951; 
 682;     -.267;    26.837;    85.951; 
 683;     -.273;    26.823;    85.951; 
 684;     -.277;    26.815;    85.951; 
 685;     -.280;    26.807;    85.951; 
 686;     -.285;    26.796;    85.951; 
 687;     -.289;    26.786;    85.951; 
 688;     -.293;    26.775;    85.951; 
 689;     -.297;    26.768;    85.951; 
 690;     -.300;    26.760;    85.951; 
 691;     -.303;    26.751;    85.951; 
 692;     -.307;    26.741;    85.951; 
 693;     -.313;    26.726;    85.951; 
 694;     -.320;    26.710;    85.951; 
 695;     -.325;    26.700;    85.951; 
 696;     -.328;    26.692;    85.951; 
 697;     -.331;    26.685;    85.951; 
 698;     -.333;    26.679;    85.951; 
 699;     -.336;    26.673;    85.951; 
 700;     -.340;    26.662;    85.951; 
 701;     -.344;    26.652;    85.951; 
 702;     -.348;    26.642;    85.951; 
 703;     -.351;    26.633;    85.951; 
 704;     -.358;    26.617;    85.951; 
 705;     -.360;    26.611;    85.951; 
 706;     -.363;    26.602;    85.951; 
 707;     -.365;    26.596;    85.951; 
 708;     -.369;    26.587;    85.951; 
 709;     -.373;    26.574;    85.951; 
 710;     -.379;    26.560;    85.951; 
 711;     -.384;    26.546;    85.951; 
 712;     -.389;    26.534;    85.951; 
 713;     -.393;    26.526;    85.951; 
 714;     -.397;    26.515;    85.951; 
 715;     -.401;    26.506;    85.951; 
 716;     -.405;    26.495;    85.951; 
 717;     -.407;    26.489;    85.951; 
 718;     -.410;    26.481;    85.951; 
 719;     -.415;    26.470;    85.951; 
 720;     -.417;    26.462;    85.951; 
 721;     -.419;    26.458;    85.951; 
 722;     -.423;    26.445;    85.951; 
 723;     -.427;    26.436;    85.951; 
 724;     -.431;    26.424;    85.951; 
 725;     -.435;    26.413;    85.951; 
 726;     -.440;    26.401;    85.951; 
 727;     -.442;    26.394;    85.951; 
 728;     -.447;    26.381;    85.951; 
 729;     -.449;    26.375;    85.951; 
 730;     -.453;    26.364;    85.951; 
 731;     -.456;    26.357;    85.951; 
 732;     -.459;    26.350;    85.951; 
 733;     -.463;    26.337;    85.951; 
 734;     -.465;    26.333;    85.951; 
 735;     -.468;    26.322;    85.951; 
 736;     -.472;    26.310;    85.951; 
 737;     -.476;    26.301;    85.951; 
 738;     -.478;    26.293;    85.951; 
 739;     -.481;    26.284;    85.951; 
 740;     -.486;    26.271;    85.951; 
 741;     -.490;    26.258;    85.951; 
 742;     -.494;    26.247;    85.951; 
 743;     -.498;    26.237;    85.951; 
 744;     -.502;    26.227;    85.951; 
 745;     -.506;    26.215;    85.951; 
 746;     -.509;    26.208;    85.951; 
 747;     -.512;    26.199;    85.951; 
 748;     -.515;    26.192;    85.951; 
 749;     -.518;    26.182;    85.951; 
 750;     -.521;    26.173;    85.951; 
 751;     -.524;    26.163;    85.951; 
 752;     -.525;    26.161;    85.951; 
 753;     -.530;    26.146;    85.951; 
 754;     -.532;    26.138;    85.951; 
 755;     -.537;    26.123;    85.951; 
 756;     -.542;    26.110;    85.951; 
 757;     -.546;    26.099;    85.951; 
 758;     -.549;    26.090;    85.951; 
 759;     -.552;    26.082;    85.951; 
 760;     -.555;    26.072;    85.951; 
 761;     -.557;    26.067;    85.951; 
 762;     -.562;    26.053;    85.951; 
 763;     -.564;    26.047;    85.951; 
 764;     -.568;    26.035;    85.951; 
 765;     -.569;    26.029;    85.951; 
 766;     -.572;    26.021;    85.951; 
 767;     -.574;    26.013;    85.951; 
 768;     -.579;    25.998;    85.951; 
 769;     -.582;    25.990;    85.951; 
 770;     -.585;    25.980;    85.951; 
 771;     -.586;    25.976;    85.951; 
 772;     -.589;    25.965;    85.951; 
 773;     -.592;    25.955;    85.951; 
 774;     -.594;    25.948;    85.951; 
 775;     -.597;    25.938;    85.951; 
 776;     -.601;    25.923;    85.951; 
 777;     -.602;    25.918;    85.951; 
 778;     -.607;    25.901;    85.951; 
 779;     -.612;    25.886;    85.951; 
 780;     -.616;    25.875;    85.951; 
 781;     -.618;    25.869;    85.951; 
 782;     -.621;    25.858;    85.951; 
 783;     -.625;    25.847;    85.951; 
 784;     -.628;    25.837;    85.951; 
 785;     -.631;    25.827;    85.951; 
 786;     -.632;    25.823;    85.951; 
 787;     -.636;    25.812;    85.951; 
 788;     -.638;    25.804;    85.951; 
 789;     -.639;    25.799;    85.951; 
 790;     -.644;    25.784;    85.951; 
 791;     -.646;    25.774;    85.951; 
 792;     -.648;    25.769;    85.951; 
 793;     -.650;    25.761;    85.951; 
 794;     -.654;    25.745;    85.951; 
 795;     -.657;    25.735;    85.951; 
 796;     -.660;    25.725;    85.951; 
 797;     -.665;    25.711;    85.951; 
 798;     -.666;    25.707;    85.951; 
 799;     -.669;    25.696;    85.951; 
 800;     -.672;    25.685;    85.951; 
 801;     -.674;    25.677;    85.951; 
 802;     -.676;    25.669;    85.951; 
 803;     -.680;    25.655;    85.951; 
 804;     -.681;    25.652;    85.951; 
 805;     -.684;    25.640;    85.951; 
 806;     -.686;    25.631;    85.951; 
 807;     -.689;    25.623;    85.951; 
 808;     -.692;    25.610;    85.951; 
 809;     -.694;    25.602;    85.951; 
 810;     -.698;    25.589;    85.951; 
 811;     -.701;    25.578;    85.951; 
 812;     -.703;    25.568;    85.951; 
 813;     -.704;    25.565;    85.951; 
 814;     -.706;    25.555;    85.951; 
 815;     -.709;    25.544;    85.951; 
 816;     -.712;    25.531;    85.951; 
 817;     -.714;    25.523;    85.951; 
 818;     -.718;    25.508;    85.951; 
 819;     -.720;    25.502;    85.951; 
 820;     -.721;    25.494;    85.951; 
 821;     -.725;    25.481;    85.951; 
 822;     -.726;    25.475;    85.951; 
 823;     -.729;    25.464;    85.951; 
 824;     -.731;    25.453;    85.951; 
 825;     -.732;    25.448;    85.951; 
 826;     -.736;    25.431;    85.951; 
 827;     -.737;    25.426;    85.951; 
 828;     -.739;    25.415;    85.951; 
 829;     -.742;    25.402;    85.951; 
 830;     -.746;    25.389;    85.951; 
 831;     -.748;    25.381;    85.951; 
 832;     -.749;    25.374;    85.951; 
 833;     -.749;    25.374;    85.951; 
 834;     -.751;    25.362;    85.951; 
 835;     -.752;    25.354;    85.951; 
 836;     -.754;    25.343;    85.951; 
 837;     -.758;    25.326;    85.951; 
 838;     -.761;    25.312;    85.951; 
 839;     -.763;    25.303;    85.951; 
 840;     -.764;    25.295;    85.951; 
 841;     -.768;    25.280;    85.951; 
 842;     -.770;    25.268;    85.951; 
 843;     -.773;    25.256;    85.951; 
 844;     -.777;    25.242;    85.951; 
 845;     -.779;    25.233;    85.951; 
 846;     -.781;    25.225;    85.951; 
 847;     -.782;    25.218;    85.951; 
 848;     -.783;    25.214;    85.951; 
 849;     -.785;    25.205;    85.951; 
 850;     -.787;    25.195;    85.951; 
 851;     -.788;    25.187;    85.951; 
 852;     -.790;    25.179;    85.951; 
 853;     -.792;    25.164;    85.951; 
 854;     -.794;    25.156;    85.951; 
 855;     -.794;    25.153;    85.951; 
 856;     -.795;    25.148;    85.951; 
 857;     -.796;    25.136;    85.951; 
 858;     -.799;    25.118;    85.951; 
 859;     -.805;    25.093;    85.951; 
 860;     -.808;    25.080;    85.951; 
 861;     -.810;    25.074;    85.951; 
 862;     -.813;    25.060;    85.951; 
 863;     -.815;    25.051;    85.951; 
 864;     -.819;    25.038;    85.951; 
 865;     -.822;    25.028;    85.951; 
 866;     -.829;    25.005;    85.951; 
 867;     -.842;    24.973;    85.951; 
 868;     -.860;    24.940;    85.951; 
 869;     -.884;    24.905;    85.951; 
 870;     -.988;    24.826;    85.951; 
 871;    -1.046;    24.808;    85.951; 
 872;    -1.076;    24.803;    85.951; 
 873;    -1.103;    24.800;    85.951; 
 874;    -1.115;    24.800;    85.951; 
 875;    -1.124;    24.799;    85.951; 
 876;    -1.138;    24.798;    85.951; 
 877;    -1.156;    24.798;    85.951; 
 878;    -1.169;    24.798;    85.951; 
 879;    -1.181;    24.797;    85.951; 
 880;    -1.188;    24.797;    85.951; 
 881;    -1.194;    24.797;    85.951; 
 882;    -1.198;    24.796;    85.951; 
 883;    -1.209;    24.796;    85.951; 
 884;    -1.221;    24.795;    85.951; 
 885;    -1.236;    24.794;    85.951; 
 886;    -1.247;    24.793;    85.951; 
 887;    -1.256;    24.793;    85.951; 
 888;    -1.263;    24.792;    85.951; 
 889;    -1.273;    24.792;    85.951; 
 890;    -1.279;    24.791;    85.951; 
 891;    -1.288;    24.790;    85.951; 
 892;    -1.297;    24.789;    85.951; 
 893;    -1.305;    24.788;    85.951; 
 894;    -1.325;    24.786;    85.951; 
 895;    -1.351;    24.786;    85.951; 
 896;    -1.375;    24.786;    85.951; 
 897;    -1.383;    24.787;    85.951; 
 898;    -1.388;    24.787;    85.951; 
 899;    -1.391;    24.786;    85.951; 
 900;    -1.399;    24.786;    85.951; 
 901;    -1.405;    24.786;    85.951; 
 902;    -1.410;    24.785;    85.951; 
 903;    -1.420;    24.784;    85.951; 
 904;    -1.450;    24.784;    85.951; 
 905;    -1.507;    24.790;    85.951; 
 906;    -1.595;    24.825;    85.951; 
 907;    -1.673;    24.896;    85.951; 
 908;    -1.706;    24.952;    85.951; 
 909;    -1.705;    24.949;    85.951; 
 910;    -1.711;    24.962;    85.951; 
 911;    -1.713;    24.967;    85.951; 
 912;    -1.725;    24.992;    85.951; 
 913;    -1.736;    25.019;    85.951; 
 914;    -1.743;    25.044;    85.951; 
 915;    -1.746;    25.053;    85.951; 
 916;    -1.750;    25.068;    85.951; 
 917;    -1.750;    25.069;    85.951; 
 918;    -1.753;    25.077;    85.951; 
 919;    -1.753;    25.079;    85.951; 
 920;    -1.755;    25.084;    85.951; 
 921;    -1.762;    25.103;    85.951; 
 922;    -1.766;    25.117;    85.951; 
 923;    -1.771;    25.134;    85.951; 
 924;    -1.773;    25.142;    85.951; 
 925;    -1.776;    25.151;    85.951; 
 926;    -1.778;    25.158;    85.951; 
 927;    -1.780;    25.165;    85.951; 
 928;    -1.784;    25.176;    85.951; 
 929;    -1.787;    25.185;    85.951; 
 930;    -1.791;    25.197;    85.951; 
 931;    -1.793;    25.205;    85.951; 
 932;    -1.797;    25.216;    85.951; 
 933;    -1.801;    25.229;    85.951; 
 934;    -1.803;    25.238;    85.951; 
 935;    -1.806;    25.245;    85.951; 
 936;    -1.808;    25.253;    85.951; 
 937;    -1.811;    25.262;    85.951; 
 938;    -1.815;    25.271;    85.951; 
 939;    -1.817;    25.279;    85.951; 
 940;    -1.823;    25.296;    85.951; 
 941;    -1.826;    25.305;    85.951; 
 942;    -1.828;    25.313;    85.951; 
 943;    -1.832;    25.325;    85.951; 
 944;    -1.835;    25.333;    85.951; 
 945;    -1.838;    25.340;    85.951; 
 946;    -1.841;    25.350;    85.951; 
 947;    -1.844;    25.357;    85.951; 
 948;    -1.849;    25.371;    85.951; 
 949;    -1.853;    25.384;    85.951; 
 950;    -1.855;    25.390;    85.951; 
 951;    -1.859;    25.403;    85.951; 
 952;    -1.864;    25.415;    85.951; 
 953;    -1.866;    25.421;    85.951; 
 954;    -1.868;    25.426;    85.951; 
 955;    -1.871;    25.435;    85.951; 
 956;    -1.872;    25.436;    85.951; 
 957;    -1.879;    25.455;    85.951; 
 958;    -1.885;    25.471;    85.951; 
 959;    -1.889;    25.484;    85.951; 
 960;    -1.893;    25.496;    85.951; 
 961;    -1.894;    25.498;    85.951; 
 962;    -1.898;    25.509;    85.951; 
 963;    -1.901;    25.518;    85.951; 
 964;    -1.904;    25.526;    85.951; 
 965;    -1.908;    25.536;    85.951; 
 966;    -1.912;    25.547;    85.951; 
 967;    -1.916;    25.558;    85.951; 
 968;    -1.918;    25.562;    85.951; 
 969;    -1.921;    25.571;    85.951; 
 970;    -1.970;    25.693;    85.951; 
 971;    -1.972;    25.697;    85.951; 
 972;    -1.981;    25.719;    85.951; 
 973;    -1.985;    25.729;    85.951; 
 974;    -1.989;    25.743;    85.951; 
 975;    -1.990;    25.744;    85.951; 
 976;    -1.994;    25.754;    85.951; 
 977;    -1.997;    25.760;    85.951; 
 978;    -2.001;    25.770;    85.951; 
 979;    -2.004;    25.776;    85.951; 
 980;    -2.009;    25.790;    85.951; 
 981;    -2.012;    25.796;    85.951; 
 982;    -2.014;    25.802;    85.951; 
 983;    -2.019;    25.812;    85.951; 
 984;    -2.025;    25.826;    85.951; 
 985;    -2.028;    25.834;    85.951; 
 986;    -2.032;    25.842;    85.951; 
 987;    -2.037;    25.854;    85.951; 
 988;    -2.040;    25.862;    85.951; 
 989;    -2.045;    25.872;    85.951; 
 990;    -2.050;    25.883;    85.951; 
 991;    -2.054;    25.893;    85.951; 
 992;    -2.056;    25.897;    85.951; 
 993;    -2.062;    25.912;    85.951; 
 994;    -2.065;    25.918;    85.951; 
 995;    -2.069;    25.928;    85.951; 
 996;    -2.072;    25.935;    85.951; 
 997;    -2.075;    25.941;    85.951; 
 998;    -2.080;    25.952;    85.951; 
 999;    -2.085;    25.962;    85.951; 
1000;    -2.089;    25.971;    85.951; 
1001;    -2.093;    25.980;    85.951; 
1002;    -2.099;    25.992;    85.951; 
1003;    -2.104;    26.005;    85.951; 
1004;    -2.109;    26.017;    85.951; 
1005;    -2.111;    26.020;    85.951; 
1006;    -2.116;    26.032;    85.951; 
1007;    -2.120;    26.040;    85.951; 
1008;    -2.127;    26.057;    85.951; 
1009;    -2.129;    26.061;    85.951; 
1010;    -2.132;    26.068;    85.951; 
1011;    -2.134;    26.071;    85.951; 
1012;    -2.137;    26.077;    85.951; 
1013;    -2.138;    26.079;    85.951; 
1014;    -2.150;    26.102;    85.951; 
1015;    -2.157;    26.117;    85.951; 
1016;    -2.162;    26.128;    85.951; 
1017;    -2.165;    26.135;    85.951; 
1018;    -2.171;    26.149;    85.951; 
1019;    -2.175;    26.157;    85.951; 
1020;    -2.179;    26.168;    85.951; 
1021;    -2.183;    26.176;    85.951; 
1022;    -2.186;    26.183;    85.951; 
1023;    -2.190;    26.191;    85.951; 
1024;    -2.194;    26.199;    85.951; 
1025;    -2.198;    26.209;    85.951; 
1026;    -2.201;    26.214;    85.951; 
1027;    -2.207;    26.226;    85.951; 
1028;    -2.212;    26.235;    85.951; 
1029;    -2.215;    26.242;    85.951; 
1030;    -2.221;    26.254;    85.951; 
1031;    -2.226;    26.263;    85.951; 
1032;    -2.231;    26.273;    85.951; 
1033;    -2.236;    26.283;    85.951; 
1034;    -2.242;    26.296;    85.951; 
1035;    -2.246;    26.304;    85.951; 
1036;    -2.248;    26.308;    85.951; 
1037;    -2.254;    26.320;    85.951; 
1038;    -2.259;    26.330;    85.951; 
1039;    -2.262;    26.336;    85.951; 
1040;    -2.267;    26.346;    85.951; 
1041;    -2.272;    26.356;    85.951; 
1042;    -2.278;    26.367;    85.951; 
1043;    -2.282;    26.376;    85.951; 
1044;    -2.288;    26.388;    85.951; 
1045;    -2.292;    26.395;    85.951; 
1046;    -2.295;    26.402;    85.951; 
1047;    -2.300;    26.411;    85.951; 
1048;    -2.304;    26.419;    85.951; 
1049;    -2.309;    26.429;    85.951; 
1050;    -2.315;    26.439;    85.951; 
1051;    -2.320;    26.450;    85.951; 
1052;    -2.322;    26.454;    85.951; 
1053;    -2.327;    26.464;    85.951; 
1054;    -2.332;    26.471;    85.951; 
1055;    -2.339;    26.487;    85.951; 
1056;    -2.345;    26.498;    85.951; 
1057;    -2.349;    26.506;    85.951; 
1058;    -2.355;    26.518;    85.951; 
1059;    -2.358;    26.524;    85.951; 
1060;    -2.362;    26.531;    85.951; 
1061;    -2.367;    26.540;    85.951; 
1062;    -2.372;    26.550;    85.951; 
1063;    -2.376;    26.558;    85.951; 
1064;    -2.381;    26.566;    85.951; 
1065;    -2.386;    26.575;    85.951; 
1066;    -2.392;    26.587;    85.951; 
1067;    -2.397;    26.597;    85.951; 
1068;    -2.401;    26.605;    85.951; 
1069;    -2.406;    26.614;    85.951; 
1070;    -2.411;    26.623;    85.951; 
1071;    -2.416;    26.631;    85.951; 
1072;    -2.421;    26.641;    85.951; 
1073;    -2.425;    26.648;    85.951; 
1074;    -2.431;    26.659;    85.951; 
1075;    -2.436;    26.668;    85.951; 
1076;    -2.441;    26.677;    85.951; 
1077;    -2.445;    26.684;    85.951; 
1078;    -2.448;    26.690;    85.951; 
1079;    -2.454;    26.700;    85.951; 
1080;    -2.459;    26.709;    85.951; 
1081;    -2.465;    26.719;    85.951; 
1082;    -2.471;    26.730;    85.951; 
1083;    -2.474;    26.734;    85.951; 
1084;    -2.479;    26.743;    85.951; 
1085;    -2.485;    26.753;    85.951; 
1086;    -2.491;    26.764;    85.951; 
1087;    -2.499;    26.778;    85.951; 
1088;    -2.505;    26.789;    85.951; 
1089;    -2.508;    26.794;    85.951; 
1090;    -2.516;    26.809;    85.951; 
1091;    -2.518;    26.812;    85.951; 
1092;    -2.523;    26.822;    85.951; 
1093;    -2.529;    26.832;    85.951; 
1094;    -2.535;    26.843;    85.951; 
1095;    -2.542;    26.855;    85.951; 
1096;    -2.543;    26.858;    85.951; 
1097;    -2.549;    26.868;    85.951; 
1098;    -2.550;    26.869;    85.951; 
1099;    -2.554;    26.875;    85.951; 
1100;    -2.558;    26.882;    85.951; 
1101;    -2.561;    26.886;    85.951; 
1102;    -2.564;    26.889;    85.951; 
1103;    -2.568;    26.895;    85.951; 
1104;    -2.570;    26.897;    85.951; 
1105;    -2.574;    26.901;    85.951; 
1106;    -2.580;    26.909;    85.951; 
1107;    -2.581;    26.909;    85.951; 
1108;    -2.585;    26.913;    85.951; 
1109;    -2.589;    26.917;    85.951; 
1110;    -2.591;    26.919;    85.951; 
1111;    -2.596;    26.922;    85.951; 
1112;    -2.599;    26.925;    85.951; 
1113;    -2.598;    26.924;    85.951; 
1114;    -2.603;    26.928;    85.951; 
1115;    -2.605;    26.928;    85.951; 
1116;    -2.612;    26.933;    85.951; 
1117;    -2.613;    26.933;    85.951; 
1118;    -2.616;    26.934;    85.951; 
1119;    -2.619;    26.936;    85.951; 
1120;    -2.622;    26.937;    85.951; 
1121;    -2.629;    26.939;    85.951; 
1122;    -2.646;    26.946;    85.951; 
1123;    -2.658;    26.951;    85.951; 
1124;    -2.672;    26.958;    85.951; 
1125;    -2.681;    26.962;    85.951; 
1126;    -2.680;    26.961;    85.951; 
1127;    -2.686;    26.963;    85.951; 
1128;    -2.687;    26.963;    85.951; 
1129;    -2.689;    26.963;    85.951; 
1130;    -2.691;    26.963;    85.951; 
1131;    -2.692;    26.963;    85.951; 
1132;    -2.700;    26.965;    85.951; 
1133;    -2.713;    26.967;    85.951; 
1134;    -2.722;    26.968;    85.951; 
1135;    -2.732;    26.969;    85.951; 
1136;    -2.736;    26.970;    85.951; 
1137;    -2.741;    26.970;    85.951; 
1138;    -2.747;    26.971;    85.951; 
1139;    -2.747;    26.971;    85.951; 
1140;    -2.751;    26.970;    85.951; 
1141;    -2.752;    26.970;    85.951; 
1142;    -2.757;    26.970;    85.951; 
1143;    -2.759;    26.969;    85.951; 
1144;    -2.768;    26.968;    85.951; 
1145;    -2.779;    26.967;    85.951; 
1146;    -2.799;    26.965;    85.951; 
1147;    -2.816;    26.964;    85.951; 
1148;    -2.826;    26.963;    85.951; 
1149;    -2.831;    26.962;    85.951; 
1150;    -2.836;    26.962;    85.951; 
1151;    -2.840;    26.961;    85.951; 
1152;    -2.844;    26.960;    85.951; 
1153;    -2.855;    26.959;    85.951; 
1154;    -2.871;    26.957;    85.951; 
1155;    -2.884;    26.955;    85.951; 
1156;    -2.901;    26.953;    85.951; 
1157;    -2.920;    26.952;    85.951; 
1158;    -2.928;    26.952;    85.951; 
1159;    -2.932;    26.951;    85.951; 
1160;    -2.938;    26.951;    85.951; 
1161;    -2.945;    26.950;    85.951; 
1162;    -2.954;    26.949;    85.951; 
1163;    -2.965;    26.947;    85.951; 
1164;    -2.985;    26.945;    85.951; 
1165;    -2.995;    26.944;    85.951; 
1166;    -3.000;    26.944;    85.951; 
1167;    -3.004;    26.943;    85.951; 
1168;    -3.006;    26.943;    85.951; 
1169;    -3.010;    26.942;    85.951; 
1170;    -3.027;    26.939;    85.951; 
1171;    -3.046;    26.937;    85.951; 
