[A]
   1;     3.562;    26.947;    85.954; 
   2;     3.552;    26.949;    85.954; 
   3;     3.542;    26.950;    85.954; 
   4;     3.533;    26.952;    85.954; 
   5;     3.529;    26.952;    85.954; 
   6;     3.522;    26.953;    85.954; 
   7;     3.516;    26.953;    85.954; 
   8;     3.506;    26.954;    85.954; 
   9;     3.501;    26.954;    85.954; 
  10;     3.486;    26.955;    85.954; 
  11;     3.464;    26.957;    85.954; 
  12;     3.444;    26.960;    85.954; 
  13;     3.430;    26.962;    85.954; 
  14;     3.419;    26.964;    85.954; 
  15;     3.411;    26.966;    85.954; 
  16;     3.405;    26.967;    85.954; 
  17;     3.397;    26.968;    85.954; 
  18;     3.393;    26.968;    85.954; 
  19;     3.381;    26.969;    85.954; 
  20;     3.369;    26.971;    85.954; 
  21;     3.358;    26.972;    85.954; 
  22;     3.346;    26.974;    85.954; 
  23;     3.337;    26.975;    85.954; 
  24;     3.326;    26.976;    85.954; 
  25;     3.318;    26.977;    85.954; 
  26;     3.306;    26.978;    85.954; 
  27;     3.296;    26.980;    85.954; 
  28;     3.287;    26.981;    85.954; 
  29;     3.278;    26.982;    85.954; 
  30;     3.263;    26.983;    85.954; 
  31;     3.252;    26.985;    85.954; 
  32;     3.243;    26.986;    85.954; 
  33;     3.234;    26.987;    85.954; 
  34;     3.223;    26.988;    85.954; 
  35;     3.214;    26.989;    85.954; 
  36;     3.205;    26.990;    85.954; 
  37;     3.195;    26.991;    85.954; 
  38;     3.182;    26.993;    85.954; 
  39;     3.175;    26.993;    85.954; 
  40;     3.172;    26.993;    85.954; 
  41;     3.155;    26.994;    85.954; 
  42;     3.131;    26.997;    85.954; 
  43;     3.106;    27.002;    85.954; 
  44;     3.103;    27.002;    85.954; 
  45;     3.102;    27.002;    85.954; 
  46;     3.099;    27.002;    85.954; 
  47;     3.099;    27.002;    85.954; 
  48;     3.093;    27.002;    85.954; 
  49;     3.085;    27.002;    85.954; 
  50;     3.074;    27.002;    85.954; 
  51;     3.063;    27.002;    85.954; 
  52;     3.049;    27.003;    85.954; 
  53;     3.037;    27.003;    85.954; 
  54;     3.029;    27.003;    85.954; 
  55;     3.025;    27.003;    85.954; 
  56;     3.022;    27.003;    85.954; 
  57;     3.018;    27.003;    85.954; 
  58;     3.018;    27.002;    85.954; 
  59;     3.013;    27.002;    85.954; 
  60;     3.014;    27.002;    85.954; 
  61;     3.009;    27.000;    85.954; 
  62;     3.005;    26.999;    85.954; 
  63;     2.997;    26.998;    85.954; 
  64;     2.995;    26.997;    85.954; 
  65;     2.992;    26.996;    85.954; 
  66;     2.986;    26.994;    85.954; 
  67;     2.981;    26.992;    85.954; 
  68;     2.973;    26.989;    85.954; 
  69;     2.971;    26.988;    85.954; 
  70;     2.967;    26.986;    85.954; 
  71;     2.965;    26.984;    85.954; 
  72;     2.958;    26.981;    85.954; 
  73;     2.950;    26.977;    85.954; 
  74;     2.938;    26.971;    85.954; 
  75;     2.934;    26.968;    85.954; 
  76;     2.927;    26.965;    85.954; 
  77;     2.925;    26.963;    85.954; 
  78;     2.921;    26.961;    85.954; 
  79;     2.921;    26.960;    85.954; 
  80;     2.919;    26.958;    85.954; 
  81;     2.918;    26.957;    85.954; 
  82;     2.916;    26.955;    85.954; 
  83;     2.913;    26.952;    85.954; 
  84;     2.913;    26.952;    85.954; 
  85;     2.909;    26.946;    85.954; 
  86;     2.897;    26.932;    85.954; 
  87;     2.890;    26.924;    85.954; 
  88;     2.874;    26.908;    85.954; 
  89;     2.867;    26.900;    85.954; 
  90;     2.864;    26.896;    85.954; 
  91;     2.862;    26.894;    85.954; 
  92;     2.859;    26.891;    85.954; 
  93;     2.857;    26.886;    85.954; 
  94;     2.854;    26.883;    85.954; 
  95;     2.853;    26.880;    85.954; 
  96;     2.844;    26.865;    85.954; 
  97;     2.842;    26.863;    85.954; 
  98;     2.838;    26.856;    85.954; 
  99;     2.829;    26.841;    85.954; 
 100;     2.823;    26.832;    85.954; 
 101;     2.819;    26.825;    85.954; 
 102;     2.818;    26.822;    85.954; 
 103;     2.811;    26.810;    85.954; 
 104;     2.807;    26.803;    85.954; 
 105;     2.802;    26.795;    85.954; 
 106;     2.798;    26.787;    85.954; 
 107;     2.793;    26.779;    85.954; 
 108;     2.789;    26.771;    85.954; 
 109;     2.782;    26.758;    85.954; 
 110;     2.776;    26.748;    85.954; 
 111;     2.772;    26.740;    85.954; 
 112;     2.765;    26.728;    85.954; 
 113;     2.762;    26.722;    85.954; 
 114;     2.758;    26.716;    85.954; 
 115;     2.756;    26.711;    85.954; 
 116;     2.748;    26.696;    85.954; 
 117;     2.743;    26.687;    85.954; 
 118;     2.735;    26.674;    85.954; 
 119;     2.731;    26.666;    85.954; 
 120;     2.724;    26.654;    85.954; 
 121;     2.720;    26.647;    85.954; 
 122;     2.716;    26.639;    85.954; 
 123;     2.711;    26.629;    85.954; 
 124;     2.705;    26.620;    85.954; 
 125;     2.702;    26.613;    85.954; 
 126;     2.696;    26.602;    85.954; 
 127;     2.692;    26.594;    85.954; 
 128;     2.687;    26.585;    85.954; 
 129;     2.682;    26.577;    85.954; 
 130;     2.678;    26.568;    85.954; 
 131;     2.672;    26.557;    85.954; 
 132;     2.667;    26.547;    85.954; 
 133;     2.663;    26.540;    85.954; 
 134;     2.657;    26.530;    85.954; 
 135;     2.651;    26.518;    85.954; 
 136;     2.648;    26.511;    85.954; 
 137;     2.643;    26.503;    85.954; 
 138;     2.636;    26.490;    85.954; 
 139;     2.633;    26.483;    85.954; 
 140;     2.629;    26.475;    85.954; 
 141;     2.622;    26.463;    85.954; 
 142;     2.618;    26.454;    85.954; 
 143;     2.614;    26.448;    85.954; 
 144;     2.608;    26.436;    85.954; 
 145;     2.602;    26.424;    85.954; 
 146;     2.599;    26.419;    85.954; 
 147;     2.595;    26.410;    85.954; 
 148;     2.593;    26.406;    85.954; 
 149;     2.587;    26.395;    85.954; 
 150;     2.583;    26.387;    85.954; 
 151;     2.577;    26.375;    85.954; 
 152;     2.571;    26.364;    85.954; 
 153;     2.565;    26.352;    85.954; 
 154;     2.563;    26.347;    85.954; 
 155;     2.558;    26.338;    85.954; 
 156;     2.556;    26.334;    85.954; 
 157;     2.551;    26.323;    85.954; 
 158;     2.544;    26.310;    85.954; 
 159;     2.538;    26.298;    85.954; 
 160;     2.536;    26.294;    85.954; 
 161;     2.531;    26.283;    85.954; 
 162;     2.527;    26.276;    85.954; 
 163;     2.522;    26.265;    85.954; 
 164;     2.517;    26.256;    85.954; 
 165;     2.513;    26.247;    85.954; 
 166;     2.509;    26.238;    85.954; 
 167;     2.504;    26.228;    85.954; 
 168;     2.499;    26.218;    85.954; 
 169;     2.495;    26.210;    85.954; 
 170;     2.490;    26.199;    85.954; 
 171;     2.485;    26.189;    85.954; 
 172;     2.481;    26.182;    85.954; 
 173;     2.477;    26.173;    85.954; 
 174;     2.473;    26.165;    85.954; 
 175;     2.470;    26.159;    85.954; 
 176;     2.466;    26.148;    85.954; 
 177;     2.462;    26.140;    85.954; 
 178;     2.458;    26.131;    85.954; 
 179;     2.453;    26.121;    85.954; 
 180;     2.448;    26.110;    85.954; 
 181;     2.442;    26.097;    85.954; 
 182;     2.437;    26.087;    85.954; 
 183;     2.434;    26.080;    85.954; 
 184;     2.428;    26.069;    85.954; 
 185;     2.426;    26.064;    85.954; 
 186;     2.424;    26.060;    85.954; 
 187;     2.422;    26.054;    85.954; 
 188;     2.418;    26.043;    85.954; 
 189;     2.412;    26.029;    85.954; 
 190;     2.406;    26.017;    85.954; 
 191;     2.400;    26.005;    85.954; 
 192;     2.397;    25.996;    85.954; 
 193;     2.391;    25.984;    85.954; 
 194;     2.390;    25.982;    85.954; 
 195;     2.383;    25.966;    85.954; 
 196;     2.376;    25.952;    85.954; 
 197;     2.374;    25.947;    85.954; 
 198;     2.369;    25.936;    85.954; 
 199;     2.368;    25.933;    85.954; 
 200;     2.364;    25.923;    85.954; 
 201;     2.358;    25.911;    85.954; 
 202;     2.354;    25.901;    85.954; 
 203;     2.348;    25.889;    85.954; 
 204;     2.346;    25.883;    85.954; 
 205;     2.338;    25.867;    85.954; 
 206;     2.334;    25.858;    85.954; 
 207;     2.330;    25.848;    85.954; 
 208;     2.326;    25.841;    85.954; 
 209;     2.324;    25.835;    85.954; 
 210;     2.321;    25.828;    85.954; 
 211;     2.319;    25.822;    85.954; 
 212;     2.316;    25.814;    85.954; 
 213;     2.311;    25.803;    85.954; 
 214;     2.306;    25.790;    85.954; 
 215;     2.302;    25.781;    85.954; 
 216;     2.298;    25.770;    85.954; 
 217;     2.294;    25.762;    85.954; 
 218;     2.291;    25.754;    85.954; 
 219;     2.289;    25.748;    85.954; 
 220;     2.285;    25.736;    85.954; 
 221;     2.277;    25.717;    85.954; 
 222;     2.270;    25.702;    85.954; 
 223;     2.265;    25.691;    85.954; 
 224;     2.263;    25.686;    85.954; 
 225;     2.259;    25.678;    85.954; 
 226;     2.258;    25.675;    85.954; 
 227;     2.253;    25.661;    85.954; 
 228;     2.250;    25.656;    85.954; 
 229;     2.247;    25.648;    85.954; 
 230;     2.244;    25.640;    85.954; 
 231;     2.239;    25.627;    85.954; 
 232;     2.234;    25.614;    85.954; 
 233;     2.231;    25.605;    85.954; 
 234;     2.229;    25.599;    85.954; 
 235;     2.225;    25.589;    85.954; 
 236;     2.220;    25.576;    85.954; 
 237;     2.218;    25.572;    85.954; 
 238;     2.214;    25.561;    85.954; 
 239;     2.209;    25.548;    85.954; 
 240;     2.202;    25.531;    85.954; 
 241;     2.200;    25.525;    85.954; 
 242;     2.198;    25.519;    85.954; 
 243;     2.196;    25.514;    85.954; 
 244;     2.194;    25.509;    85.954; 
 245;     2.191;    25.498;    85.954; 
 246;     2.187;    25.489;    85.954; 
 247;     2.184;    25.478;    85.954; 
 248;     2.178;    25.462;    85.954; 
 249;     2.176;    25.455;    85.954; 
 250;     2.174;    25.450;    85.954; 
 251;     2.171;    25.440;    85.954; 
 252;     2.164;    25.422;    85.954; 
 253;     2.157;    25.405;    85.954; 
 254;     2.154;    25.396;    85.954; 
 255;     2.150;    25.385;    85.954; 
 256;     2.146;    25.376;    85.954; 
 257;     2.140;    25.362;    85.954; 
 258;     2.136;    25.353;    85.954; 
 259;     2.132;    25.344;    85.954; 
 260;     2.131;    25.340;    85.954; 
 261;     2.129;    25.335;    85.954; 
 262;     2.127;    25.328;    85.954; 
 263;     2.125;    25.322;    85.954; 
 264;     2.124;    25.320;    85.954; 
 265;     2.120;    25.307;    85.954; 
 266;     2.117;    25.297;    85.954; 
 267;     2.114;    25.286;    85.954; 
 268;     2.110;    25.274;    85.954; 
 269;     2.107;    25.263;    85.954; 
 270;     2.105;    25.258;    85.954; 
 271;     2.105;    25.256;    85.954; 
 272;     2.104;    25.252;    85.954; 
 273;     2.103;    25.245;    85.954; 
 274;     2.102;    25.243;    85.954; 
 275;     2.099;    25.226;    85.954; 
 276;     2.094;    25.206;    85.954; 
 277;     2.083;    25.173;    85.954; 
 278;     2.075;    25.151;    85.954; 
 279;     2.070;    25.140;    85.954; 
 280;     2.070;    25.139;    85.954; 
 281;     2.069;    25.136;    85.954; 
 282;     2.068;    25.132;    85.954; 
 283;     2.063;    25.117;    85.954; 
 284;     2.058;    25.104;    85.954; 
 285;     2.054;    25.092;    85.954; 
 286;     2.045;    25.071;    85.954; 
 287;     2.040;    25.060;    85.954; 
 288;     2.040;    25.058;    85.954; 
 289;     2.039;    25.056;    85.954; 
 290;     2.036;    25.047;    85.954; 
 291;     2.033;    25.036;    85.954; 
 292;     2.022;    25.010;    85.954; 
 293;     2.013;    24.991;    85.954; 
 294;     2.002;    24.971;    85.954; 
 295;     1.976;    24.932;    85.954; 
 296;     1.941;    24.895;    85.954; 
 297;     1.841;    24.837;    85.954; 
 298;     1.786;    24.825;    85.954; 
 299;     1.762;    24.823;    85.954; 
 300;     1.743;    24.822;    85.954; 
 301;     1.722;    24.822;    85.954; 
 302;     1.704;    24.822;    85.954; 
 303;     1.688;    24.823;    85.954; 
 304;     1.670;    24.824;    85.954; 
 305;     1.660;    24.825;    85.954; 
 306;     1.656;    24.825;    85.954; 
 307;     1.650;    24.825;    85.954; 
 308;     1.640;    24.826;    85.954; 
 309;     1.625;    24.826;    85.954; 
 310;     1.605;    24.828;    85.954; 
 311;     1.592;    24.829;    85.954; 
 312;     1.585;    24.830;    85.954; 
 313;     1.579;    24.830;    85.954; 
 314;     1.569;    24.831;    85.954; 
 315;     1.561;    24.831;    85.954; 
 316;     1.550;    24.832;    85.954; 
 317;     1.538;    24.832;    85.954; 
 318;     1.528;    24.833;    85.954; 
 319;     1.523;    24.833;    85.954; 
 320;     1.518;    24.833;    85.954; 
 321;     1.510;    24.833;    85.954; 
 322;     1.494;    24.834;    85.954; 
 323;     1.472;    24.835;    85.954; 
 324;     1.461;    24.836;    85.954; 
 325;     1.448;    24.837;    85.954; 
 326;     1.439;    24.838;    85.954; 
 327;     1.430;    24.839;    85.954; 
 328;     1.422;    24.839;    85.954; 
 329;     1.410;    24.840;    85.954; 
 330;     1.400;    24.841;    85.954; 
 331;     1.391;    24.842;    85.954; 
 332;     1.378;    24.843;    85.954; 
 333;     1.319;    24.855;    85.954; 
 334;     1.219;    24.911;    85.954; 
 335;     1.150;    25.005;    85.954; 
 336;     1.136;    25.040;    85.954; 
 337;     1.133;    25.050;    85.954; 
 338;     1.130;    25.058;    85.954; 
 339;     1.124;    25.077;    85.954; 
 340;     1.118;    25.102;    85.954; 
 341;     1.115;    25.117;    85.954; 
 342;     1.112;    25.128;    85.954; 
 343;     1.109;    25.143;    85.954; 
 344;     1.107;    25.152;    85.954; 
 345;     1.105;    25.162;    85.954; 
 346;     1.103;    25.172;    85.954; 
 347;     1.101;    25.186;    85.954; 
 348;     1.099;    25.193;    85.954; 
 349;     1.096;    25.211;    85.954; 
 350;     1.094;    25.219;    85.954; 
 351;     1.093;    25.228;    85.954; 
 352;     1.090;    25.240;    85.954; 
 353;     1.088;    25.251;    85.954; 
 354;     1.087;    25.260;    85.954; 
 355;     1.085;    25.268;    85.954; 
 356;     1.083;    25.277;    85.954; 
 357;     1.082;    25.281;    85.954; 
 358;     1.081;    25.287;    85.954; 
 359;     1.077;    25.301;    85.954; 
 360;     1.073;    25.320;    85.954; 
 361;     1.071;    25.331;    85.954; 
 362;     1.069;    25.341;    85.954; 
 363;     1.068;    25.347;    85.954; 
 364;     1.066;    25.356;    85.954; 
 365;     1.063;    25.369;    85.954; 
 366;     1.061;    25.381;    85.954; 
 367;     1.059;    25.389;    85.954; 
 368;     1.057;    25.400;    85.954; 
 369;     1.055;    25.407;    85.954; 
 370;     1.053;    25.418;    85.954; 
 371;     1.051;    25.428;    85.954; 
 372;     1.049;    25.437;    85.954; 
 373;     1.046;    25.449;    85.954; 
 374;     1.044;    25.461;    85.954; 
 375;     1.042;    25.471;    85.954; 
 376;     1.040;    25.479;    85.954; 
 377;     1.038;    25.487;    85.954; 
 378;     1.036;    25.494;    85.954; 
 379;     1.034;    25.504;    85.954; 
 380;     1.032;    25.510;    85.954; 
 381;     1.029;    25.522;    85.954; 
 382;     1.027;    25.530;    85.954; 
 383;     1.024;    25.541;    85.954; 
 384;     1.021;    25.555;    85.954; 
 385;     1.019;    25.564;    85.954; 
 386;     1.016;    25.575;    85.954; 
 387;     1.014;    25.584;    85.954; 
 388;     1.011;    25.595;    85.954; 
 389;     1.009;    25.604;    85.954; 
 390;     1.006;    25.617;    85.954; 
 391;     1.005;    25.621;    85.954; 
 392;     1.003;    25.628;    85.954; 
 393;      .999;    25.643;    85.954; 
 394;      .997;    25.652;    85.954; 
 395;      .993;    25.667;    85.954; 
 396;      .992;    25.672;    85.954; 
 397;      .989;    25.682;    85.954; 
 398;      .987;    25.688;    85.954; 
 399;      .984;    25.703;    85.954; 
 400;      .981;    25.712;    85.954; 
 401;      .979;    25.722;    85.954; 
 402;      .976;    25.731;    85.954; 
 403;      .973;    25.742;    85.954; 
 404;      .971;    25.749;    85.954; 
 405;      .968;    25.761;    85.954; 
 406;      .966;    25.769;    85.954; 
 407;      .963;    25.779;    85.954; 
 408;      .960;    25.788;    85.954; 
 409;      .957;    25.798;    85.954; 
 410;      .954;    25.807;    85.954; 
 411;      .951;    25.818;    85.954; 
 412;      .948;    25.827;    85.954; 
 413;      .945;    25.839;    85.954; 
 414;      .941;    25.854;    85.954; 
 415;      .937;    25.870;    85.954; 
 416;      .935;    25.876;    85.954; 
 417;      .933;    25.884;    85.954; 
 418;      .930;    25.893;    85.954; 
 419;      .929;    25.897;    85.954; 
 420;      .926;    25.906;    85.954; 
 421;      .923;    25.917;    85.954; 
 422;      .921;    25.925;    85.954; 
 423;      .916;    25.939;    85.954; 
 424;      .913;    25.951;    85.954; 
 425;      .910;    25.959;    85.954; 
 426;      .907;    25.972;    85.954; 
 427;      .904;    25.981;    85.954; 
 428;      .901;    25.991;    85.954; 
 429;      .898;    26.002;    85.954; 
 430;      .896;    26.009;    85.954; 
 431;      .893;    26.017;    85.954; 
 432;      .890;    26.029;    85.954; 
 433;      .887;    26.036;    85.954; 
 434;      .885;    26.043;    85.954; 
 435;      .881;    26.056;    85.954; 
 436;      .877;    26.066;    85.954; 
 437;      .874;    26.077;    85.954; 
 438;      .871;    26.084;    85.954; 
 439;      .868;    26.094;    85.954; 
 440;      .865;    26.103;    85.954; 
 441;      .862;    26.113;    85.954; 
 442;      .857;    26.127;    85.954; 
 443;      .854;    26.135;    85.954; 
 444;      .851;    26.148;    85.954; 
 445;      .849;    26.154;    85.954; 
 446;      .845;    26.163;    85.954; 
 447;      .841;    26.176;    85.954; 
 448;      .837;    26.187;    85.954; 
 449;      .834;    26.198;    85.954; 
 450;      .830;    26.208;    85.954; 
 451;      .827;    26.219;    85.954; 
 452;      .823;    26.231;    85.954; 
 453;      .822;    26.234;    85.954; 
 454;      .817;    26.247;    85.954; 
 455;      .813;    26.260;    85.954; 
 456;      .812;    26.264;    85.954; 
 457;      .809;    26.273;    85.954; 
 458;      .806;    26.279;    85.954; 
 459;      .803;    26.288;    85.954; 
 460;      .799;    26.300;    85.954; 
 461;      .795;    26.309;    85.954; 
 462;      .791;    26.323;    85.954; 
 463;      .784;    26.346;    85.954; 
 464;      .784;    26.346;    85.954; 
 465;      .781;    26.355;    85.954; 
 466;      .780;    26.357;    85.954; 
 467;      .778;    26.361;    85.954; 
 468;      .773;    26.373;    85.954; 
 469;      .769;    26.385;    85.954; 
 470;      .764;    26.400;    85.954; 
 471;      .760;    26.413;    85.954; 
 472;      .757;    26.420;    85.954; 
 473;      .754;    26.429;    85.954; 
 474;      .752;    26.434;    85.954; 
 475;      .749;    26.442;    85.954; 
 476;      .745;    26.453;    85.954; 
 477;      .740;    26.464;    85.954; 
 478;      .736;    26.476;    85.954; 
 479;      .735;    26.479;    85.954; 
 480;      .730;    26.491;    85.954; 
 481;      .724;    26.506;    85.954; 
 482;      .720;    26.521;    85.954; 
 483;      .718;    26.525;    85.954; 
 484;      .713;    26.537;    85.954; 
 485;      .712;    26.541;    85.954; 
 486;      .708;    26.553;    85.954; 
 487;      .704;    26.563;    85.954; 
 488;      .700;    26.573;    85.954; 
 489;      .697;    26.580;    85.954; 
 490;      .692;    26.593;    85.954; 
 491;      .689;    26.603;    85.954; 
 492;      .685;    26.613;    85.954; 
 493;      .682;    26.621;    85.954; 
 494;      .678;    26.630;    85.954; 
 495;      .673;    26.643;    85.954; 
 496;      .671;    26.649;    85.954; 
 497;      .666;    26.663;    85.954; 
 498;      .665;    26.665;    85.954; 
 499;      .660;    26.679;    85.954; 
 500;      .656;    26.688;    85.954; 
 501;      .654;    26.694;    85.954; 
 502;      .651;    26.701;    85.954; 
 503;      .648;    26.707;    85.954; 
 504;      .643;    26.719;    85.954; 
 505;      .639;    26.729;    85.954; 
 506;      .635;    26.738;    85.954; 
 507;      .631;    26.749;    85.954; 
 508;      .627;    26.757;    85.954; 
 509;      .624;    26.763;    85.954; 
 510;      .622;    26.767;    85.954; 
 511;      .619;    26.774;    85.954; 
 512;      .613;    26.788;    85.954; 
 513;      .605;    26.806;    85.954; 
 514;      .599;    26.821;    85.954; 
 515;      .594;    26.834;    85.954; 
 516;      .590;    26.845;    85.954; 
 517;      .587;    26.853;    85.954; 
 518;      .584;    26.862;    85.954; 
 519;      .581;    26.868;    85.954; 
 520;      .577;    26.878;    85.954; 
 521;      .572;    26.891;    85.954; 
 522;      .569;    26.902;    85.954; 
 523;      .567;    26.905;    85.954; 
 524;      .564;    26.913;    85.954; 
 525;      .561;    26.918;    85.954; 
 526;      .559;    26.924;    85.954; 
 527;      .554;    26.935;    85.954; 
 528;      .550;    26.942;    85.954; 
 529;      .543;    26.958;    85.954; 
 530;      .539;    26.966;    85.954; 
 531;      .535;    26.976;    85.954; 
 532;      .529;    26.990;    85.954; 
 533;      .525;    26.998;    85.954; 
 534;      .519;    27.014;    85.954; 
 535;      .516;    27.021;    85.954; 
 536;      .514;    27.026;    85.954; 
 537;      .510;    27.035;    85.954; 
 538;      .507;    27.040;    85.954; 
 539;      .509;    27.037;    85.954; 
 540;      .505;    27.043;    85.954; 
 541;      .503;    27.046;    85.954; 
 542;      .502;    27.047;    85.954; 
 543;      .499;    27.050;    85.954; 
 544;      .495;    27.056;    85.954; 
 545;      .492;    27.059;    85.954; 
 546;      .486;    27.065;    85.954; 
 547;      .487;    27.064;    85.954; 
 548;      .474;    27.078;    85.954; 
 549;      .473;    27.079;    85.954; 
 550;      .466;    27.086;    85.954; 
 551;      .463;    27.089;    85.954; 
 552;      .453;    27.099;    85.954; 
 553;      .448;    27.103;    85.954; 
 554;      .439;    27.111;    85.954; 
 555;      .432;    27.118;    85.954; 
 556;      .424;    27.126;    85.954; 
 557;      .418;    27.130;    85.954; 
 558;      .418;    27.130;    85.954; 
 559;      .415;    27.132;    85.954; 
 560;      .411;    27.134;    85.954; 
 561;      .408;    27.136;    85.954; 
 562;      .407;    27.136;    85.954; 
 563;      .403;    27.138;    85.954; 
 564;      .396;    27.141;    85.954; 
 565;      .391;    27.143;    85.954; 
 566;      .382;    27.147;    85.954; 
 567;      .379;    27.148;    85.954; 
 568;      .373;    27.150;    85.954; 
 569;      .370;    27.150;    85.954; 
 570;      .363;    27.152;    85.954; 
 571;      .359;    27.153;    85.954; 
 572;      .352;    27.154;    85.954; 
 573;      .349;    27.154;    85.954; 
 574;      .340;    27.155;    85.954; 
 575;      .335;    27.156;    85.954; 
 576;      .329;    27.157;    85.954; 
 577;      .324;    27.157;    85.954; 
 578;      .318;    27.157;    85.954; 
 579;      .313;    27.157;    85.954; 
 580;      .306;    27.157;    85.954; 
 581;      .300;    27.157;    85.954; 
 582;      .294;    27.157;    85.954; 
 583;      .286;    27.157;    85.954; 
 584;      .275;    27.157;    85.954; 
 585;      .265;    27.157;    85.954; 
 586;      .257;    27.156;    85.954; 
 587;      .244;    27.156;    85.954; 
 588;      .231;    27.156;    85.954; 
 589;      .220;    27.156;    85.954; 
 590;      .207;    27.156;    85.954; 
 591;      .194;    27.156;    85.954; 
 592;      .181;    27.156;    85.954; 
 593;      .175;    27.157;    85.954; 
 594;      .164;    27.157;    85.954; 
 595;      .154;    27.157;    85.954; 
 596;      .144;    27.157;    85.954; 
 597;      .136;    27.157;    85.954; 
 598;      .123;    27.157;    85.954; 
 599;      .112;    27.157;    85.954; 
 600;      .102;    27.157;    85.954; 
 601;      .094;    27.157;    85.954; 
 602;      .086;    27.157;    85.954; 
 603;      .076;    27.157;    85.954; 
 604;      .065;    27.157;    85.954; 
 605;      .049;    27.157;    85.954; 
 606;      .041;    27.157;    85.954; 
 607;      .028;    27.157;    85.954; 
 608;      .022;    27.157;    85.954; 
 609;      .011;    27.157;    85.954; 
 610;      .004;    27.157;    85.954; 
 611;     -.010;    27.157;    85.954; 
 612;     -.018;    27.156;    85.954; 
 613;     -.027;    27.156;    85.954; 
 614;     -.036;    27.156;    85.954; 
 615;     -.043;    27.156;    85.954; 
 616;     -.059;    27.155;    85.954; 
 617;     -.073;    27.155;    85.954; 
 618;     -.084;    27.155;    85.954; 
 619;     -.093;    27.155;    85.954; 
 620;     -.100;    27.155;    85.954; 
 621;     -.105;    27.154;    85.954; 
 622;     -.113;    27.154;    85.954; 
 623;     -.124;    27.153;    85.954; 
 624;     -.152;    27.153;    85.954; 
 625;     -.165;    27.153;    85.954; 
 626;     -.179;    27.154;    85.954; 
 627;     -.192;    27.155;    85.954; 
 628;     -.196;    27.155;    85.954; 
 629;     -.201;    27.155;    85.954; 
 630;     -.203;    27.154;    85.954; 
 631;     -.205;    27.154;    85.954; 
 632;     -.210;    27.153;    85.954; 
 633;     -.209;    27.153;    85.954; 
 634;     -.221;    27.152;    85.954; 
 635;     -.229;    27.151;    85.954; 
 636;     -.234;    27.150;    85.954; 
 637;     -.235;    27.149;    85.954; 
 638;     -.236;    27.149;    85.954; 
 639;     -.235;    27.149;    85.954; 
 640;     -.240;    27.147;    85.954; 
 641;     -.241;    27.147;    85.954; 
 642;     -.248;    27.144;    85.954; 
 643;     -.265;    27.138;    85.954; 
 644;     -.276;    27.135;    85.954; 
 645;     -.282;    27.133;    85.954; 
 646;     -.282;    27.132;    85.954; 
 647;     -.287;    27.130;    85.954; 
 648;     -.287;    27.130;    85.954; 
 649;     -.290;    27.128;    85.954; 
 650;     -.288;    27.129;    85.954; 
 651;     -.298;    27.123;    85.954; 
 652;     -.301;    27.121;    85.954; 
 653;     -.303;    27.120;    85.954; 
 654;     -.307;    27.117;    85.954; 
 655;     -.309;    27.115;    85.954; 
 656;     -.311;    27.113;    85.954; 
 657;     -.314;    27.110;    85.954; 
 658;     -.315;    27.109;    85.954; 
 659;     -.318;    27.106;    85.954; 
 660;     -.322;    27.102;    85.954; 
 661;     -.327;    27.097;    85.954; 
 662;     -.332;    27.090;    85.954; 
 663;     -.335;    27.087;    85.954; 
 664;     -.337;    27.084;    85.954; 
 665;     -.341;    27.079;    85.954; 
 666;     -.349;    27.068;    85.954; 
 667;     -.351;    27.065;    85.954; 
 668;     -.359;    27.054;    85.954; 
 669;     -.370;    27.040;    85.954; 
 670;     -.381;    27.026;    85.954; 
 671;     -.383;    27.023;    85.954; 
 672;     -.386;    27.019;    85.954; 
 673;     -.390;    27.012;    85.954; 
 674;     -.391;    27.010;    85.954; 
 675;     -.393;    27.007;    85.954; 
 676;     -.395;    27.003;    85.954; 
 677;     -.399;    26.994;    85.954; 
 678;     -.401;    26.992;    85.954; 
 679;     -.405;    26.982;    85.954; 
 680;     -.409;    26.974;    85.954; 
 681;     -.413;    26.965;    85.954; 
 682;     -.417;    26.956;    85.954; 
 683;     -.419;    26.951;    85.954; 
 684;     -.422;    26.944;    85.954; 
 685;     -.425;    26.937;    85.954; 
 686;     -.428;    26.929;    85.954; 
 687;     -.434;    26.915;    85.954; 
 688;     -.438;    26.905;    85.954; 
 689;     -.442;    26.895;    85.954; 
 690;     -.445;    26.887;    85.954; 
 691;     -.447;    26.881;    85.954; 
 692;     -.454;    26.866;    85.954; 
 693;     -.457;    26.857;    85.954; 
 694;     -.461;    26.848;    85.954; 
 695;     -.466;    26.836;    85.954; 
 696;     -.469;    26.829;    85.954; 
 697;     -.475;    26.816;    85.954; 
 698;     -.478;    26.807;    85.954; 
 699;     -.482;    26.799;    85.954; 
 700;     -.485;    26.790;    85.954; 
 701;     -.489;    26.780;    85.954; 
 702;     -.492;    26.774;    85.954; 
 703;     -.498;    26.758;    85.954; 
 704;     -.500;    26.754;    85.954; 
 705;     -.504;    26.743;    85.954; 
 706;     -.508;    26.733;    85.954; 
 707;     -.511;    26.726;    85.954; 
 708;     -.514;    26.716;    85.954; 
 709;     -.518;    26.705;    85.954; 
 710;     -.524;    26.691;    85.954; 
 711;     -.528;    26.681;    85.954; 
 712;     -.532;    26.672;    85.954; 
 713;     -.536;    26.663;    85.954; 
 714;     -.538;    26.655;    85.954; 
 715;     -.541;    26.648;    85.954; 
 716;     -.546;    26.636;    85.954; 
 717;     -.550;    26.625;    85.954; 
 718;     -.554;    26.615;    85.954; 
 719;     -.558;    26.604;    85.954; 
 720;     -.561;    26.597;    85.954; 
 721;     -.565;    26.586;    85.954; 
 722;     -.569;    26.575;    85.954; 
 723;     -.572;    26.567;    85.954; 
 724;     -.576;    26.556;    85.954; 
 725;     -.578;    26.550;    85.954; 
 726;     -.579;    26.549;    85.954; 
 727;     -.583;    26.535;    85.954; 
 728;     -.587;    26.523;    85.954; 
 729;     -.593;    26.506;    85.954; 
 730;     -.597;    26.496;    85.954; 
 731;     -.603;    26.482;    85.954; 
 732;     -.607;    26.470;    85.954; 
 733;     -.610;    26.464;    85.954; 
 734;     -.614;    26.452;    85.954; 
 735;     -.617;    26.445;    85.954; 
 736;     -.620;    26.437;    85.954; 
 737;     -.623;    26.430;    85.954; 
 738;     -.625;    26.423;    85.954; 
 739;     -.627;    26.416;    85.954; 
 740;     -.630;    26.405;    85.954; 
 741;     -.635;    26.392;    85.954; 
 742;     -.640;    26.378;    85.954; 
 743;     -.645;    26.364;    85.954; 
 744;     -.649;    26.354;    85.954; 
 745;     -.651;    26.349;    85.954; 
 746;     -.654;    26.339;    85.954; 
 747;     -.658;    26.330;    85.954; 
 748;     -.661;    26.321;    85.954; 
 749;     -.665;    26.309;    85.954; 
 750;     -.667;    26.303;    85.954; 
 751;     -.671;    26.292;    85.954; 
 752;     -.674;    26.283;    85.954; 
 753;     -.677;    26.275;    85.954; 
 754;     -.679;    26.268;    85.954; 
 755;     -.683;    26.255;    85.954; 
 756;     -.687;    26.243;    85.954; 
 757;     -.690;    26.233;    85.954; 
 758;     -.694;    26.222;    85.954; 
 759;     -.697;    26.214;    85.954; 
 760;     -.703;    26.198;    85.954; 
 761;     -.706;    26.190;    85.954; 
 762;     -.709;    26.181;    85.954; 
 763;     -.711;    26.175;    85.954; 
 764;     -.713;    26.168;    85.954; 
 765;     -.715;    26.161;    85.954; 
 766;     -.719;    26.150;    85.954; 
 767;     -.721;    26.141;    85.954; 
 768;     -.725;    26.131;    85.954; 
 769;     -.727;    26.124;    85.954; 
 770;     -.729;    26.117;    85.954; 
 771;     -.730;    26.111;    85.954; 
 772;     -.739;    26.084;    85.954; 
 773;     -.747;    26.062;    85.954; 
 774;     -.753;    26.047;    85.954; 
 775;     -.752;    26.050;    85.954; 
 776;     -.755;    26.041;    85.954; 
 777;     -.757;    26.034;    85.954; 
 778;     -.759;    26.028;    85.954; 
 779;     -.762;    26.017;    85.954; 
 780;     -.764;    26.008;    85.954; 
 781;     -.768;    25.997;    85.954; 
 782;     -.772;    25.985;    85.954; 
 783;     -.774;    25.978;    85.954; 
 784;     -.776;    25.970;    85.954; 
 785;     -.778;    25.963;    85.954; 
 786;     -.781;    25.953;    85.954; 
 787;     -.785;    25.939;    85.954; 
 788;     -.789;    25.924;    85.954; 
 789;     -.792;    25.914;    85.954; 
 790;     -.794;    25.908;    85.954; 
 791;     -.799;    25.893;    85.954; 
 792;     -.801;    25.886;    85.954; 
 793;     -.802;    25.880;    85.954; 
 794;     -.807;    25.864;    85.954; 
 795;     -.809;    25.858;    85.954; 
 796;     -.812;    25.847;    85.954; 
 797;     -.815;    25.837;    85.954; 
 798;     -.818;    25.827;    85.954; 
 799;     -.821;    25.815;    85.954; 
 800;     -.824;    25.805;    85.954; 
 801;     -.826;    25.797;    85.954; 
 802;     -.829;    25.788;    85.954; 
 803;     -.831;    25.779;    85.954; 
 804;     -.835;    25.768;    85.954; 
 805;     -.837;    25.760;    85.954; 
 806;     -.839;    25.750;    85.954; 
 807;     -.841;    25.742;    85.954; 
 808;     -.844;    25.732;    85.954; 
 809;     -.847;    25.719;    85.954; 
 810;     -.850;    25.709;    85.954; 
 811;     -.853;    25.698;    85.954; 
 812;     -.855;    25.690;    85.954; 
 813;     -.858;    25.679;    85.954; 
 814;     -.860;    25.673;    85.954; 
 815;     -.861;    25.665;    85.954; 
 816;     -.864;    25.653;    85.954; 
 817;     -.867;    25.642;    85.954; 
 818;     -.870;    25.630;    85.954; 
 819;     -.873;    25.617;    85.954; 
 820;     -.876;    25.607;    85.954; 
 821;     -.878;    25.600;    85.954; 
 822;     -.881;    25.589;    85.954; 
 823;     -.884;    25.577;    85.954; 
 824;     -.885;    25.571;    85.954; 
 825;     -.887;    25.562;    85.954; 
 826;     -.890;    25.550;    85.954; 
 827;     -.891;    25.547;    85.954; 
 828;     -.892;    25.538;    85.954; 
 829;     -.895;    25.528;    85.954; 
 830;     -.897;    25.516;    85.954; 
 831;     -.900;    25.503;    85.954; 
 832;     -.903;    25.492;    85.954; 
 833;     -.904;    25.486;    85.954; 
 834;     -.905;    25.480;    85.954; 
 835;     -.908;    25.467;    85.954; 
 836;     -.909;    25.460;    85.954; 
 837;     -.913;    25.442;    85.954; 
 838;     -.917;    25.427;    85.954; 
 839;     -.920;    25.415;    85.954; 
 840;     -.922;    25.406;    85.954; 
 841;     -.924;    25.398;    85.954; 
 842;     -.925;    25.393;    85.954; 
 843;     -.928;    25.381;    85.954; 
 844;     -.929;    25.373;    85.954; 
 845;     -.932;    25.362;    85.954; 
 846;     -.934;    25.352;    85.954; 
 847;     -.935;    25.347;    85.954; 
 848;     -.936;    25.338;    85.954; 
 849;     -.939;    25.323;    85.954; 
 850;     -.943;    25.307;    85.954; 
 851;     -.945;    25.296;    85.954; 
 852;     -.947;    25.290;    85.954; 
 853;     -.949;    25.279;    85.954; 
 854;     -.950;    25.273;    85.954; 
 855;     -.952;    25.264;    85.954; 
 856;     -.952;    25.259;    85.954; 
 857;     -.954;    25.249;    85.954; 
 858;     -.956;    25.235;    85.954; 
 859;     -.959;    25.221;    85.954; 
 860;     -.961;    25.208;    85.954; 
 861;     -.965;    25.193;    85.954; 
 862;     -.966;    25.184;    85.954; 
 863;     -.969;    25.174;    85.954; 
 864;     -.970;    25.165;    85.954; 
 865;     -.973;    25.153;    85.954; 
 866;     -.974;    25.147;    85.954; 
 867;     -.977;    25.133;    85.954; 
 868;     -.978;    25.126;    85.954; 
 869;     -.980;    25.116;    85.954; 
 870;     -.983;    25.105;    85.954; 
 871;     -.986;    25.091;    85.954; 
 872;     -.988;    25.079;    85.954; 
 873;     -.995;    25.056;    85.954; 
 874;    -1.002;    25.033;    85.954; 
 875;    -1.009;    25.016;    85.954; 
 876;    -1.014;    25.003;    85.954; 
 877;    -1.036;    24.961;    85.954; 
 878;    -1.158;    24.856;    85.954; 
 879;    -1.227;    24.837;    85.954; 
 880;    -1.248;    24.834;    85.954; 
 881;    -1.265;    24.832;    85.954; 
 882;    -1.282;    24.830;    85.954; 
 883;    -1.293;    24.829;    85.954; 
 884;    -1.298;    24.829;    85.954; 
 885;    -1.309;    24.828;    85.954; 
 886;    -1.325;    24.827;    85.954; 
 887;    -1.337;    24.826;    85.954; 
 888;    -1.355;    24.825;    85.954; 
 889;    -1.365;    24.824;    85.954; 
 890;    -1.376;    24.824;    85.954; 
 891;    -1.385;    24.824;    85.954; 
 892;    -1.393;    24.823;    85.954; 
 893;    -1.402;    24.822;    85.954; 
 894;    -1.410;    24.822;    85.954; 
 895;    -1.420;    24.821;    85.954; 
 896;    -1.433;    24.820;    85.954; 
 897;    -1.444;    24.820;    85.954; 
 898;    -1.449;    24.819;    85.954; 
 899;    -1.461;    24.818;    85.954; 
 900;    -1.469;    24.818;    85.954; 
 901;    -1.479;    24.817;    85.954; 
 902;    -1.490;    24.816;    85.954; 
 903;    -1.501;    24.815;    85.954; 
 904;    -1.513;    24.814;    85.954; 
 905;    -1.524;    24.814;    85.954; 
 906;    -1.536;    24.813;    85.954; 
 907;    -1.547;    24.812;    85.954; 
 908;    -1.558;    24.812;    85.954; 
 909;    -1.569;    24.811;    85.954; 
 910;    -1.580;    24.810;    85.954; 
 911;    -1.591;    24.810;    85.954; 
 912;    -1.606;    24.809;    85.954; 
 913;    -1.655;    24.812;    85.954; 
 914;    -1.741;    24.839;    85.954; 
 915;    -1.783;    24.864;    85.954; 
 916;    -1.853;    24.936;    85.954; 
 917;    -1.876;    24.977;    85.954; 
 918;    -1.887;    25.001;    85.954; 
 919;    -1.893;    25.017;    85.954; 
 920;    -1.896;    25.025;    85.954; 
 921;    -1.902;    25.042;    85.954; 
 922;    -1.904;    25.046;    85.954; 
 923;    -1.909;    25.060;    85.954; 
 924;    -1.914;    25.075;    85.954; 
 925;    -1.918;    25.088;    85.954; 
 926;    -1.922;    25.099;    85.954; 
 927;    -1.926;    25.110;    85.954; 
 928;    -1.928;    25.119;    85.954; 
 929;    -1.932;    25.129;    85.954; 
 930;    -1.934;    25.137;    85.954; 
 931;    -1.938;    25.147;    85.954; 
 932;    -1.942;    25.159;    85.954; 
 933;    -1.943;    25.164;    85.954; 
 934;    -1.947;    25.176;    85.954; 
 935;    -1.950;    25.183;    85.954; 
 936;    -1.954;    25.195;    85.954; 
 937;    -1.960;    25.215;    85.954; 
 938;    -1.963;    25.225;    85.954; 
 939;    -1.966;    25.236;    85.954; 
 940;    -1.969;    25.247;    85.954; 
 941;    -1.971;    25.251;    85.954; 
 942;    -1.975;    25.263;    85.954; 
 943;    -1.977;    25.271;    85.954; 
 944;    -1.980;    25.281;    85.954; 
 945;    -1.981;    25.284;    85.954; 
 946;    -1.984;    25.292;    85.954; 
 947;    -1.986;    25.296;    85.954; 
 948;    -1.992;    25.312;    85.954; 
 949;    -1.996;    25.322;    85.954; 
 950;    -2.002;    25.341;    85.954; 
 951;    -2.005;    25.350;    85.954; 
 952;    -2.007;    25.354;    85.954; 
 953;    -2.011;    25.365;    85.954; 
 954;    -2.014;    25.374;    85.954; 
 955;    -2.018;    25.386;    85.954; 
 956;    -2.024;    25.404;    85.954; 
 957;    -2.027;    25.412;    85.954; 
 958;    -2.029;    25.417;    85.954; 
 959;    -2.032;    25.426;    85.954; 
 960;    -2.034;    25.431;    85.954; 
 961;    -2.037;    25.439;    85.954; 
 962;    -2.041;    25.449;    85.954; 
 963;    -2.046;    25.464;    85.954; 
 964;    -2.052;    25.480;    85.954; 
 965;    -2.055;    25.491;    85.954; 
 966;    -2.055;    25.490;    85.954; 
 967;    -2.057;    25.494;    85.954; 
 968;    -2.058;    25.496;    85.954; 
 969;    -2.063;    25.508;    85.954; 
 970;    -2.069;    25.522;    85.954; 
 971;    -2.076;    25.541;    85.954; 
 972;    -2.080;    25.552;    85.954; 
 973;    -2.084;    25.560;    85.954; 
 974;    -2.088;    25.573;    85.954; 
 975;    -2.091;    25.582;    85.954; 
 976;    -2.094;    25.590;    85.954; 
 977;    -2.098;    25.598;    85.954; 
 978;    -2.102;    25.608;    85.954; 
 979;    -2.104;    25.615;    85.954; 
 980;    -2.109;    25.626;    85.954; 
 981;    -2.113;    25.635;    85.954; 
 982;    -2.115;    25.641;    85.954; 
 983;    -2.118;    25.648;    85.954; 
 984;    -2.122;    25.655;    85.954; 
 985;    -2.124;    25.660;    85.954; 
 986;    -2.131;    25.673;    85.954; 
 987;    -2.140;    25.695;    85.954; 
 988;    -2.147;    25.715;    85.954; 
 989;    -2.149;    25.720;    85.954; 
 990;    -2.154;    25.732;    85.954; 
 991;    -2.158;    25.744;    85.954; 
 992;    -2.162;    25.753;    85.954; 
 993;    -2.162;    25.752;    85.954; 
 994;    -2.165;    25.760;    85.954; 
 995;    -2.169;    25.770;    85.954; 
 996;    -2.174;    25.781;    85.954; 
 997;    -2.178;    25.789;    85.954; 
 998;    -2.182;    25.801;    85.954; 
 999;    -2.187;    25.811;    85.954; 
1000;    -2.192;    25.825;    85.954; 
1001;    -2.194;    25.830;    85.954; 
1002;    -2.198;    25.838;    85.954; 
1003;    -2.204;    25.851;    85.954; 
1004;    -2.207;    25.859;    85.954; 
1005;    -2.211;    25.868;    85.954; 
1006;    -2.214;    25.876;    85.954; 
1007;    -2.219;    25.888;    85.954; 
1008;    -2.222;    25.894;    85.954; 
1009;    -2.224;    25.899;    85.954; 
1010;    -2.229;    25.908;    85.954; 
1011;    -2.234;    25.918;    85.954; 
1012;    -2.240;    25.933;    85.954; 
1013;    -2.248;    25.950;    85.954; 
1014;    -2.250;    25.955;    85.954; 
1015;    -2.254;    25.964;    85.954; 
1016;    -2.258;    25.973;    85.954; 
1017;    -2.261;    25.982;    85.954; 
1018;    -2.265;    25.990;    85.954; 
1019;    -2.269;    26.000;    85.954; 
1020;    -2.274;    26.010;    85.954; 
1021;    -2.278;    26.019;    85.954; 
1022;    -2.280;    26.024;    85.954; 
1023;    -2.286;    26.036;    85.954; 
1024;    -2.289;    26.042;    85.954; 
1025;    -2.294;    26.052;    85.954; 
1026;    -2.298;    26.061;    85.954; 
1027;    -2.303;    26.072;    85.954; 
1028;    -2.308;    26.081;    85.954; 
1029;    -2.312;    26.089;    85.954; 
1030;    -2.318;    26.101;    85.954; 
1031;    -2.323;    26.113;    85.954; 
1032;    -2.327;    26.121;    85.954; 
1033;    -2.332;    26.131;    85.954; 
1034;    -2.335;    26.138;    85.954; 
1035;    -2.338;    26.144;    85.954; 
1036;    -2.344;    26.156;    85.954; 
1037;    -2.350;    26.168;    85.954; 
1038;    -2.358;    26.184;    85.954; 
1039;    -2.361;    26.190;    85.954; 
1040;    -2.365;    26.199;    85.954; 
1041;    -2.370;    26.210;    85.954; 
1042;    -2.374;    26.219;    85.954; 
1043;    -2.378;    26.227;    85.954; 
1044;    -2.382;    26.235;    85.954; 
1045;    -2.386;    26.243;    85.954; 
1046;    -2.389;    26.250;    85.954; 
1047;    -2.392;    26.254;    85.954; 
1048;    -2.400;    26.270;    85.954; 
1049;    -2.406;    26.281;    85.954; 
1050;    -2.411;    26.291;    85.954; 
1051;    -2.419;    26.308;    85.954; 
1052;    -2.422;    26.315;    85.954; 
1053;    -2.426;    26.324;    85.954; 
1054;    -2.430;    26.332;    85.954; 
1055;    -2.433;    26.337;    85.954; 
1056;    -2.438;    26.347;    85.954; 
1057;    -2.441;    26.353;    85.954; 
1058;    -2.447;    26.364;    85.954; 
1059;    -2.450;    26.371;    85.954; 
1060;    -2.455;    26.380;    85.954; 
1061;    -2.460;    26.388;    85.954; 
1062;    -2.466;    26.400;    85.954; 
1063;    -2.471;    26.410;    85.954; 
1064;    -2.477;    26.422;    85.954; 
1065;    -2.481;    26.429;    85.954; 
1066;    -2.486;    26.438;    85.954; 
1067;    -2.491;    26.448;    85.954; 
1068;    -2.496;    26.458;    85.954; 
1069;    -2.502;    26.469;    85.954; 
1070;    -2.507;    26.478;    85.954; 
1071;    -2.510;    26.485;    85.954; 
1072;    -2.517;    26.498;    85.954; 
1073;    -2.519;    26.502;    85.954; 
1074;    -2.523;    26.510;    85.954; 
1075;    -2.529;    26.520;    85.954; 
1076;    -2.533;    26.527;    85.954; 
1077;    -2.541;    26.542;    85.954; 
1078;    -2.548;    26.557;    85.954; 
1079;    -2.551;    26.562;    85.954; 
1080;    -2.556;    26.571;    85.954; 
1081;    -2.559;    26.577;    85.954; 
1082;    -2.564;    26.587;    85.954; 
1083;    -2.568;    26.593;    85.954; 
1084;    -2.572;    26.601;    85.954; 
1085;    -2.578;    26.612;    85.954; 
1086;    -2.585;    26.624;    85.954; 
1087;    -2.589;    26.631;    85.954; 
1088;    -2.595;    26.642;    85.954; 
1089;    -2.599;    26.649;    85.954; 
1090;    -2.604;    26.658;    85.954; 
1091;    -2.607;    26.664;    85.954; 
1092;    -2.614;    26.677;    85.954; 
1093;    -2.618;    26.685;    85.954; 
1094;    -2.623;    26.694;    85.954; 
1095;    -2.628;    26.703;    85.954; 
1096;    -2.632;    26.709;    85.954; 
1097;    -2.637;    26.719;    85.954; 
1098;    -2.642;    26.728;    85.954; 
1099;    -2.647;    26.737;    85.954; 
1100;    -2.653;    26.747;    85.954; 
1101;    -2.658;    26.756;    85.954; 
1102;    -2.664;    26.767;    85.954; 
1103;    -2.669;    26.776;    85.954; 
1104;    -2.675;    26.787;    85.954; 
1105;    -2.679;    26.794;    85.954; 
1106;    -2.683;    26.799;    85.954; 
1107;    -2.688;    26.808;    85.954; 
1108;    -2.693;    26.816;    85.954; 
1109;    -2.697;    26.824;    85.954; 
1110;    -2.702;    26.831;    85.954; 
1111;    -2.707;    26.840;    85.954; 
1112;    -2.715;    26.852;    85.954; 
1113;    -2.720;    26.862;    85.954; 
1114;    -2.723;    26.865;    85.954; 
1115;    -2.728;    26.874;    85.954; 
1116;    -2.731;    26.878;    85.954; 
1117;    -2.735;    26.883;    85.954; 
1118;    -2.740;    26.890;    85.954; 
1119;    -2.744;    26.895;    85.954; 
1120;    -2.747;    26.900;    85.954; 
1121;    -2.754;    26.908;    85.954; 
1122;    -2.758;    26.914;    85.954; 
1123;    -2.762;    26.918;    85.954; 
1124;    -2.765;    26.921;    85.954; 
1125;    -2.768;    26.925;    85.954; 
1126;    -2.773;    26.930;    85.954; 
1127;    -2.777;    26.934;    85.954; 
1128;    -2.782;    26.939;    85.954; 
1129;    -2.786;    26.942;    85.954; 
1130;    -2.785;    26.941;    85.954; 
1131;    -2.789;    26.944;    85.954; 
1132;    -2.789;    26.944;    85.954; 
1133;    -2.798;    26.950;    85.954; 
1134;    -2.797;    26.949;    85.954; 
1135;    -2.802;    26.952;    85.954; 
1136;    -2.814;    26.959;    85.954; 
1137;    -2.817;    26.961;    85.954; 
1138;    -2.824;    26.965;    85.954; 
1139;    -2.831;    26.969;    85.954; 
1140;    -2.838;    26.973;    85.954; 
1141;    -2.839;    26.973;    85.954; 
1142;    -2.844;    26.975;    85.954; 
1143;    -2.849;    26.976;    85.954; 
1144;    -2.852;    26.977;    85.954; 
1145;    -2.858;    26.979;    85.954; 
1146;    -2.864;    26.980;    85.954; 
1147;    -2.868;    26.981;    85.954; 
1148;    -2.873;    26.981;    85.954; 
1149;    -2.877;    26.982;    85.954; 
1150;    -2.883;    26.982;    85.954; 
1151;    -2.886;    26.983;    85.954; 
1152;    -2.896;    26.983;    85.954; 
1153;    -2.907;    26.984;    85.954; 
1154;    -2.915;    26.984;    85.954; 
1155;    -2.925;    26.985;    85.954; 
1156;    -2.930;    26.985;    85.954; 
1157;    -2.940;    26.985;    85.954; 
1158;    -2.946;    26.985;    85.954; 
1159;    -2.949;    26.985;    85.954; 
1160;    -2.955;    26.985;    85.954; 
1161;    -2.961;    26.984;    85.954; 
1162;    -2.967;    26.984;    85.954; 
1163;    -2.974;    26.983;    85.954; 
1164;    -2.978;    26.982;    85.954; 
1165;    -2.989;    26.981;    85.954; 
1166;    -2.999;    26.980;    85.954; 
1167;    -3.014;    26.978;    85.954; 
1168;    -3.023;    26.977;    85.954; 
1169;    -3.028;    26.976;    85.954; 
1170;    -3.038;    26.975;    85.954; 
1171;    -3.052;    26.973;    85.954; 
1172;    -3.066;    26.972;    85.954; 
1173;    -3.077;    26.971;    85.954; 
1174;    -3.091;    26.970;    85.954; 
1175;    -3.098;    26.969;    85.954; 
1176;    -3.106;    26.968;    85.954; 
1177;    -3.117;    26.967;    85.954; 
1178;    -3.125;    26.966;    85.954; 
1179;    -3.139;    26.964;    85.954; 
1180;    -3.147;    26.963;    85.954; 
1181;    -3.157;    26.962;    85.954; 
1182;    -3.162;    26.961;    85.954; 
1183;    -3.170;    26.960;    85.954; 
1184;    -3.184;    26.958;    85.954; 
1185;    -3.202;    26.956;    85.954; 
1186;    -3.211;    26.955;    85.954; 
1187;    -3.223;    26.954;    85.954; 
1188;    -3.232;    26.953;    85.954; 
