[A]
   1;     3.264;    26.981;    85.955; 
   2;     3.254;    26.982;    85.955; 
   3;     3.242;    26.983;    85.955; 
   4;     3.232;    26.985;    85.955; 
   5;     3.226;    26.985;    85.955; 
   6;     3.220;    26.986;    85.955; 
   7;     3.209;    26.987;    85.955; 
   8;     3.197;    26.988;    85.955; 
   9;     3.189;    26.989;    85.955; 
  10;     3.172;    26.991;    85.955; 
  11;     3.163;    26.992;    85.955; 
  12;     3.157;    26.993;    85.955; 
  13;     3.150;    26.993;    85.955; 
  14;     3.145;    26.993;    85.955; 
  15;     3.144;    26.993;    85.955; 
  16;     3.134;    26.993;    85.955; 
  17;     3.116;    26.994;    85.955; 
  18;     3.102;    26.995;    85.955; 
  19;     3.092;    26.996;    85.955; 
  20;     3.083;    26.997;    85.955; 
  21;     3.069;    26.998;    85.955; 
  22;     3.051;    27.000;    85.955; 
  23;     3.030;    27.003;    85.955; 
  24;     3.006;    27.008;    85.955; 
  25;     2.999;    27.010;    85.955; 
  26;     2.995;    27.010;    85.955; 
  27;     2.990;    27.011;    85.955; 
  28;     2.984;    27.012;    85.955; 
  29;     2.979;    27.012;    85.955; 
  30;     2.968;    27.014;    85.955; 
  31;     2.966;    27.014;    85.955; 
  32;     2.958;    27.014;    85.955; 
  33;     2.956;    27.014;    85.955; 
  34;     2.955;    27.014;    85.955; 
  35;     2.953;    27.014;    85.955; 
  36;     2.948;    27.013;    85.955; 
  37;     2.942;    27.013;    85.955; 
  38;     2.933;    27.012;    85.955; 
  39;     2.928;    27.012;    85.955; 
  40;     2.923;    27.011;    85.955; 
  41;     2.922;    27.010;    85.955; 
  42;     2.917;    27.009;    85.955; 
  43;     2.909;    27.008;    85.955; 
  44;     2.901;    27.006;    85.955; 
  45;     2.890;    27.004;    85.955; 
  46;     2.880;    27.002;    85.955; 
  47;     2.867;    26.999;    85.955; 
  48;     2.862;    26.998;    85.955; 
  49;     2.859;    26.997;    85.955; 
  50;     2.857;    26.996;    85.955; 
  51;     2.851;    26.994;    85.955; 
  52;     2.847;    26.992;    85.955; 
  53;     2.842;    26.990;    85.955; 
  54;     2.838;    26.988;    85.955; 
  55;     2.834;    26.987;    85.955; 
  56;     2.829;    26.984;    85.955; 
  57;     2.826;    26.982;    85.955; 
  58;     2.825;    26.982;    85.955; 
  59;     2.823;    26.980;    85.955; 
  60;     2.820;    26.978;    85.955; 
  61;     2.817;    26.975;    85.955; 
  62;     2.813;    26.973;    85.955; 
  63;     2.809;    26.969;    85.955; 
  64;     2.806;    26.966;    85.955; 
  65;     2.801;    26.962;    85.955; 
  66;     2.799;    26.960;    85.955; 
  67;     2.787;    26.948;    85.955; 
  68;     2.787;    26.948;    85.955; 
  69;     2.782;    26.943;    85.955; 
  70;     2.777;    26.937;    85.955; 
  71;     2.772;    26.932;    85.955; 
  72;     2.769;    26.927;    85.955; 
  73;     2.761;    26.919;    85.955; 
  74;     2.758;    26.914;    85.955; 
  75;     2.755;    26.911;    85.955; 
  76;     2.754;    26.908;    85.955; 
  77;     2.755;    26.909;    85.955; 
  78;     2.753;    26.905;    85.955; 
  79;     2.751;    26.902;    85.955; 
  80;     2.746;    26.893;    85.955; 
  81;     2.744;    26.889;    85.955; 
  82;     2.731;    26.865;    85.955; 
  83;     2.716;    26.843;    85.955; 
  84;     2.710;    26.834;    85.955; 
  85;     2.705;    26.827;    85.955; 
  86;     2.703;    26.823;    85.955; 
  87;     2.701;    26.819;    85.955; 
  88;     2.699;    26.817;    85.955; 
  89;     2.695;    26.809;    85.955; 
  90;     2.692;    26.803;    85.955; 
  91;     2.688;    26.795;    85.955; 
  92;     2.680;    26.780;    85.955; 
  93;     2.673;    26.769;    85.955; 
  94;     2.665;    26.755;    85.955; 
  95;     2.660;    26.747;    85.955; 
  96;     2.658;    26.742;    85.955; 
  97;     2.656;    26.739;    85.955; 
  98;     2.652;    26.731;    85.955; 
  99;     2.642;    26.714;    85.955; 
 100;     2.638;    26.707;    85.955; 
 101;     2.631;    26.695;    85.955; 
 102;     2.627;    26.688;    85.955; 
 103;     2.624;    26.681;    85.955; 
 104;     2.621;    26.676;    85.955; 
 105;     2.614;    26.663;    85.955; 
 106;     2.610;    26.656;    85.955; 
 107;     2.606;    26.649;    85.955; 
 108;     2.603;    26.642;    85.955; 
 109;     2.598;    26.633;    85.955; 
 110;     2.596;    26.628;    85.955; 
 111;     2.590;    26.616;    85.955; 
 112;     2.580;    26.599;    85.955; 
 113;     2.574;    26.587;    85.955; 
 114;     2.566;    26.574;    85.955; 
 115;     2.563;    26.569;    85.955; 
 116;     2.558;    26.560;    85.955; 
 117;     2.553;    26.551;    85.955; 
 118;     2.550;    26.546;    85.955; 
 119;     2.544;    26.535;    85.955; 
 120;     2.543;    26.532;    85.955; 
 121;     2.539;    26.525;    85.955; 
 122;     2.534;    26.515;    85.955; 
 123;     2.527;    26.501;    85.955; 
 124;     2.523;    26.493;    85.955; 
 125;     2.517;    26.484;    85.955; 
 126;     2.512;    26.474;    85.955; 
 127;     2.506;    26.463;    85.955; 
 128;     2.502;    26.455;    85.955; 
 129;     2.498;    26.449;    85.955; 
 130;     2.494;    26.439;    85.955; 
 131;     2.492;    26.436;    85.955; 
 132;     2.488;    26.428;    85.955; 
 133;     2.484;    26.419;    85.955; 
 134;     2.478;    26.408;    85.955; 
 135;     2.475;    26.401;    85.955; 
 136;     2.470;    26.391;    85.955; 
 137;     2.463;    26.377;    85.955; 
 138;     2.458;    26.367;    85.955; 
 139;     2.453;    26.358;    85.955; 
 140;     2.446;    26.345;    85.955; 
 141;     2.444;    26.341;    85.955; 
 142;     2.438;    26.330;    85.955; 
 143;     2.433;    26.320;    85.955; 
 144;     2.431;    26.315;    85.955; 
 145;     2.426;    26.306;    85.955; 
 146;     2.422;    26.297;    85.955; 
 147;     2.418;    26.289;    85.955; 
 148;     2.412;    26.277;    85.955; 
 149;     2.408;    26.268;    85.955; 
 150;     2.403;    26.259;    85.955; 
 151;     2.398;    26.248;    85.955; 
 152;     2.394;    26.241;    85.955; 
 153;     2.390;    26.233;    85.955; 
 154;     2.387;    26.226;    85.955; 
 155;     2.382;    26.216;    85.955; 
 156;     2.379;    26.209;    85.955; 
 157;     2.375;    26.200;    85.955; 
 158;     2.371;    26.191;    85.955; 
 159;     2.367;    26.182;    85.955; 
 160;     2.362;    26.172;    85.955; 
 161;     2.356;    26.159;    85.955; 
 162;     2.351;    26.148;    85.955; 
 163;     2.347;    26.140;    85.955; 
 164;     2.343;    26.131;    85.955; 
 165;     2.339;    26.123;    85.955; 
 166;     2.333;    26.110;    85.955; 
 167;     2.330;    26.104;    85.955; 
 168;     2.322;    26.088;    85.955; 
 169;     2.318;    26.080;    85.955; 
 170;     2.315;    26.072;    85.955; 
 171;     2.309;    26.061;    85.955; 
 172;     2.306;    26.054;    85.955; 
 173;     2.302;    26.046;    85.955; 
 174;     2.300;    26.040;    85.955; 
 175;     2.296;    26.032;    85.955; 
 176;     2.293;    26.024;    85.955; 
 177;     2.288;    26.014;    85.955; 
 178;     2.285;    26.005;    85.955; 
 179;     2.277;    25.989;    85.955; 
 180;     2.273;    25.980;    85.955; 
 181;     2.269;    25.971;    85.955; 
 182;     2.264;    25.961;    85.955; 
 183;     2.261;    25.953;    85.955; 
 184;     2.257;    25.944;    85.955; 
 185;     2.252;    25.934;    85.955; 
 186;     2.248;    25.923;    85.955; 
 187;     2.243;    25.914;    85.955; 
 188;     2.242;    25.910;    85.955; 
 189;     2.236;    25.897;    85.955; 
 190;     2.234;    25.893;    85.955; 
 191;     2.230;    25.882;    85.955; 
 192;     2.226;    25.873;    85.955; 
 193;     2.222;    25.864;    85.955; 
 194;     2.219;    25.855;    85.955; 
 195;     2.217;    25.850;    85.955; 
 196;     2.210;    25.835;    85.955; 
 197;     2.208;    25.828;    85.955; 
 198;     2.204;    25.818;    85.955; 
 199;     2.199;    25.807;    85.955; 
 200;     2.194;    25.794;    85.955; 
 201;     2.192;    25.790;    85.955; 
 202;     2.190;    25.784;    85.955; 
 203;     2.188;    25.779;    85.955; 
 204;     2.187;    25.775;    85.955; 
 205;     2.186;    25.770;    85.955; 
 206;     2.181;    25.756;    85.955; 
 207;     2.175;    25.737;    85.955; 
 208;     2.166;    25.716;    85.955; 
 209;     2.162;    25.706;    85.955; 
 210;     2.158;    25.698;    85.955; 
 211;     2.152;    25.684;    85.955; 
 212;     2.148;    25.673;    85.955; 
 213;     2.143;    25.664;    85.955; 
 214;     2.137;    25.651;    85.955; 
 215;     2.132;    25.639;    85.955; 
 216;     2.128;    25.631;    85.955; 
 217;     2.126;    25.627;    85.955; 
 218;     2.124;    25.622;    85.955; 
 219;     2.122;    25.617;    85.955; 
 220;     2.121;    25.614;    85.955; 
 221;     2.120;    25.610;    85.955; 
 222;     2.117;    25.600;    85.955; 
 223;     2.114;    25.592;    85.955; 
 224;     2.106;    25.570;    85.955; 
 225;     2.098;    25.551;    85.955; 
 226;     2.094;    25.541;    85.955; 
 227;     2.091;    25.532;    85.955; 
 228;     2.089;    25.529;    85.955; 
 229;     2.088;    25.525;    85.955; 
 230;     2.087;    25.522;    85.955; 
 231;     2.083;    25.510;    85.955; 
 232;     2.081;    25.503;    85.955; 
 233;     2.075;    25.485;    85.955; 
 234;     2.069;    25.470;    85.955; 
 235;     2.062;    25.452;    85.955; 
 236;     2.058;    25.444;    85.955; 
 237;     2.054;    25.434;    85.955; 
 238;     2.052;    25.428;    85.955; 
 239;     2.050;    25.423;    85.955; 
 240;     2.047;    25.414;    85.955; 
 241;     2.046;    25.411;    85.955; 
 242;     2.043;    25.403;    85.955; 
 243;     2.040;    25.393;    85.955; 
 244;     2.037;    25.384;    85.955; 
 245;     2.033;    25.373;    85.955; 
 246;     2.029;    25.362;    85.955; 
 247;     2.026;    25.352;    85.955; 
 248;     2.020;    25.336;    85.955; 
 249;     2.018;    25.330;    85.955; 
 250;     2.015;    25.322;    85.955; 
 251;     2.013;    25.315;    85.955; 
 252;     2.011;    25.308;    85.955; 
 253;     2.007;    25.297;    85.955; 
 254;     2.005;    25.291;    85.955; 
 255;     2.002;    25.281;    85.955; 
 256;     1.999;    25.272;    85.955; 
 257;     1.996;    25.262;    85.955; 
 258;     1.992;    25.248;    85.955; 
 259;     1.986;    25.233;    85.955; 
 260;     1.983;    25.224;    85.955; 
 261;     1.981;    25.218;    85.955; 
 262;     1.978;    25.209;    85.955; 
 263;     1.975;    25.198;    85.955; 
 264;     1.973;    25.191;    85.955; 
 265;     1.970;    25.183;    85.955; 
 266;     1.968;    25.176;    85.955; 
 267;     1.967;    25.170;    85.955; 
 268;     1.963;    25.158;    85.955; 
 269;     1.958;    25.140;    85.955; 
 270;     1.953;    25.127;    85.955; 
 271;     1.951;    25.119;    85.955; 
 272;     1.948;    25.112;    85.955; 
 273;     1.945;    25.101;    85.955; 
 274;     1.941;    25.090;    85.955; 
 275;     1.937;    25.077;    85.955; 
 276;     1.932;    25.064;    85.955; 
 277;     1.926;    25.049;    85.955; 
 278;     1.920;    25.035;    85.955; 
 279;     1.916;    25.024;    85.955; 
 280;     1.909;    25.008;    85.955; 
 281;     1.901;    24.993;    85.955; 
 282;     1.885;    24.964;    85.955; 
 283;     1.844;    24.913;    85.955; 
 284;     1.711;    24.841;    85.955; 
 285;     1.663;    24.835;    85.955; 
 286;     1.633;    24.834;    85.955; 
 287;     1.616;    24.834;    85.955; 
 288;     1.598;    24.835;    85.955; 
 289;     1.590;    24.836;    85.955; 
 290;     1.575;    24.837;    85.955; 
 291;     1.567;    24.837;    85.955; 
 292;     1.555;    24.838;    85.955; 
 293;     1.546;    24.838;    85.955; 
 294;     1.534;    24.839;    85.955; 
 295;     1.527;    24.839;    85.955; 
 296;     1.518;    24.840;    85.955; 
 297;     1.506;    24.840;    85.955; 
 298;     1.496;    24.841;    85.955; 
 299;     1.485;    24.841;    85.955; 
 300;     1.480;    24.841;    85.955; 
 301;     1.473;    24.842;    85.955; 
 302;     1.467;    24.841;    85.955; 
 303;     1.457;    24.841;    85.955; 
 304;     1.450;    24.841;    85.955; 
 305;     1.434;    24.841;    85.955; 
 306;     1.403;    24.844;    85.955; 
 307;     1.382;    24.846;    85.955; 
 308;     1.376;    24.847;    85.955; 
 309;     1.370;    24.847;    85.955; 
 310;     1.361;    24.848;    85.955; 
 311;     1.350;    24.849;    85.955; 
 312;     1.342;    24.850;    85.955; 
 313;     1.332;    24.851;    85.955; 
 314;     1.324;    24.851;    85.955; 
 315;     1.312;    24.852;    85.955; 
 316;     1.299;    24.853;    85.955; 
 317;     1.289;    24.854;    85.955; 
 318;     1.278;    24.855;    85.955; 
 319;     1.268;    24.856;    85.955; 
 320;     1.235;    24.861;    85.955; 
 321;     1.110;    24.923;    85.955; 
 322;     1.054;    24.991;    85.955; 
 323;     1.030;    25.043;    85.955; 
 324;     1.025;    25.057;    85.955; 
 325;     1.019;    25.074;    85.955; 
 326;     1.014;    25.091;    85.955; 
 327;     1.010;    25.108;    85.955; 
 328;     1.006;    25.125;    85.955; 
 329;     1.004;    25.132;    85.955; 
 330;     1.002;    25.144;    85.955; 
 331;     1.000;    25.148;    85.955; 
 332;      .998;    25.158;    85.955; 
 333;      .996;    25.165;    85.955; 
 334;      .990;    25.190;    85.955; 
 335;      .987;    25.207;    85.955; 
 336;      .986;    25.216;    85.955; 
 337;      .984;    25.228;    85.955; 
 338;      .981;    25.245;    85.955; 
 339;      .981;    25.247;    85.955; 
 340;      .979;    25.258;    85.955; 
 341;      .979;    25.257;    85.955; 
 342;      .977;    25.263;    85.955; 
 343;      .975;    25.272;    85.955; 
 344;      .972;    25.284;    85.955; 
 345;      .968;    25.303;    85.955; 
 346;      .967;    25.309;    85.955; 
 347;      .965;    25.318;    85.955; 
 348;      .964;    25.321;    85.955; 
 349;      .962;    25.327;    85.955; 
 350;      .957;    25.351;    85.955; 
 351;      .953;    25.371;    85.955; 
 352;      .951;    25.380;    85.955; 
 353;      .950;    25.389;    85.955; 
 354;      .948;    25.400;    85.955; 
 355;      .946;    25.407;    85.955; 
 356;      .945;    25.414;    85.955; 
 357;      .943;    25.427;    85.955; 
 358;      .940;    25.439;    85.955; 
 359;      .938;    25.453;    85.955; 
 360;      .937;    25.460;    85.955; 
 361;      .935;    25.470;    85.955; 
 362;      .934;    25.474;    85.955; 
 363;      .932;    25.482;    85.955; 
 364;      .931;    25.487;    85.955; 
 365;      .929;    25.493;    85.955; 
 366;      .926;    25.503;    85.955; 
 367;      .925;    25.509;    85.955; 
 368;      .923;    25.517;    85.955; 
 369;      .918;    25.533;    85.955; 
 370;      .915;    25.547;    85.955; 
 371;      .913;    25.555;    85.955; 
 372;      .910;    25.568;    85.955; 
 373;      .908;    25.576;    85.955; 
 374;      .907;    25.579;    85.955; 
 375;      .904;    25.587;    85.955; 
 376;      .901;    25.599;    85.955; 
 377;      .898;    25.609;    85.955; 
 378;      .893;    25.631;    85.955; 
 379;      .891;    25.640;    85.955; 
 380;      .889;    25.648;    85.955; 
 381;      .887;    25.658;    85.955; 
 382;      .885;    25.664;    85.955; 
 383;      .882;    25.678;    85.955; 
 384;      .881;    25.683;    85.955; 
 385;      .878;    25.693;    85.955; 
 386;      .875;    25.704;    85.955; 
 387;      .872;    25.716;    85.955; 
 388;      .870;    25.724;    85.955; 
 389;      .868;    25.733;    85.955; 
 390;      .866;    25.737;    85.955; 
 391;      .863;    25.748;    85.955; 
 392;      .860;    25.758;    85.955; 
 393;      .860;    25.759;    85.955; 
 394;      .856;    25.769;    85.955; 
 395;      .852;    25.784;    85.955; 
 396;      .846;    25.805;    85.955; 
 397;      .844;    25.815;    85.955; 
 398;      .842;    25.824;    85.955; 
 399;      .839;    25.833;    85.955; 
 400;      .836;    25.843;    85.955; 
 401;      .834;    25.852;    85.955; 
 402;      .832;    25.858;    85.955; 
 403;      .830;    25.866;    85.955; 
 404;      .827;    25.875;    85.955; 
 405;      .824;    25.884;    85.955; 
 406;      .822;    25.892;    85.955; 
 407;      .818;    25.903;    85.955; 
 408;      .814;    25.917;    85.955; 
 409;      .812;    25.925;    85.955; 
 410;      .809;    25.933;    85.955; 
 411;      .806;    25.945;    85.955; 
 412;      .803;    25.956;    85.955; 
 413;      .800;    25.964;    85.955; 
 414;      .797;    25.973;    85.955; 
 415;      .794;    25.983;    85.955; 
 416;      .792;    25.990;    85.955; 
 417;      .789;    25.999;    85.955; 
 418;      .784;    26.014;    85.955; 
 419;      .782;    26.023;    85.955; 
 420;      .778;    26.033;    85.955; 
 421;      .776;    26.043;    85.955; 
 422;      .772;    26.054;    85.955; 
 423;      .770;    26.061;    85.955; 
 424;      .766;    26.072;    85.955; 
 425;      .763;    26.082;    85.955; 
 426;      .760;    26.092;    85.955; 
 427;      .759;    26.094;    85.955; 
 428;      .756;    26.105;    85.955; 
 429;      .753;    26.111;    85.955; 
 430;      .749;    26.124;    85.955; 
 431;      .746;    26.133;    85.955; 
 432;      .742;    26.145;    85.955; 
 433;      .739;    26.155;    85.955; 
 434;      .734;    26.168;    85.955; 
 435;      .731;    26.178;    85.955; 
 436;      .729;    26.186;    85.955; 
 437;      .726;    26.192;    85.955; 
 438;      .723;    26.201;    85.955; 
 439;      .720;    26.210;    85.955; 
 440;      .715;    26.225;    85.955; 
 441;      .712;    26.233;    85.955; 
 442;      .710;    26.240;    85.955; 
 443;      .707;    26.247;    85.955; 
 444;      .705;    26.253;    85.955; 
 445;      .701;    26.263;    85.955; 
 446;      .699;    26.269;    85.955; 
 447;      .692;    26.289;    85.955; 
 448;      .687;    26.304;    85.955; 
 449;      .684;    26.314;    85.955; 
 450;      .680;    26.325;    85.955; 
 451;      .678;    26.333;    85.955; 
 452;      .675;    26.340;    85.955; 
 453;      .672;    26.349;    85.955; 
 454;      .668;    26.361;    85.955; 
 455;      .665;    26.369;    85.955; 
 456;      .663;    26.376;    85.955; 
 457;      .659;    26.387;    85.955; 
 458;      .657;    26.392;    85.955; 
 459;      .651;    26.407;    85.955; 
 460;      .651;    26.407;    85.955; 
 461;      .647;    26.419;    85.955; 
 462;      .640;    26.436;    85.955; 
 463;      .636;    26.448;    85.955; 
 464;      .634;    26.454;    85.955; 
 465;      .630;    26.465;    85.955; 
 466;      .628;    26.472;    85.955; 
 467;      .624;    26.481;    85.955; 
 468;      .621;    26.489;    85.955; 
 469;      .617;    26.501;    85.955; 
 470;      .613;    26.512;    85.955; 
 471;      .611;    26.515;    85.955; 
 472;      .606;    26.530;    85.955; 
 473;      .602;    26.540;    85.955; 
 474;      .599;    26.548;    85.955; 
 475;      .596;    26.557;    85.955; 
 476;      .592;    26.568;    85.955; 
 477;      .589;    26.574;    85.955; 
 478;      .584;    26.587;    85.955; 
 479;      .581;    26.595;    85.955; 
 480;      .577;    26.606;    85.955; 
 481;      .574;    26.614;    85.955; 
 482;      .569;    26.627;    85.955; 
 483;      .566;    26.636;    85.955; 
 484;      .563;    26.643;    85.955; 
 485;      .559;    26.653;    85.955; 
 486;      .555;    26.664;    85.955; 
 487;      .552;    26.673;    85.955; 
 488;      .549;    26.680;    85.955; 
 489;      .545;    26.691;    85.955; 
 490;      .542;    26.697;    85.955; 
 491;      .539;    26.705;    85.955; 
 492;      .535;    26.713;    85.955; 
 493;      .533;    26.719;    85.955; 
 494;      .528;    26.731;    85.955; 
 495;      .521;    26.747;    85.955; 
 496;      .516;    26.760;    85.955; 
 497;      .515;    26.763;    85.955; 
 498;      .511;    26.773;    85.955; 
 499;      .505;    26.787;    85.955; 
 500;      .501;    26.798;    85.955; 
 501;      .499;    26.803;    85.955; 
 502;      .496;    26.811;    85.955; 
 503;      .492;    26.818;    85.955; 
 504;      .491;    26.822;    85.955; 
 505;      .487;    26.829;    85.955; 
 506;      .484;    26.836;    85.955; 
 507;      .475;    26.857;    85.955; 
 508;      .469;    26.873;    85.955; 
 509;      .464;    26.886;    85.955; 
 510;      .460;    26.896;    85.955; 
 511;      .458;    26.900;    85.955; 
 512;      .457;    26.902;    85.955; 
 513;      .454;    26.909;    85.955; 
 514;      .446;    26.929;    85.955; 
 515;      .443;    26.937;    85.955; 
 516;      .441;    26.943;    85.955; 
 517;      .436;    26.954;    85.955; 
 518;      .433;    26.962;    85.955; 
 519;      .430;    26.967;    85.955; 
 520;      .426;    26.976;    85.955; 
 521;      .424;    26.980;    85.955; 
 522;      .420;    26.989;    85.955; 
 523;      .415;    27.000;    85.955; 
 524;      .410;    27.009;    85.955; 
 525;      .405;    27.022;    85.955; 
 526;      .401;    27.031;    85.955; 
 527;      .396;    27.040;    85.955; 
 528;      .395;    27.042;    85.955; 
 529;      .393;    27.047;    85.955; 
 530;      .392;    27.048;    85.955; 
 531;      .389;    27.052;    85.955; 
 532;      .386;    27.056;    85.955; 
 533;      .382;    27.062;    85.955; 
 534;      .379;    27.066;    85.955; 
 535;      .374;    27.073;    85.955; 
 536;      .372;    27.076;    85.955; 
 537;      .367;    27.082;    85.955; 
 538;      .366;    27.083;    85.955; 
 539;      .365;    27.083;    85.955; 
 540;      .364;    27.085;    85.955; 
 541;      .358;    27.090;    85.955; 
 542;      .348;    27.100;    85.955; 
 543;      .349;    27.099;    85.955; 
 544;      .343;    27.104;    85.955; 
 545;      .337;    27.109;    85.955; 
 546;      .326;    27.118;    85.955; 
 547;      .324;    27.119;    85.955; 
 548;      .317;    27.125;    85.955; 
 549;      .313;    27.127;    85.955; 
 550;      .308;    27.131;    85.955; 
 551;      .304;    27.133;    85.955; 
 552;      .299;    27.137;    85.955; 
 553;      .298;    27.137;    85.955; 
 554;      .294;    27.139;    85.955; 
 555;      .292;    27.139;    85.955; 
 556;      .289;    27.141;    85.955; 
 557;      .285;    27.142;    85.955; 
 558;      .284;    27.142;    85.955; 
 559;      .281;    27.143;    85.955; 
 560;      .278;    27.143;    85.955; 
 561;      .273;    27.144;    85.955; 
 562;      .264;    27.146;    85.955; 
 563;      .255;    27.148;    85.955; 
 564;      .248;    27.150;    85.955; 
 565;      .235;    27.153;    85.955; 
 566;      .220;    27.156;    85.955; 
 567;      .203;    27.161;    85.955; 
 568;      .193;    27.164;    85.955; 
 569;      .189;    27.164;    85.955; 
 570;      .187;    27.164;    85.955; 
 571;      .184;    27.165;    85.955; 
 572;      .180;    27.165;    85.955; 
 573;      .177;    27.165;    85.955; 
 574;      .175;    27.165;    85.955; 
 575;      .169;    27.166;    85.955; 
 576;      .161;    27.166;    85.955; 
 577;      .154;    27.166;    85.955; 
 578;      .146;    27.166;    85.955; 
 579;      .139;    27.166;    85.955; 
 580;      .134;    27.166;    85.955; 
 581;      .124;    27.166;    85.955; 
 582;      .120;    27.165;    85.955; 
 583;      .113;    27.165;    85.955; 
 584;      .100;    27.164;    85.955; 
 585;      .086;    27.164;    85.955; 
 586;      .071;    27.163;    85.955; 
 587;      .055;    27.163;    85.955; 
 588;      .036;    27.164;    85.955; 
 589;      .025;    27.165;    85.955; 
 590;      .017;    27.165;    85.955; 
 591;      .012;    27.165;    85.955; 
 592;      .005;    27.165;    85.955; 
 593;      .003;    27.165;    85.955; 
 594;     -.002;    27.164;    85.955; 
 595;     -.010;    27.164;    85.955; 
 596;     -.032;    27.164;    85.955; 
 597;     -.046;    27.164;    85.955; 
 598;     -.055;    27.164;    85.955; 
 599;     -.071;    27.164;    85.955; 
 600;     -.076;    27.164;    85.955; 
 601;     -.083;    27.164;    85.955; 
 602;     -.093;    27.164;    85.955; 
 603;     -.117;    27.165;    85.955; 
 604;     -.129;    27.165;    85.955; 
 605;     -.136;    27.166;    85.955; 
 606;     -.142;    27.166;    85.955; 
 607;     -.149;    27.166;    85.955; 
 608;     -.160;    27.166;    85.955; 
 609;     -.170;    27.166;    85.955; 
 610;     -.179;    27.166;    85.955; 
 611;     -.189;    27.166;    85.955; 
 612;     -.198;    27.167;    85.955; 
 613;     -.207;    27.167;    85.955; 
 614;     -.216;    27.167;    85.955; 
 615;     -.222;    27.166;    85.955; 
 616;     -.230;    27.166;    85.955; 
 617;     -.234;    27.166;    85.955; 
 618;     -.239;    27.165;    85.955; 
 619;     -.242;    27.165;    85.955; 
 620;     -.244;    27.164;    85.955; 
 621;     -.247;    27.164;    85.955; 
 622;     -.249;    27.163;    85.955; 
 623;     -.254;    27.162;    85.955; 
 624;     -.277;    27.158;    85.955; 
 625;     -.285;    27.157;    85.955; 
 626;     -.287;    27.156;    85.955; 
 627;     -.292;    27.155;    85.955; 
 628;     -.293;    27.154;    85.955; 
 629;     -.296;    27.153;    85.955; 
 630;     -.300;    27.152;    85.955; 
 631;     -.326;    27.145;    85.955; 
 632;     -.363;    27.139;    85.955; 
 633;     -.367;    27.138;    85.955; 
 634;     -.370;    27.137;    85.955; 
 635;     -.375;    27.136;    85.955; 
 636;     -.379;    27.135;    85.955; 
 637;     -.380;    27.135;    85.955; 
 638;     -.381;    27.134;    85.955; 
 639;     -.381;    27.134;    85.955; 
 640;     -.381;    27.134;    85.955; 
 641;     -.381;    27.133;    85.955; 
 642;     -.380;    27.134;    85.955; 
 643;     -.380;    27.133;    85.955; 
 644;     -.378;    27.134;    85.955; 
 645;     -.380;    27.133;    85.955; 
 646;     -.376;    27.135;    85.955; 
 647;     -.379;    27.133;    85.955; 
 648;     -.385;    27.127;    85.955; 
 649;     -.408;    27.108;    85.955; 
 650;     -.430;    27.092;    85.955; 
 651;     -.449;    27.080;    85.955; 
 652;     -.456;    27.076;    85.955; 
 653;     -.457;    27.075;    85.955; 
 654;     -.461;    27.072;    85.955; 
 655;     -.460;    27.072;    85.955; 
 656;     -.461;    27.071;    85.955; 
 657;     -.465;    27.067;    85.955; 
 658;     -.465;    27.067;    85.955; 
 659;     -.466;    27.065;    85.955; 
 660;     -.473;    27.058;    85.955; 
 661;     -.477;    27.053;    85.955; 
 662;     -.477;    27.053;    85.955; 
 663;     -.479;    27.050;    85.955; 
 664;     -.486;    27.040;    85.955; 
 665;     -.491;    27.034;    85.955; 
 666;     -.496;    27.026;    85.955; 
 667;     -.502;    27.017;    85.955; 
 668;     -.503;    27.015;    85.955; 
 669;     -.504;    27.012;    85.955; 
 670;     -.508;    27.006;    85.955; 
 671;     -.509;    27.004;    85.955; 
 672;     -.511;    26.999;    85.955; 
 673;     -.516;    26.988;    85.955; 
 674;     -.517;    26.986;    85.955; 
 675;     -.521;    26.977;    85.955; 
 676;     -.525;    26.968;    85.955; 
 677;     -.526;    26.965;    85.955; 
 678;     -.531;    26.952;    85.955; 
 679;     -.533;    26.948;    85.955; 
 680;     -.537;    26.939;    85.955; 
 681;     -.543;    26.924;    85.955; 
 682;     -.547;    26.914;    85.955; 
 683;     -.550;    26.906;    85.955; 
 684;     -.553;    26.899;    85.955; 
 685;     -.555;    26.894;    85.955; 
 686;     -.559;    26.883;    85.955; 
 687;     -.562;    26.875;    85.955; 
 688;     -.568;    26.860;    85.955; 
 689;     -.574;    26.846;    85.955; 
 690;     -.574;    26.846;    85.955; 
 691;     -.576;    26.842;    85.955; 
 692;     -.581;    26.827;    85.955; 
 693;     -.591;    26.803;    85.955; 
 694;     -.601;    26.783;    85.955; 
 695;     -.607;    26.771;    85.955; 
 696;     -.611;    26.765;    85.955; 
 697;     -.612;    26.762;    85.955; 
 698;     -.614;    26.757;    85.955; 
 699;     -.616;    26.751;    85.955; 
 700;     -.620;    26.743;    85.955; 
 701;     -.622;    26.737;    85.955; 
 702;     -.624;    26.730;    85.955; 
 703;     -.625;    26.727;    85.955; 
 704;     -.630;    26.712;    85.955; 
 705;     -.632;    26.707;    85.955; 
 706;     -.637;    26.694;    85.955; 
 707;     -.640;    26.684;    85.955; 
 708;     -.645;    26.671;    85.955; 
 709;     -.650;    26.657;    85.955; 
 710;     -.655;    26.644;    85.955; 
 711;     -.658;    26.637;    85.955; 
 712;     -.662;    26.626;    85.955; 
 713;     -.670;    26.608;    85.955; 
 714;     -.673;    26.601;    85.955; 
 715;     -.677;    26.593;    85.955; 
 716;     -.682;    26.581;    85.955; 
 717;     -.684;    26.575;    85.955; 
 718;     -.686;    26.569;    85.955; 
 719;     -.690;    26.559;    85.955; 
 720;     -.696;    26.545;    85.955; 
 721;     -.698;    26.540;    85.955; 
 722;     -.701;    26.532;    85.955; 
 723;     -.702;    26.529;    85.955; 
 724;     -.706;    26.518;    85.955; 
 725;     -.709;    26.509;    85.955; 
 726;     -.714;    26.495;    85.955; 
 727;     -.719;    26.481;    85.955; 
 728;     -.723;    26.470;    85.955; 
 729;     -.727;    26.462;    85.955; 
 730;     -.729;    26.454;    85.955; 
 731;     -.732;    26.447;    85.955; 
 732;     -.736;    26.435;    85.955; 
 733;     -.739;    26.427;    85.955; 
 734;     -.741;    26.420;    85.955; 
 735;     -.746;    26.408;    85.955; 
 736;     -.748;    26.402;    85.955; 
 737;     -.750;    26.395;    85.955; 
 738;     -.754;    26.384;    85.955; 
 739;     -.758;    26.372;    85.955; 
 740;     -.761;    26.363;    85.955; 
 741;     -.766;    26.349;    85.955; 
 742;     -.771;    26.334;    85.955; 
 743;     -.773;    26.329;    85.955; 
 744;     -.776;    26.321;    85.955; 
 745;     -.779;    26.310;    85.955; 
 746;     -.782;    26.303;    85.955; 
 747;     -.785;    26.293;    85.955; 
 748;     -.789;    26.282;    85.955; 
 749;     -.794;    26.269;    85.955; 
 750;     -.798;    26.256;    85.955; 
 751;     -.802;    26.247;    85.955; 
 752;     -.803;    26.243;    85.955; 
 753;     -.805;    26.237;    85.955; 
 754;     -.807;    26.231;    85.955; 
 755;     -.810;    26.220;    85.955; 
 756;     -.814;    26.207;    85.955; 
 757;     -.818;    26.194;    85.955; 
 758;     -.824;    26.178;    85.955; 
 759;     -.827;    26.170;    85.955; 
 760;     -.831;    26.160;    85.955; 
 761;     -.832;    26.155;    85.955; 
 762;     -.835;    26.145;    85.955; 
 763;     -.837;    26.139;    85.955; 
 764;     -.842;    26.123;    85.955; 
 765;     -.843;    26.121;    85.955; 
 766;     -.846;    26.111;    85.955; 
 767;     -.849;    26.100;    85.955; 
 768;     -.853;    26.088;    85.955; 
 769;     -.854;    26.083;    85.955; 
 770;     -.859;    26.067;    85.955; 
 771;     -.864;    26.053;    85.955; 
 772;     -.866;    26.047;    85.955; 
 773;     -.870;    26.035;    85.955; 
 774;     -.873;    26.026;    85.955; 
 775;     -.874;    26.020;    85.955; 
 776;     -.879;    26.006;    85.955; 
 777;     -.882;    25.996;    85.955; 
 778;     -.885;    25.988;    85.955; 
 779;     -.886;    25.983;    85.955; 
 780;     -.889;    25.974;    85.955; 
 781;     -.891;    25.966;    85.955; 
 782;     -.894;    25.956;    85.955; 
 783;     -.896;    25.948;    85.955; 
 784;     -.899;    25.939;    85.955; 
 785;     -.901;    25.931;    85.955; 
 786;     -.905;    25.915;    85.955; 
 787;     -.911;    25.897;    85.955; 
 788;     -.912;    25.894;    85.955; 
 789;     -.915;    25.882;    85.955; 
 790;     -.917;    25.875;    85.955; 
 791;     -.920;    25.865;    85.955; 
 792;     -.923;    25.857;    85.955; 
 793;     -.926;    25.844;    85.955; 
 794;     -.929;    25.835;    85.955; 
 795;     -.930;    25.830;    85.955; 
 796;     -.934;    25.818;    85.955; 
 797;     -.937;    25.807;    85.955; 
 798;     -.940;    25.796;    85.955; 
 799;     -.943;    25.786;    85.955; 
 800;     -.945;    25.779;    85.955; 
 801;     -.947;    25.768;    85.955; 
 802;     -.949;    25.763;    85.955; 
 803;     -.952;    25.750;    85.955; 
 804;     -.954;    25.742;    85.955; 
 805;     -.957;    25.732;    85.955; 
 806;     -.961;    25.718;    85.955; 
 807;     -.963;    25.710;    85.955; 
 808;     -.966;    25.699;    85.955; 
 809;     -.968;    25.692;    85.955; 
 810;     -.970;    25.684;    85.955; 
 811;     -.972;    25.675;    85.955; 
 812;     -.974;    25.667;    85.955; 
 813;     -.977;    25.655;    85.955; 
 814;     -.978;    25.647;    85.955; 
 815;     -.980;    25.639;    85.955; 
 816;     -.983;    25.627;    85.955; 
 817;     -.987;    25.610;    85.955; 
 818;     -.993;    25.592;    85.955; 
 819;     -.995;    25.584;    85.955; 
 820;     -.995;    25.583;    85.955; 
 821;    -1.001;    25.561;    85.955; 
 822;    -1.002;    25.557;    85.955; 
 823;    -1.006;    25.543;    85.955; 
 824;    -1.008;    25.536;    85.955; 
 825;    -1.009;    25.529;    85.955; 
 826;    -1.010;    25.524;    85.955; 
 827;    -1.012;    25.515;    85.955; 
 828;    -1.016;    25.499;    85.955; 
 829;    -1.018;    25.492;    85.955; 
 830;    -1.021;    25.482;    85.955; 
 831;    -1.023;    25.473;    85.955; 
 832;    -1.024;    25.465;    85.955; 
 833;    -1.026;    25.456;    85.955; 
 834;    -1.027;    25.450;    85.955; 
 835;    -1.029;    25.443;    85.955; 
 836;    -1.029;    25.438;    85.955; 
 837;    -1.030;    25.433;    85.955; 
 838;    -1.030;    25.434;    85.955; 
 839;    -1.030;    25.425;    85.955; 
 840;    -1.033;    25.403;    85.955; 
 841;    -1.040;    25.367;    85.955; 
 842;    -1.045;    25.349;    85.955; 
 843;    -1.047;    25.340;    85.955; 
 844;    -1.048;    25.336;    85.955; 
 845;    -1.050;    25.327;    85.955; 
 846;    -1.051;    25.323;    85.955; 
 847;    -1.052;    25.320;    85.955; 
 848;    -1.053;    25.310;    85.955; 
 849;    -1.054;    25.308;    85.955; 
 850;    -1.054;    25.305;    85.955; 
 851;    -1.054;    25.299;    85.955; 
 852;    -1.055;    25.289;    85.955; 
 853;    -1.057;    25.278;    85.955; 
 854;    -1.059;    25.262;    85.955; 
 855;    -1.060;    25.254;    85.955; 
 856;    -1.060;    25.251;    85.955; 
 857;    -1.065;    25.217;    85.955; 
 858;    -1.073;    25.187;    85.955; 
 859;    -1.076;    25.175;    85.955; 
 860;    -1.076;    25.176;    85.955; 
 861;    -1.077;    25.171;    85.955; 
 862;    -1.080;    25.157;    85.955; 
 863;    -1.085;    25.141;    85.955; 
 864;    -1.090;    25.125;    85.955; 
 865;    -1.094;    25.112;    85.955; 
 866;    -1.096;    25.107;    85.955; 
 867;    -1.096;    25.105;    85.955; 
 868;    -1.097;    25.102;    85.955; 
 869;    -1.097;    25.100;    85.955; 
 870;    -1.100;    25.085;    85.955; 
 871;    -1.106;    25.062;    85.955; 
 872;    -1.121;    25.025;    85.955; 
 873;    -1.132;    25.002;    85.955; 
 874;    -1.141;    24.985;    85.955; 
 875;    -1.225;    24.894;    85.955; 
 876;    -1.299;    24.859;    85.955; 
 877;    -1.346;    24.848;    85.955; 
 878;    -1.377;    24.845;    85.955; 
 879;    -1.389;    24.844;    85.955; 
 880;    -1.401;    24.843;    85.955; 
 881;    -1.411;    24.843;    85.955; 
 882;    -1.421;    24.842;    85.955; 
 883;    -1.432;    24.841;    85.955; 
 884;    -1.441;    24.841;    85.955; 
 885;    -1.451;    24.840;    85.955; 
 886;    -1.462;    24.839;    85.955; 
 887;    -1.474;    24.839;    85.955; 
 888;    -1.486;    24.838;    85.955; 
 889;    -1.502;    24.837;    85.955; 
 890;    -1.514;    24.837;    85.955; 
 891;    -1.525;    24.837;    85.955; 
 892;    -1.535;    24.837;    85.955; 
 893;    -1.541;    24.836;    85.955; 
 894;    -1.546;    24.836;    85.955; 
 895;    -1.549;    24.836;    85.955; 
 896;    -1.557;    24.835;    85.955; 
 897;    -1.563;    24.834;    85.955; 
 898;    -1.576;    24.833;    85.955; 
 899;    -1.593;    24.831;    85.955; 
 900;    -1.611;    24.830;    85.955; 
 901;    -1.619;    24.830;    85.955; 
 902;    -1.630;    24.829;    85.955; 
 903;    -1.641;    24.828;    85.955; 
 904;    -1.651;    24.828;    85.955; 
 905;    -1.661;    24.827;    85.955; 
 906;    -1.672;    24.826;    85.955; 
 907;    -1.681;    24.826;    85.955; 
 908;    -1.693;    24.825;    85.955; 
 909;    -1.702;    24.825;    85.955; 
 910;    -1.712;    24.824;    85.955; 
 911;    -1.744;    24.824;    85.955; 
 912;    -1.802;    24.832;    85.955; 
 913;    -1.866;    24.856;    85.955; 
 914;    -1.935;    24.905;    85.955; 
 915;    -1.994;    24.988;    85.955; 
 916;    -1.996;    24.993;    85.955; 
 917;    -2.003;    25.007;    85.955; 
 918;    -2.008;    25.019;    85.955; 
 919;    -2.013;    25.030;    85.955; 
 920;    -2.019;    25.043;    85.955; 
 921;    -2.026;    25.060;    85.955; 
 922;    -2.030;    25.072;    85.955; 
 923;    -2.036;    25.088;    85.955; 
 924;    -2.042;    25.106;    85.955; 
 925;    -2.045;    25.116;    85.955; 
 926;    -2.048;    25.126;    85.955; 
 927;    -2.051;    25.137;    85.955; 
 928;    -2.053;    25.142;    85.955; 
 929;    -2.056;    25.151;    85.955; 
 930;    -2.059;    25.158;    85.955; 
 931;    -2.061;    25.165;    85.955; 
 932;    -2.064;    25.174;    85.955; 
 933;    -2.067;    25.181;    85.955; 
 934;    -2.068;    25.184;    85.955; 
 935;    -2.072;    25.192;    85.955; 
 936;    -2.075;    25.200;    85.955; 
 937;    -2.079;    25.211;    85.955; 
 938;    -2.084;    25.223;    85.955; 
 939;    -2.090;    25.239;    85.955; 
 940;    -2.097;    25.264;    85.955; 
 941;    -2.100;    25.275;    85.955; 
 942;    -2.103;    25.283;    85.955; 
 943;    -2.106;    25.295;    85.955; 
 944;    -2.108;    25.300;    85.955; 
 945;    -2.110;    25.308;    85.955; 
 946;    -2.113;    25.317;    85.955; 
 947;    -2.115;    25.324;    85.955; 
 948;    -2.118;    25.333;    85.955; 
 949;    -2.120;    25.339;    85.955; 
 950;    -2.124;    25.350;    85.955; 
 951;    -2.127;    25.358;    85.955; 
 952;    -2.130;    25.366;    85.955; 
 953;    -2.133;    25.375;    85.955; 
 954;    -2.138;    25.388;    85.955; 
 955;    -2.140;    25.395;    85.955; 
 956;    -2.143;    25.404;    85.955; 
 957;    -2.148;    25.416;    85.955; 
 958;    -2.150;    25.424;    85.955; 
 959;    -2.154;    25.435;    85.955; 
 960;    -2.157;    25.443;    85.955; 
 961;    -2.160;    25.449;    85.955; 
 962;    -2.163;    25.458;    85.955; 
 963;    -2.165;    25.463;    85.955; 
 964;    -2.170;    25.476;    85.955; 
 965;    -2.174;    25.485;    85.955; 
 966;    -2.178;    25.496;    85.955; 
 967;    -2.184;    25.512;    85.955; 
 968;    -2.189;    25.527;    85.955; 
 969;    -2.191;    25.533;    85.955; 
 970;    -2.194;    25.540;    85.955; 
 971;    -2.197;    25.547;    85.955; 
 972;    -2.200;    25.555;    85.955; 
 973;    -2.202;    25.561;    85.955; 
 974;    -2.206;    25.570;    85.955; 
 975;    -2.209;    25.577;    85.955; 
 976;    -2.214;    25.590;    85.955; 
 977;    -2.218;    25.600;    85.955; 
 978;    -2.222;    25.610;    85.955; 
 979;    -2.228;    25.623;    85.955; 
 980;    -2.229;    25.628;    85.955; 
 981;    -2.231;    25.632;    85.955; 
 982;    -2.237;    25.644;    85.955; 
 983;    -2.239;    25.650;    85.955; 
 984;    -2.245;    25.663;    85.955; 
 985;    -2.250;    25.676;    85.955; 
 986;    -2.256;    25.691;    85.955; 
 987;    -2.260;    25.702;    85.955; 
 988;    -2.265;    25.716;    85.955; 
 989;    -2.266;    25.719;    85.955; 
 990;    -2.268;    25.724;    85.955; 
 991;    -2.271;    25.729;    85.955; 
 992;    -2.275;    25.737;    85.955; 
 993;    -2.277;    25.743;    85.955; 
 994;    -2.285;    25.760;    85.955; 
 995;    -2.288;    25.767;    85.955; 
 996;    -2.293;    25.779;    85.955; 
 997;    -2.294;    25.781;    85.955; 
 998;    -2.298;    25.789;    85.955; 
 999;    -2.304;    25.803;    85.955; 
1000;    -2.312;    25.820;    85.955; 
1001;    -2.317;    25.833;    85.955; 
1002;    -2.320;    25.841;    85.955; 
1003;    -2.324;    25.851;    85.955; 
1004;    -2.327;    25.856;    85.955; 
1005;    -2.329;    25.861;    85.955; 
1006;    -2.334;    25.873;    85.955; 
1007;    -2.339;    25.885;    85.955; 
1008;    -2.344;    25.895;    85.955; 
1009;    -2.347;    25.903;    85.955; 
1010;    -2.350;    25.911;    85.955; 
1011;    -2.357;    25.926;    85.955; 
1012;    -2.360;    25.934;    85.955; 
1013;    -2.362;    25.937;    85.955; 
1014;    -2.364;    25.942;    85.955; 
1015;    -2.365;    25.943;    85.955; 
1016;    -2.370;    25.953;    85.955; 
1017;    -2.378;    25.967;    85.955; 
1018;    -2.386;    25.985;    85.955; 
1019;    -2.387;    25.987;    85.955; 
1020;    -2.394;    26.002;    85.955; 
1021;    -2.398;    26.010;    85.955; 
1022;    -2.404;    26.024;    85.955; 
1023;    -2.408;    26.033;    85.955; 
1024;    -2.413;    26.042;    85.955; 
1025;    -2.417;    26.051;    85.955; 
1026;    -2.422;    26.063;    85.955; 
1027;    -2.425;    26.070;    85.955; 
1028;    -2.429;    26.078;    85.955; 
1029;    -2.432;    26.085;    85.955; 
1030;    -2.435;    26.090;    85.955; 
1031;    -2.440;    26.100;    85.955; 
1032;    -2.445;    26.109;    85.955; 
1033;    -2.446;    26.112;    85.955; 
1034;    -2.451;    26.121;    85.955; 
1035;    -2.460;    26.138;    85.955; 
1036;    -2.469;    26.159;    85.955; 
1037;    -2.474;    26.169;    85.955; 
1038;    -2.475;    26.171;    85.955; 
1039;    -2.475;    26.171;    85.955; 
1040;    -2.477;    26.175;    85.955; 
1041;    -2.481;    26.181;    85.955; 
1042;    -2.478;    26.177;    85.955; 
1043;    -2.489;    26.195;    85.955; 
1044;    -2.506;    26.229;    85.955; 
1045;    -2.515;    26.253;    85.955; 
1046;    -2.519;    26.262;    85.955; 
1047;    -2.520;    26.265;    85.955; 
1048;    -2.524;    26.273;    85.955; 
1049;    -2.526;    26.278;    85.955; 
1050;    -2.529;    26.285;    85.955; 
1051;    -2.532;    26.290;    85.955; 
1052;    -2.534;    26.295;    85.955; 
1053;    -2.537;    26.300;    85.955; 
1054;    -2.543;    26.311;    85.955; 
1055;    -2.547;    26.319;    85.955; 
1056;    -2.555;    26.335;    85.955; 
1057;    -2.559;    26.344;    85.955; 
1058;    -2.563;    26.352;    85.955; 
1059;    -2.568;    26.362;    85.955; 
1060;    -2.574;    26.373;    85.955; 
1061;    -2.576;    26.379;    85.955; 
1062;    -2.581;    26.388;    85.955; 
1063;    -2.585;    26.395;    85.955; 
1064;    -2.589;    26.404;    85.955; 
1065;    -2.593;    26.411;    85.955; 
1066;    -2.598;    26.419;    85.955; 
1067;    -2.602;    26.427;    85.955; 
1068;    -2.609;    26.439;    85.955; 
1069;    -2.614;    26.450;    85.955; 
1070;    -2.617;    26.455;    85.955; 
1071;    -2.622;    26.463;    85.955; 
1072;    -2.628;    26.475;    85.955; 
1073;    -2.633;    26.484;    85.955; 
1074;    -2.640;    26.497;    85.955; 
1075;    -2.642;    26.501;    85.955; 
1076;    -2.649;    26.513;    85.955; 
1077;    -2.652;    26.519;    85.955; 
1078;    -2.656;    26.527;    85.955; 
1079;    -2.662;    26.537;    85.955; 
1080;    -2.667;    26.545;    85.955; 
1081;    -2.670;    26.550;    85.955; 
1082;    -2.673;    26.555;    85.955; 
1083;    -2.679;    26.565;    85.955; 
1084;    -2.685;    26.575;    85.955; 
1085;    -2.697;    26.596;    85.955; 
1086;    -2.702;    26.608;    85.955; 
1087;    -2.708;    26.618;    85.955; 
1088;    -2.712;    26.627;    85.955; 
1089;    -2.713;    26.628;    85.955; 
1090;    -2.716;    26.634;    85.955; 
1091;    -2.724;    26.647;    85.955; 
1092;    -2.729;    26.657;    85.955; 
1093;    -2.736;    26.670;    85.955; 
1094;    -2.741;    26.679;    85.955; 
1095;    -2.744;    26.684;    85.955; 
1096;    -2.748;    26.691;    85.955; 
1097;    -2.753;    26.700;    85.955; 
1098;    -2.756;    26.706;    85.955; 
1099;    -2.762;    26.716;    85.955; 
1100;    -2.766;    26.723;    85.955; 
1101;    -2.772;    26.732;    85.955; 
1102;    -2.778;    26.742;    85.955; 
1103;    -2.782;    26.750;    85.955; 
1104;    -2.789;    26.762;    85.955; 
1105;    -2.792;    26.767;    85.955; 
1106;    -2.799;    26.779;    85.955; 
1107;    -2.803;    26.785;    85.955; 
1108;    -2.808;    26.793;    85.955; 
1109;    -2.814;    26.803;    85.955; 
1110;    -2.820;    26.814;    85.955; 
1111;    -2.830;    26.833;    85.955; 
1112;    -2.833;    26.838;    85.955; 
1113;    -2.837;    26.844;    85.955; 
1114;    -2.840;    26.851;    85.955; 
1115;    -2.844;    26.856;    85.955; 
1116;    -2.847;    26.862;    85.955; 
1117;    -2.850;    26.865;    85.955; 
1118;    -2.856;    26.874;    85.955; 
1119;    -2.862;    26.883;    85.955; 
1120;    -2.869;    26.894;    85.955; 
1121;    -2.874;    26.902;    85.955; 
1122;    -2.876;    26.905;    85.955; 
1123;    -2.880;    26.911;    85.955; 
1124;    -2.881;    26.912;    85.955; 
1125;    -2.887;    26.919;    85.955; 
1126;    -2.891;    26.923;    85.955; 
1127;    -2.891;    26.923;    85.955; 
1128;    -2.897;    26.930;    85.955; 
1129;    -2.904;    26.937;    85.955; 
1130;    -2.907;    26.940;    85.955; 
1131;    -2.908;    26.941;    85.955; 
1132;    -2.912;    26.944;    85.955; 
1133;    -2.914;    26.945;    85.955; 
1134;    -2.916;    26.947;    85.955; 
1135;    -2.919;    26.949;    85.955; 
1136;    -2.922;    26.951;    85.955; 
1137;    -2.922;    26.950;    85.955; 
1138;    -2.928;    26.953;    85.955; 
1139;    -2.935;    26.957;    85.955; 
1140;    -2.935;    26.957;    85.955; 
1141;    -2.948;    26.963;    85.955; 
1142;    -2.956;    26.967;    85.955; 
1143;    -2.961;    26.969;    85.955; 
1144;    -2.965;    26.971;    85.955; 
1145;    -2.972;    26.973;    85.955; 
1146;    -2.971;    26.973;    85.955; 
1147;    -2.974;    26.974;    85.955; 
1148;    -2.977;    26.974;    85.955; 
1149;    -2.978;    26.974;    85.955; 
1150;    -2.984;    26.976;    85.955; 
1151;    -2.992;    26.977;    85.955; 
1152;    -3.000;    26.979;    85.955; 
1153;    -3.009;    26.980;    85.955; 
1154;    -3.015;    26.981;    85.955; 
1155;    -3.019;    26.982;    85.955; 
1156;    -3.026;    26.983;    85.955; 
1157;    -3.029;    26.983;    85.955; 
1158;    -3.032;    26.983;    85.955; 
1159;    -3.032;    26.983;    85.955; 
1160;    -3.033;    26.982;    85.955; 
1161;    -3.049;    26.982;    85.955; 
1162;    -3.068;    26.983;    85.955; 
1163;    -3.077;    26.983;    85.955; 
1164;    -3.080;    26.983;    85.955; 
1165;    -3.093;    26.983;    85.955; 
1166;    -3.098;    26.983;    85.955; 
1167;    -3.105;    26.983;    85.955; 
1168;    -3.109;    26.983;    85.955; 
1169;    -3.115;    26.983;    85.955; 
1170;    -3.118;    26.982;    85.955; 
1171;    -3.125;    26.982;    85.955; 
1172;    -3.132;    26.981;    85.955; 
1173;    -3.137;    26.980;    85.955; 
1174;    -3.145;    26.979;    85.955; 
1175;    -3.156;    26.977;    85.955; 
1176;    -3.170;    26.975;    85.955; 
1177;    -3.185;    26.974;    85.955; 
1178;    -3.196;    26.972;    85.955; 
1179;    -3.203;    26.972;    85.955; 
1180;    -3.214;    26.970;    85.955; 
1181;    -3.223;    26.969;    85.955; 
1182;    -3.233;    26.968;    85.955; 
1183;    -3.243;    26.967;    85.955; 
1184;    -3.251;    26.966;    85.955; 
1185;    -3.256;    26.965;    85.955; 
1186;    -3.268;    26.963;    85.955; 
1187;    -3.279;    26.961;    85.955; 
1188;    -3.285;    26.960;    85.955; 
1189;    -3.301;    26.958;    85.955; 
1190;    -3.316;    26.956;    85.955; 
1191;    -3.327;    26.955;    85.955; 
1192;    -3.340;    26.954;    85.955; 
1193;    -3.351;    26.952;    85.955; 
1194;    -3.358;    26.952;    85.955; 
1195;    -3.369;    26.950;    85.955; 
1196;    -3.377;    26.949;    85.955; 
1197;    -3.388;    26.948;    85.955; 
1198;    -3.399;    26.947;    85.955; 
1199;    -3.407;    26.946;    85.955; 
1200;    -3.416;    26.944;    85.955; 
1201;    -3.425;    26.943;    85.955; 
1202;    -3.434;    26.942;    85.955; 
1203;    -3.443;    26.941;    85.955; 
1204;    -3.449;    26.939;    85.955; 
