[A]
   1;     3.187;    26.960;    85.948; 
   2;     3.177;    26.961;    85.948; 
   3;     3.166;    26.963;    85.948; 
   4;     3.157;    26.964;    85.948; 
   5;     3.148;    26.965;    85.948; 
   6;     3.142;    26.965;    85.948; 
   7;     3.129;    26.967;    85.948; 
   8;     3.117;    26.968;    85.948; 
   9;     3.107;    26.969;    85.948; 
  10;     3.094;    26.971;    85.948; 
  11;     3.086;    26.972;    85.948; 
  12;     3.079;    26.972;    85.948; 
  13;     3.070;    26.973;    85.948; 
  14;     3.057;    26.974;    85.948; 
  15;     3.043;    26.976;    85.948; 
  16;     3.034;    26.977;    85.948; 
  17;     3.027;    26.978;    85.948; 
  18;     3.021;    26.978;    85.948; 
  19;     3.016;    26.978;    85.948; 
  20;     3.010;    26.978;    85.948; 
  21;     3.003;    26.979;    85.948; 
  22;     2.996;    26.979;    85.948; 
  23;     2.993;    26.978;    85.948; 
  24;     2.989;    26.978;    85.948; 
  25;     2.985;    26.977;    85.948; 
  26;     2.978;    26.977;    85.948; 
  27;     2.973;    26.976;    85.948; 
  28;     2.971;    26.975;    85.948; 
  29;     2.966;    26.975;    85.948; 
  30;     2.962;    26.973;    85.948; 
  31;     2.956;    26.972;    85.948; 
  32;     2.947;    26.970;    85.948; 
  33;     2.942;    26.968;    85.948; 
  34;     2.939;    26.967;    85.948; 
  35;     2.936;    26.966;    85.948; 
  36;     2.933;    26.965;    85.948; 
  37;     2.930;    26.963;    85.948; 
  38;     2.929;    26.963;    85.948; 
  39;     2.924;    26.960;    85.948; 
  40;     2.922;    26.959;    85.948; 
  41;     2.919;    26.957;    85.948; 
  42;     2.917;    26.955;    85.948; 
  43;     2.913;    26.953;    85.948; 
  44;     2.914;    26.953;    85.948; 
  45;     2.911;    26.951;    85.948; 
  46;     2.910;    26.949;    85.948; 
  47;     2.903;    26.943;    85.948; 
  48;     2.892;    26.934;    85.948; 
  49;     2.884;    26.928;    85.948; 
  50;     2.880;    26.924;    85.948; 
  51;     2.870;    26.915;    85.948; 
  52;     2.869;    26.915;    85.948; 
  53;     2.860;    26.906;    85.948; 
  54;     2.852;    26.899;    85.948; 
  55;     2.843;    26.892;    85.948; 
  56;     2.839;    26.888;    85.948; 
  57;     2.834;    26.883;    85.948; 
  58;     2.831;    26.880;    85.948; 
  59;     2.831;    26.879;    85.948; 
  60;     2.823;    26.870;    85.948; 
  61;     2.821;    26.868;    85.948; 
  62;     2.819;    26.865;    85.948; 
  63;     2.815;    26.859;    85.948; 
  64;     2.814;    26.857;    85.948; 
  65;     2.810;    26.850;    85.948; 
  66;     2.807;    26.845;    85.948; 
  67;     2.804;    26.840;    85.948; 
  68;     2.797;    26.829;    85.948; 
  69;     2.793;    26.822;    85.948; 
  70;     2.789;    26.814;    85.948; 
  71;     2.786;    26.809;    85.948; 
  72;     2.780;    26.799;    85.948; 
  73;     2.775;    26.789;    85.948; 
  74;     2.768;    26.777;    85.948; 
  75;     2.764;    26.769;    85.948; 
  76;     2.756;    26.755;    85.948; 
  77;     2.750;    26.746;    85.948; 
  78;     2.747;    26.740;    85.948; 
  79;     2.741;    26.729;    85.948; 
  80;     2.735;    26.719;    85.948; 
  81;     2.731;    26.712;    85.948; 
  82;     2.725;    26.702;    85.948; 
  83;     2.721;    26.694;    85.948; 
  84;     2.717;    26.686;    85.948; 
  85;     2.711;    26.675;    85.948; 
  86;     2.706;    26.667;    85.948; 
  87;     2.700;    26.655;    85.948; 
  88;     2.696;    26.648;    85.948; 
  89;     2.695;    26.646;    85.948; 
  90;     2.687;    26.632;    85.948; 
  91;     2.682;    26.622;    85.948; 
  92;     2.676;    26.611;    85.948; 
  93;     2.667;    26.595;    85.948; 
  94;     2.662;    26.587;    85.948; 
  95;     2.659;    26.582;    85.948; 
  96;     2.656;    26.576;    85.948; 
  97;     2.649;    26.564;    85.948; 
  98;     2.645;    26.556;    85.948; 
  99;     2.641;    26.548;    85.948; 
 100;     2.638;    26.542;    85.948; 
 101;     2.635;    26.535;    85.948; 
 102;     2.630;    26.525;    85.948; 
 103;     2.622;    26.510;    85.948; 
 104;     2.616;    26.499;    85.948; 
 105;     2.610;    26.488;    85.948; 
 106;     2.608;    26.483;    85.948; 
 107;     2.602;    26.471;    85.948; 
 108;     2.598;    26.463;    85.948; 
 109;     2.592;    26.452;    85.948; 
 110;     2.588;    26.445;    85.948; 
 111;     2.584;    26.437;    85.948; 
 112;     2.576;    26.421;    85.948; 
 113;     2.573;    26.416;    85.948; 
 114;     2.567;    26.405;    85.948; 
 115;     2.562;    26.396;    85.948; 
 116;     2.558;    26.387;    85.948; 
 117;     2.554;    26.380;    85.948; 
 118;     2.551;    26.373;    85.948; 
 119;     2.548;    26.367;    85.948; 
 120;     2.541;    26.353;    85.948; 
 121;     2.534;    26.341;    85.948; 
 122;     2.531;    26.334;    85.948; 
 123;     2.527;    26.326;    85.948; 
 124;     2.522;    26.315;    85.948; 
 125;     2.515;    26.303;    85.948; 
 126;     2.511;    26.294;    85.948; 
 127;     2.507;    26.287;    85.948; 
 128;     2.503;    26.279;    85.948; 
 129;     2.499;    26.270;    85.948; 
 130;     2.494;    26.261;    85.948; 
 131;     2.490;    26.252;    85.948; 
 132;     2.485;    26.241;    85.948; 
 133;     2.479;    26.231;    85.948; 
 134;     2.476;    26.224;    85.948; 
 135;     2.471;    26.214;    85.948; 
 136;     2.467;    26.206;    85.948; 
 137;     2.463;    26.198;    85.948; 
 138;     2.458;    26.186;    85.948; 
 139;     2.453;    26.177;    85.948; 
 140;     2.447;    26.164;    85.948; 
 141;     2.444;    26.159;    85.948; 
 142;     2.440;    26.150;    85.948; 
 143;     2.435;    26.141;    85.948; 
 144;     2.432;    26.133;    85.948; 
 145;     2.426;    26.122;    85.948; 
 146;     2.423;    26.114;    85.948; 
 147;     2.419;    26.106;    85.948; 
 148;     2.413;    26.093;    85.948; 
 149;     2.409;    26.085;    85.948; 
 150;     2.405;    26.077;    85.948; 
 151;     2.399;    26.064;    85.948; 
 152;     2.396;    26.057;    85.948; 
 153;     2.391;    26.046;    85.948; 
 154;     2.388;    26.040;    85.948; 
 155;     2.381;    26.025;    85.948; 
 156;     2.379;    26.021;    85.948; 
 157;     2.373;    26.009;    85.948; 
 158;     2.367;    25.997;    85.948; 
 159;     2.366;    25.993;    85.948; 
 160;     2.361;    25.982;    85.948; 
 161;     2.357;    25.974;    85.948; 
 162;     2.352;    25.963;    85.948; 
 163;     2.349;    25.955;    85.948; 
 164;     2.344;    25.945;    85.948; 
 165;     2.341;    25.938;    85.948; 
 166;     2.338;    25.932;    85.948; 
 167;     2.332;    25.917;    85.948; 
 168;     2.327;    25.907;    85.948; 
 169;     2.324;    25.899;    85.948; 
 170;     2.319;    25.888;    85.948; 
 171;     2.316;    25.881;    85.948; 
 172;     2.311;    25.870;    85.948; 
 173;     2.309;    25.864;    85.948; 
 174;     2.303;    25.851;    85.948; 
 175;     2.300;    25.843;    85.948; 
 176;     2.295;    25.832;    85.948; 
 177;     2.293;    25.827;    85.948; 
 178;     2.290;    25.819;    85.948; 
 179;     2.286;    25.808;    85.948; 
 180;     2.280;    25.796;    85.948; 
 181;     2.277;    25.789;    85.948; 
 182;     2.271;    25.774;    85.948; 
 183;     2.268;    25.766;    85.948; 
 184;     2.266;    25.760;    85.948; 
 185;     2.263;    25.754;    85.948; 
 186;     2.261;    25.747;    85.948; 
 187;     2.253;    25.729;    85.948; 
 188;     2.245;    25.710;    85.948; 
 189;     2.238;    25.696;    85.948; 
 190;     2.235;    25.690;    85.948; 
 191;     2.232;    25.682;    85.948; 
 192;     2.228;    25.674;    85.948; 
 193;     2.225;    25.666;    85.948; 
 194;     2.222;    25.660;    85.948; 
 195;     2.219;    25.652;    85.948; 
 196;     2.216;    25.644;    85.948; 
 197;     2.213;    25.635;    85.948; 
 198;     2.209;    25.626;    85.948; 
 199;     2.206;    25.618;    85.948; 
 200;     2.201;    25.604;    85.948; 
 201;     2.197;    25.594;    85.948; 
 202;     2.193;    25.584;    85.948; 
 203;     2.190;    25.575;    85.948; 
 204;     2.186;    25.565;    85.948; 
 205;     2.182;    25.555;    85.948; 
 206;     2.178;    25.546;    85.948; 
 207;     2.174;    25.536;    85.948; 
 208;     2.168;    25.521;    85.948; 
 209;     2.166;    25.516;    85.948; 
 210;     2.163;    25.508;    85.948; 
 211;     2.157;    25.491;    85.948; 
 212;     2.154;    25.484;    85.948; 
 213;     2.150;    25.475;    85.948; 
 214;     2.148;    25.468;    85.948; 
 215;     2.145;    25.459;    85.948; 
 216;     2.140;    25.446;    85.948; 
 217;     2.137;    25.439;    85.948; 
 218;     2.133;    25.427;    85.948; 
 219;     2.130;    25.420;    85.948; 
 220;     2.126;    25.410;    85.948; 
 221;     2.124;    25.402;    85.948; 
 222;     2.120;    25.393;    85.948; 
 223;     2.116;    25.381;    85.948; 
 224;     2.113;    25.371;    85.948; 
 225;     2.110;    25.363;    85.948; 
 226;     2.107;    25.353;    85.948; 
 227;     2.105;    25.348;    85.948; 
 228;     2.103;    25.340;    85.948; 
 229;     2.100;    25.332;    85.948; 
 230;     2.098;    25.325;    85.948; 
 231;     2.096;    25.318;    85.948; 
 232;     2.091;    25.301;    85.948; 
 233;     2.086;    25.284;    85.948; 
 234;     2.077;    25.262;    85.948; 
 235;     2.073;    25.253;    85.948; 
 236;     2.070;    25.243;    85.948; 
 237;     2.070;    25.243;    85.948; 
 238;     2.067;    25.236;    85.948; 
 239;     2.064;    25.225;    85.948; 
 240;     2.062;    25.218;    85.948; 
 241;     2.059;    25.210;    85.948; 
 242;     2.058;    25.203;    85.948; 
 243;     2.055;    25.193;    85.948; 
 244;     2.048;    25.174;    85.948; 
 245;     2.045;    25.163;    85.948; 
 246;     2.041;    25.151;    85.948; 
 247;     2.038;    25.142;    85.948; 
 248;     2.037;    25.139;    85.948; 
 249;     2.037;    25.137;    85.948; 
 250;     2.036;    25.133;    85.948; 
 251;     2.033;    25.119;    85.948; 
 252;     2.024;    25.090;    85.948; 
 253;     2.015;    25.065;    85.948; 
 254;     2.011;    25.055;    85.948; 
 255;     2.006;    25.041;    85.948; 
 256;     2.002;    25.033;    85.948; 
 257;     2.001;    25.029;    85.948; 
 258;     1.995;    25.014;    85.948; 
 259;     1.990;    25.001;    85.948; 
 260;     1.985;    24.991;    85.948; 
 261;     1.977;    24.972;    85.948; 
 262;     1.968;    24.955;    85.948; 
 263;     1.949;    24.924;    85.948; 
 264;     1.925;    24.893;    85.948; 
 265;     1.806;    24.815;    85.948; 
 266;     1.732;    24.801;    85.948; 
 267;     1.705;    24.801;    85.948; 
 268;     1.689;    24.801;    85.948; 
 269;     1.678;    24.801;    85.948; 
 270;     1.667;    24.801;    85.948; 
 271;     1.656;    24.802;    85.948; 
 272;     1.643;    24.802;    85.948; 
 273;     1.628;    24.803;    85.948; 
 274;     1.613;    24.804;    85.948; 
 275;     1.603;    24.805;    85.948; 
 276;     1.593;    24.805;    85.948; 
 277;     1.583;    24.806;    85.948; 
 278;     1.570;    24.807;    85.948; 
 279;     1.559;    24.808;    85.948; 
 280;     1.546;    24.809;    85.948; 
 281;     1.536;    24.809;    85.948; 
 282;     1.529;    24.810;    85.948; 
 283;     1.526;    24.810;    85.948; 
 284;     1.519;    24.810;    85.948; 
 285;     1.515;    24.810;    85.948; 
 286;     1.507;    24.810;    85.948; 
 287;     1.493;    24.810;    85.948; 
 288;     1.478;    24.810;    85.948; 
 289;     1.456;    24.812;    85.948; 
 290;     1.443;    24.813;    85.948; 
 291;     1.434;    24.813;    85.948; 
 292;     1.420;    24.815;    85.948; 
 293;     1.405;    24.816;    85.948; 
 294;     1.391;    24.818;    85.948; 
 295;     1.382;    24.819;    85.948; 
 296;     1.376;    24.820;    85.948; 
 297;     1.372;    24.820;    85.948; 
 298;     1.362;    24.821;    85.948; 
 299;     1.349;    24.822;    85.948; 
 300;     1.327;    24.824;    85.948; 
 301;     1.281;    24.835;    85.948; 
 302;     1.189;    24.883;    85.948; 
 303;     1.105;    24.999;    85.948; 
 304;     1.100;    25.014;    85.948; 
 305;     1.096;    25.023;    85.948; 
 306;     1.093;    25.030;    85.948; 
 307;     1.090;    25.039;    85.948; 
 308;     1.084;    25.057;    85.948; 
 309;     1.076;    25.081;    85.948; 
 310;     1.071;    25.104;    85.948; 
 311;     1.067;    25.124;    85.948; 
 312;     1.065;    25.136;    85.948; 
 313;     1.064;    25.141;    85.948; 
 314;     1.062;    25.149;    85.948; 
 315;     1.060;    25.156;    85.948; 
 316;     1.058;    25.163;    85.948; 
 317;     1.056;    25.175;    85.948; 
 318;     1.053;    25.186;    85.948; 
 319;     1.050;    25.201;    85.948; 
 320;     1.047;    25.220;    85.948; 
 321;     1.044;    25.237;    85.948; 
 322;     1.043;    25.244;    85.948; 
 323;     1.041;    25.255;    85.948; 
 324;     1.039;    25.264;    85.948; 
 325;     1.038;    25.274;    85.948; 
 326;     1.036;    25.281;    85.948; 
 327;     1.035;    25.291;    85.948; 
 328;     1.032;    25.303;    85.948; 
 329;     1.030;    25.315;    85.948; 
 330;     1.028;    25.327;    85.948; 
 331;     1.026;    25.337;    85.948; 
 332;     1.025;    25.345;    85.948; 
 333;     1.024;    25.348;    85.948; 
 334;     1.022;    25.358;    85.948; 
 335;     1.021;    25.364;    85.948; 
 336;     1.019;    25.371;    85.948; 
 337;     1.017;    25.380;    85.948; 
 338;     1.014;    25.394;    85.948; 
 339;     1.011;    25.407;    85.948; 
 340;     1.007;    25.429;    85.948; 
 341;     1.005;    25.438;    85.948; 
 342;     1.003;    25.449;    85.948; 
 343;     1.003;    25.449;    85.948; 
 344;     1.000;    25.462;    85.948; 
 345;      .999;    25.467;    85.948; 
 346;      .997;    25.477;    85.948; 
 347;      .994;    25.488;    85.948; 
 348;      .992;    25.497;    85.948; 
 349;      .989;    25.507;    85.948; 
 350;      .987;    25.519;    85.948; 
 351;      .985;    25.522;    85.948; 
 352;      .983;    25.532;    85.948; 
 353;      .980;    25.544;    85.948; 
 354;      .977;    25.556;    85.948; 
 355;      .975;    25.561;    85.948; 
 356;      .973;    25.570;    85.948; 
 357;      .969;    25.582;    85.948; 
 358;      .967;    25.588;    85.948; 
 359;      .965;    25.596;    85.948; 
 360;      .961;    25.609;    85.948; 
 361;      .959;    25.616;    85.948; 
 362;      .954;    25.632;    85.948; 
 363;      .952;    25.640;    85.948; 
 364;      .949;    25.652;    85.948; 
 365;      .946;    25.663;    85.948; 
 366;      .943;    25.676;    85.948; 
 367;      .939;    25.693;    85.948; 
 368;      .937;    25.700;    85.948; 
 369;      .933;    25.719;    85.948; 
 370;      .932;    25.724;    85.948; 
 371;      .930;    25.730;    85.948; 
 372;      .928;    25.738;    85.948; 
 373;      .927;    25.743;    85.948; 
 374;      .924;    25.753;    85.948; 
 375;      .921;    25.762;    85.948; 
 376;      .919;    25.770;    85.948; 
 377;      .916;    25.782;    85.948; 
 378;      .913;    25.791;    85.948; 
 379;      .909;    25.803;    85.948; 
 380;      .906;    25.817;    85.948; 
 381;      .903;    25.825;    85.948; 
 382;      .900;    25.836;    85.948; 
 383;      .898;    25.846;    85.948; 
 384;      .895;    25.854;    85.948; 
 385;      .893;    25.864;    85.948; 
 386;      .889;    25.875;    85.948; 
 387;      .887;    25.885;    85.948; 
 388;      .884;    25.895;    85.948; 
 389;      .882;    25.902;    85.948; 
 390;      .879;    25.911;    85.948; 
 391;      .877;    25.918;    85.948; 
 392;      .873;    25.929;    85.948; 
 393;      .870;    25.937;    85.948; 
 394;      .867;    25.948;    85.948; 
 395;      .864;    25.959;    85.948; 
 396;      .861;    25.967;    85.948; 
 397;      .858;    25.978;    85.948; 
 398;      .854;    25.989;    85.948; 
 399;      .851;    26.001;    85.948; 
 400;      .849;    26.007;    85.948; 
 401;      .845;    26.019;    85.948; 
 402;      .841;    26.032;    85.948; 
 403;      .839;    26.039;    85.948; 
 404;      .836;    26.047;    85.948; 
 405;      .834;    26.052;    85.948; 
 406;      .831;    26.062;    85.948; 
 407;      .826;    26.076;    85.948; 
 408;      .823;    26.087;    85.948; 
 409;      .820;    26.096;    85.948; 
 410;      .816;    26.108;    85.948; 
 411;      .814;    26.116;    85.948; 
 412;      .810;    26.128;    85.948; 
 413;      .807;    26.135;    85.948; 
 414;      .804;    26.144;    85.948; 
 415;      .801;    26.153;    85.948; 
 416;      .798;    26.163;    85.948; 
 417;      .794;    26.173;    85.948; 
 418;      .790;    26.185;    85.948; 
 419;      .789;    26.188;    85.948; 
 420;      .785;    26.200;    85.948; 
 421;      .782;    26.207;    85.948; 
 422;      .779;    26.214;    85.948; 
 423;      .774;    26.229;    85.948; 
 424;      .771;    26.237;    85.948; 
 425;      .768;    26.246;    85.948; 
 426;      .765;    26.253;    85.948; 
 427;      .761;    26.262;    85.948; 
 428;      .756;    26.277;    85.948; 
 429;      .750;    26.294;    85.948; 
 430;      .746;    26.304;    85.948; 
 431;      .742;    26.317;    85.948; 
 432;      .739;    26.326;    85.948; 
 433;      .736;    26.335;    85.948; 
 434;      .733;    26.345;    85.948; 
 435;      .729;    26.355;    85.948; 
 436;      .726;    26.366;    85.948; 
 437;      .722;    26.376;    85.948; 
 438;      .720;    26.384;    85.948; 
 439;      .716;    26.393;    85.948; 
 440;      .715;    26.397;    85.948; 
 441;      .710;    26.409;    85.948; 
 442;      .707;    26.416;    85.948; 
 443;      .704;    26.424;    85.948; 
 444;      .699;    26.437;    85.948; 
 445;      .693;    26.455;    85.948; 
 446;      .692;    26.458;    85.948; 
 447;      .687;    26.470;    85.948; 
 448;      .685;    26.477;    85.948; 
 449;      .680;    26.491;    85.948; 
 450;      .675;    26.503;    85.948; 
 451;      .673;    26.509;    85.948; 
 452;      .669;    26.519;    85.948; 
 453;      .666;    26.528;    85.948; 
 454;      .663;    26.535;    85.948; 
 455;      .659;    26.547;    85.948; 
 456;      .659;    26.547;    85.948; 
 457;      .653;    26.561;    85.948; 
 458;      .649;    26.570;    85.948; 
 459;      .645;    26.581;    85.948; 
 460;      .641;    26.589;    85.948; 
 461;      .637;    26.599;    85.948; 
 462;      .633;    26.609;    85.948; 
 463;      .627;    26.625;    85.948; 
 464;      .624;    26.634;    85.948; 
 465;      .620;    26.643;    85.948; 
 466;      .616;    26.654;    85.948; 
 467;      .612;    26.665;    85.948; 
 468;      .609;    26.671;    85.948; 
 469;      .605;    26.682;    85.948; 
 470;      .602;    26.692;    85.948; 
 471;      .598;    26.700;    85.948; 
 472;      .594;    26.710;    85.948; 
 473;      .591;    26.719;    85.948; 
 474;      .588;    26.726;    85.948; 
 475;      .584;    26.736;    85.948; 
 476;      .580;    26.747;    85.948; 
 477;      .577;    26.755;    85.948; 
 478;      .573;    26.765;    85.948; 
 479;      .568;    26.776;    85.948; 
 480;      .564;    26.786;    85.948; 
 481;      .561;    26.794;    85.948; 
 482;      .557;    26.803;    85.948; 
 483;      .554;    26.810;    85.948; 
 484;      .550;    26.819;    85.948; 
 485;      .546;    26.828;    85.948; 
 486;      .542;    26.839;    85.948; 
 487;      .537;    26.851;    85.948; 
 488;      .531;    26.864;    85.948; 
 489;      .528;    26.872;    85.948; 
 490;      .523;    26.884;    85.948; 
 491;      .519;    26.894;    85.948; 
 492;      .517;    26.898;    85.948; 
 493;      .514;    26.905;    85.948; 
 494;      .511;    26.911;    85.948; 
 495;      .506;    26.922;    85.948; 
 496;      .504;    26.927;    85.948; 
 497;      .499;    26.936;    85.948; 
 498;      .496;    26.943;    85.948; 
 499;      .493;    26.949;    85.948; 
 500;      .489;    26.956;    85.948; 
 501;      .488;    26.956;    85.948; 
 502;      .479;    26.972;    85.948; 
 503;      .468;    26.995;    85.948; 
 504;      .458;    27.020;    85.948; 
 505;      .454;    27.030;    85.948; 
 506;      .452;    27.034;    85.948; 
 507;      .450;    27.037;    85.948; 
 508;      .449;    27.038;    85.948; 
 509;      .447;    27.042;    85.948; 
 510;      .446;    27.044;    85.948; 
 511;      .445;    27.045;    85.948; 
 512;      .438;    27.055;    85.948; 
 513;      .437;    27.057;    85.948; 
 514;      .435;    27.059;    85.948; 
 515;      .431;    27.063;    85.948; 
 516;      .429;    27.066;    85.948; 
 517;      .426;    27.069;    85.948; 
 518;      .419;    27.077;    85.948; 
 519;      .416;    27.080;    85.948; 
 520;      .416;    27.080;    85.948; 
 521;      .408;    27.087;    85.948; 
 522;      .407;    27.088;    85.948; 
 523;      .402;    27.092;    85.948; 
 524;      .398;    27.095;    85.948; 
 525;      .396;    27.096;    85.948; 
 526;      .389;    27.100;    85.948; 
 527;      .387;    27.102;    85.948; 
 528;      .379;    27.107;    85.948; 
 529;      .373;    27.110;    85.948; 
 530;      .369;    27.112;    85.948; 
 531;      .360;    27.117;    85.948; 
 532;      .354;    27.120;    85.948; 
 533;      .350;    27.122;    85.948; 
 534;      .343;    27.125;    85.948; 
 535;      .340;    27.126;    85.948; 
 536;      .333;    27.128;    85.948; 
 537;      .327;    27.130;    85.948; 
 538;      .322;    27.131;    85.948; 
 539;      .318;    27.132;    85.948; 
 540;      .313;    27.133;    85.948; 
 541;      .306;    27.134;    85.948; 
 542;      .300;    27.134;    85.948; 
 543;      .296;    27.135;    85.948; 
 544;      .288;    27.135;    85.948; 
 545;      .282;    27.136;    85.948; 
 546;      .275;    27.136;    85.948; 
 547;      .270;    27.136;    85.948; 
 548;      .260;    27.136;    85.948; 
 549;      .248;    27.137;    85.948; 
 550;      .239;    27.137;    85.948; 
 551;      .230;    27.137;    85.948; 
 552;      .223;    27.137;    85.948; 
 553;      .214;    27.137;    85.948; 
 554;      .206;    27.137;    85.948; 
 555;      .195;    27.137;    85.948; 
 556;      .187;    27.137;    85.948; 
 557;      .179;    27.137;    85.948; 
 558;      .165;    27.137;    85.948; 
 559;      .148;    27.137;    85.948; 
 560;      .138;    27.137;    85.948; 
 561;      .128;    27.137;    85.948; 
 562;      .120;    27.137;    85.948; 
 563;      .110;    27.137;    85.948; 
 564;      .100;    27.137;    85.948; 
 565;      .088;    27.137;    85.948; 
 566;      .078;    27.137;    85.948; 
 567;      .069;    27.137;    85.948; 
 568;      .060;    27.137;    85.948; 
 569;      .049;    27.137;    85.948; 
 570;      .039;    27.137;    85.948; 
 571;      .032;    27.137;    85.948; 
 572;      .019;    27.137;    85.948; 
 573;      .007;    27.137;    85.948; 
 574;     -.003;    27.137;    85.948; 
 575;     -.014;    27.137;    85.948; 
 576;     -.021;    27.137;    85.948; 
 577;     -.028;    27.136;    85.948; 
 578;     -.036;    27.136;    85.948; 
 579;     -.048;    27.135;    85.948; 
 580;     -.062;    27.135;    85.948; 
 581;     -.075;    27.135;    85.948; 
 582;     -.086;    27.135;    85.948; 
 583;     -.092;    27.134;    85.948; 
 584;     -.096;    27.134;    85.948; 
 585;     -.099;    27.134;    85.948; 
 586;     -.105;    27.133;    85.948; 
 587;     -.126;    27.131;    85.948; 
 588;     -.154;    27.130;    85.948; 
 589;     -.190;    27.132;    85.948; 
 590;     -.203;    27.134;    85.948; 
 591;     -.206;    27.134;    85.948; 
 592;     -.212;    27.134;    85.948; 
 593;     -.218;    27.134;    85.948; 
 594;     -.223;    27.134;    85.948; 
 595;     -.229;    27.134;    85.948; 
 596;     -.234;    27.134;    85.948; 
 597;     -.240;    27.134;    85.948; 
 598;     -.245;    27.133;    85.948; 
 599;     -.248;    27.133;    85.948; 
 600;     -.252;    27.132;    85.948; 
 601;     -.258;    27.131;    85.948; 
 602;     -.261;    27.130;    85.948; 
 603;     -.266;    27.129;    85.948; 
 604;     -.270;    27.128;    85.948; 
 605;     -.274;    27.127;    85.948; 
 606;     -.280;    27.125;    85.948; 
 607;     -.283;    27.124;    85.948; 
 608;     -.287;    27.122;    85.948; 
 609;     -.292;    27.120;    85.948; 
 610;     -.297;    27.118;    85.948; 
 611;     -.302;    27.116;    85.948; 
 612;     -.305;    27.114;    85.948; 
 613;     -.312;    27.111;    85.948; 
 614;     -.317;    27.108;    85.948; 
 615;     -.325;    27.104;    85.948; 
 616;     -.332;    27.101;    85.948; 
 617;     -.339;    27.097;    85.948; 
 618;     -.345;    27.094;    85.948; 
 619;     -.351;    27.090;    85.948; 
 620;     -.350;    27.090;    85.948; 
 621;     -.356;    27.087;    85.948; 
 622;     -.362;    27.083;    85.948; 
 623;     -.363;    27.081;    85.948; 
 624;     -.375;    27.073;    85.948; 
 625;     -.380;    27.068;    85.948; 
 626;     -.382;    27.067;    85.948; 
 627;     -.381;    27.067;    85.948; 
 628;     -.382;    27.066;    85.948; 
 629;     -.389;    27.059;    85.948; 
 630;     -.392;    27.056;    85.948; 
 631;     -.399;    27.048;    85.948; 
 632;     -.402;    27.045;    85.948; 
 633;     -.402;    27.044;    85.948; 
 634;     -.407;    27.037;    85.948; 
 635;     -.409;    27.034;    85.948; 
 636;     -.414;    27.028;    85.948; 
 637;     -.417;    27.023;    85.948; 
 638;     -.420;    27.018;    85.948; 
 639;     -.424;    27.011;    85.948; 
 640;     -.426;    27.007;    85.948; 
 641;     -.423;    27.011;    85.948; 
 642;     -.435;    26.989;    85.948; 
 643;     -.433;    26.991;    85.948; 
 644;     -.441;    26.974;    85.948; 
 645;     -.442;    26.972;    85.948; 
 646;     -.447;    26.961;    85.948; 
 647;     -.449;    26.956;    85.948; 
 648;     -.450;    26.953;    85.948; 
 649;     -.454;    26.942;    85.948; 
 650;     -.458;    26.932;    85.948; 
 651;     -.467;    26.911;    85.948; 
 652;     -.474;    26.895;    85.948; 
 653;     -.478;    26.887;    85.948; 
 654;     -.481;    26.880;    85.948; 
 655;     -.484;    26.872;    85.948; 
 656;     -.488;    26.863;    85.948; 
 657;     -.493;    26.851;    85.948; 
 658;     -.497;    26.842;    85.948; 
 659;     -.502;    26.831;    85.948; 
 660;     -.505;    26.824;    85.948; 
 661;     -.508;    26.817;    85.948; 
 662;     -.511;    26.808;    85.948; 
 663;     -.516;    26.798;    85.948; 
 664;     -.519;    26.789;    85.948; 
 665;     -.523;    26.780;    85.948; 
 666;     -.527;    26.769;    85.948; 
 667;     -.530;    26.762;    85.948; 
 668;     -.533;    26.753;    85.948; 
 669;     -.536;    26.746;    85.948; 
 670;     -.541;    26.734;    85.948; 
 671;     -.545;    26.724;    85.948; 
 672;     -.551;    26.708;    85.948; 
 673;     -.555;    26.700;    85.948; 
 674;     -.560;    26.688;    85.948; 
 675;     -.563;    26.680;    85.948; 
 676;     -.567;    26.670;    85.948; 
 677;     -.568;    26.668;    85.948; 
 678;     -.573;    26.656;    85.948; 
 679;     -.577;    26.645;    85.948; 
 680;     -.581;    26.634;    85.948; 
 681;     -.586;    26.623;    85.948; 
 682;     -.590;    26.612;    85.948; 
 683;     -.592;    26.606;    85.948; 
 684;     -.596;    26.597;    85.948; 
 685;     -.600;    26.586;    85.948; 
 686;     -.603;    26.579;    85.948; 
 687;     -.607;    26.567;    85.948; 
 688;     -.611;    26.558;    85.948; 
 689;     -.614;    26.551;    85.948; 
 690;     -.618;    26.538;    85.948; 
 691;     -.620;    26.533;    85.948; 
 692;     -.624;    26.523;    85.948; 
 693;     -.626;    26.517;    85.948; 
 694;     -.628;    26.510;    85.948; 
 695;     -.631;    26.501;    85.948; 
 696;     -.635;    26.488;    85.948; 
 697;     -.638;    26.481;    85.948; 
 698;     -.640;    26.473;    85.948; 
 699;     -.643;    26.464;    85.948; 
 700;     -.647;    26.453;    85.948; 
 701;     -.650;    26.442;    85.948; 
 702;     -.655;    26.430;    85.948; 
 703;     -.659;    26.416;    85.948; 
 704;     -.668;    26.396;    85.948; 
 705;     -.674;    26.382;    85.948; 
 706;     -.676;    26.376;    85.948; 
 707;     -.679;    26.369;    85.948; 
 708;     -.680;    26.364;    85.948; 
 709;     -.682;    26.359;    85.948; 
 710;     -.686;    26.347;    85.948; 
 711;     -.688;    26.340;    85.948; 
 712;     -.692;    26.328;    85.948; 
 713;     -.698;    26.313;    85.948; 
 714;     -.705;    26.295;    85.948; 
 715;     -.708;    26.287;    85.948; 
 716;     -.709;    26.283;    85.948; 
 717;     -.713;    26.274;    85.948; 
 718;     -.713;    26.272;    85.948; 
 719;     -.718;    26.259;    85.948; 
 720;     -.719;    26.253;    85.948; 
 721;     -.722;    26.245;    85.948; 
 722;     -.727;    26.229;    85.948; 
 723;     -.731;    26.219;    85.948; 
 724;     -.737;    26.202;    85.948; 
 725;     -.739;    26.196;    85.948; 
 726;     -.743;    26.186;    85.948; 
 727;     -.747;    26.176;    85.948; 
 728;     -.749;    26.167;    85.948; 
 729;     -.753;    26.158;    85.948; 
 730;     -.756;    26.148;    85.948; 
 731;     -.758;    26.141;    85.948; 
 732;     -.761;    26.132;    85.948; 
 733;     -.764;    26.123;    85.948; 
 734;     -.768;    26.111;    85.948; 
 735;     -.771;    26.101;    85.948; 
 736;     -.773;    26.095;    85.948; 
 737;     -.778;    26.079;    85.948; 
 738;     -.781;    26.071;    85.948; 
 739;     -.784;    26.061;    85.948; 
 740;     -.785;    26.058;    85.948; 
 741;     -.787;    26.049;    85.948; 
 742;     -.791;    26.037;    85.948; 
 743;     -.793;    26.028;    85.948; 
 744;     -.798;    26.013;    85.948; 
 745;     -.802;    25.998;    85.948; 
 746;     -.807;    25.986;    85.948; 
 747;     -.809;    25.978;    85.948; 
 748;     -.812;    25.970;    85.948; 
 749;     -.816;    25.958;    85.948; 
 750;     -.819;    25.948;    85.948; 
 751;     -.819;    25.946;    85.948; 
 752;     -.823;    25.933;    85.948; 
 753;     -.826;    25.926;    85.948; 
 754;     -.828;    25.916;    85.948; 
 755;     -.831;    25.907;    85.948; 
 756;     -.834;    25.897;    85.948; 
 757;     -.838;    25.882;    85.948; 
 758;     -.839;    25.878;    85.948; 
 759;     -.842;    25.867;    85.948; 
 760;     -.845;    25.857;    85.948; 
 761;     -.848;    25.846;    85.948; 
 762;     -.850;    25.838;    85.948; 
 763;     -.853;    25.827;    85.948; 
 764;     -.858;    25.813;    85.948; 
 765;     -.859;    25.807;    85.948; 
 766;     -.863;    25.795;    85.948; 
 767;     -.866;    25.784;    85.948; 
 768;     -.867;    25.780;    85.948; 
 769;     -.871;    25.765;    85.948; 
 770;     -.875;    25.753;    85.948; 
 771;     -.877;    25.745;    85.948; 
 772;     -.879;    25.737;    85.948; 
 773;     -.881;    25.728;    85.948; 
 774;     -.883;    25.722;    85.948; 
 775;     -.885;    25.712;    85.948; 
 776;     -.886;    25.706;    85.948; 
 777;     -.892;    25.685;    85.948; 
 778;     -.895;    25.674;    85.948; 
 779;     -.897;    25.664;    85.948; 
 780;     -.901;    25.652;    85.948; 
 781;     -.903;    25.643;    85.948; 
 782;     -.906;    25.632;    85.948; 
 783;     -.909;    25.620;    85.948; 
 784;     -.911;    25.612;    85.948; 
 785;     -.913;    25.605;    85.948; 
 786;     -.917;    25.592;    85.948; 
 787;     -.918;    25.585;    85.948; 
 788;     -.921;    25.575;    85.948; 
 789;     -.924;    25.562;    85.948; 
 790;     -.926;    25.555;    85.948; 
 791;     -.929;    25.543;    85.948; 
 792;     -.933;    25.530;    85.948; 
 793;     -.934;    25.525;    85.948; 
 794;     -.936;    25.516;    85.948; 
 795;     -.937;    25.508;    85.948; 
 796;     -.939;    25.499;    85.948; 
 797;     -.941;    25.491;    85.948; 
 798;     -.943;    25.479;    85.948; 
 799;     -.945;    25.472;    85.948; 
 800;     -.945;    25.469;    85.948; 
 801;     -.946;    25.463;    85.948; 
 802;     -.947;    25.454;    85.948; 
 803;     -.951;    25.432;    85.948; 
 804;     -.953;    25.421;    85.948; 
 805;     -.954;    25.416;    85.948; 
 806;     -.956;    25.408;    85.948; 
 807;     -.960;    25.388;    85.948; 
 808;     -.966;    25.366;    85.948; 
 809;     -.965;    25.366;    85.948; 
 810;     -.966;    25.362;    85.948; 
 811;     -.966;    25.360;    85.948; 
 812;     -.967;    25.356;    85.948; 
 813;     -.967;    25.350;    85.948; 
 814;     -.969;    25.338;    85.948; 
 815;     -.970;    25.327;    85.948; 
 816;     -.972;    25.309;    85.948; 
 817;     -.977;    25.286;    85.948; 
 818;     -.983;    25.262;    85.948; 
 819;     -.987;    25.247;    85.948; 
 820;     -.990;    25.236;    85.948; 
 821;     -.996;    25.219;    85.948; 
 822;     -.997;    25.213;    85.948; 
 823;     -.998;    25.209;    85.948; 
 824;     -.999;    25.204;    85.948; 
 825;    -1.000;    25.201;    85.948; 
 826;    -1.000;    25.198;    85.948; 
 827;    -1.001;    25.190;    85.948; 
 828;    -1.004;    25.178;    85.948; 
 829;    -1.009;    25.154;    85.948; 
 830;    -1.013;    25.136;    85.948; 
 831;    -1.016;    25.123;    85.948; 
 832;    -1.018;    25.118;    85.948; 
 833;    -1.018;    25.117;    85.948; 
 834;    -1.018;    25.116;    85.948; 
 835;    -1.019;    25.108;    85.948; 
 836;    -1.020;    25.099;    85.948; 
 837;    -1.022;    25.082;    85.948; 
 838;    -1.039;    25.023;    85.948; 
 839;    -1.044;    25.011;    85.948; 
 840;    -1.044;    25.010;    85.948; 
 841;    -1.052;    24.989;    85.948; 
 842;    -1.068;    24.956;    85.948; 
 843;    -1.103;    24.907;    85.948; 
 844;    -1.203;    24.834;    85.948; 
 845;    -1.246;    24.820;    85.948; 
 846;    -1.304;    24.810;    85.948; 
 847;    -1.331;    24.809;    85.948; 
 848;    -1.337;    24.809;    85.948; 
 849;    -1.343;    24.809;    85.948; 
 850;    -1.347;    24.808;    85.948; 
 851;    -1.352;    24.808;    85.948; 
 852;    -1.356;    24.807;    85.948; 
 853;    -1.360;    24.806;    85.948; 
 854;    -1.375;    24.804;    85.948; 
 855;    -1.399;    24.802;    85.948; 
 856;    -1.419;    24.801;    85.948; 
 857;    -1.429;    24.801;    85.948; 
 858;    -1.433;    24.800;    85.948; 
 859;    -1.446;    24.799;    85.948; 
 860;    -1.455;    24.799;    85.948; 
 861;    -1.467;    24.798;    85.948; 
 862;    -1.474;    24.798;    85.948; 
 863;    -1.482;    24.797;    85.948; 
 864;    -1.494;    24.796;    85.948; 
 865;    -1.496;    24.796;    85.948; 
 866;    -1.500;    24.795;    85.948; 
 867;    -1.510;    24.794;    85.948; 
 868;    -1.535;    24.792;    85.948; 
 869;    -1.561;    24.791;    85.948; 
 870;    -1.580;    24.791;    85.948; 
 871;    -1.586;    24.791;    85.948; 
 872;    -1.591;    24.791;    85.948; 
 873;    -1.597;    24.791;    85.948; 
 874;    -1.601;    24.790;    85.948; 
 875;    -1.608;    24.790;    85.948; 
 876;    -1.618;    24.789;    85.948; 
 877;    -1.644;    24.788;    85.948; 
 878;    -1.674;    24.789;    85.948; 
 879;    -1.700;    24.791;    85.948; 
 880;    -1.751;    24.803;    85.948; 
 881;    -1.862;    24.871;    85.948; 
 882;    -1.916;    24.949;    85.948; 
 883;    -1.916;    24.949;    85.948; 
 884;    -1.923;    24.963;    85.948; 
 885;    -1.928;    24.973;    85.948; 
 886;    -1.932;    24.980;    85.948; 
 887;    -1.944;    25.006;    85.948; 
 888;    -1.956;    25.040;    85.948; 
 889;    -1.960;    25.054;    85.948; 
 890;    -1.964;    25.065;    85.948; 
 891;    -1.966;    25.074;    85.948; 
 892;    -1.969;    25.082;    85.948; 
 893;    -1.972;    25.093;    85.948; 
 894;    -1.974;    25.098;    85.948; 
 895;    -1.976;    25.105;    85.948; 
 896;    -1.980;    25.118;    85.948; 
 897;    -1.983;    25.128;    85.948; 
 898;    -1.987;    25.139;    85.948; 
 899;    -1.990;    25.148;    85.948; 
 900;    -1.993;    25.158;    85.948; 
 901;    -1.997;    25.168;    85.948; 
 902;    -2.000;    25.178;    85.948; 
 903;    -2.004;    25.191;    85.948; 
 904;    -2.007;    25.201;    85.948; 
 905;    -2.011;    25.213;    85.948; 
 906;    -2.014;    25.220;    85.948; 
 907;    -2.017;    25.231;    85.948; 
 908;    -2.020;    25.239;    85.948; 
 909;    -2.024;    25.252;    85.948; 
 910;    -2.026;    25.258;    85.948; 
 911;    -2.029;    25.267;    85.948; 
 912;    -2.033;    25.278;    85.948; 
 913;    -2.035;    25.285;    85.948; 
 914;    -2.040;    25.299;    85.948; 
 915;    -2.040;    25.300;    85.948; 
 916;    -2.044;    25.309;    85.948; 
 917;    -2.047;    25.317;    85.948; 
 918;    -2.050;    25.324;    85.948; 
 919;    -2.057;    25.343;    85.948; 
 920;    -2.062;    25.358;    85.948; 
 921;    -2.066;    25.370;    85.948; 
 922;    -2.068;    25.374;    85.948; 
 923;    -2.071;    25.382;    85.948; 
 924;    -2.073;    25.388;    85.948; 
 925;    -2.078;    25.400;    85.948; 
 926;    -2.084;    25.417;    85.948; 
 927;    -2.085;    25.421;    85.948; 
 928;    -2.090;    25.434;    85.948; 
 929;    -2.094;    25.446;    85.948; 
 930;    -2.095;    25.447;    85.948; 
 931;    -2.098;    25.454;    85.948; 
 932;    -2.102;    25.463;    85.948; 
 933;    -2.104;    25.468;    85.948; 
 934;    -2.108;    25.478;    85.948; 
 935;    -2.113;    25.490;    85.948; 
 936;    -2.117;    25.499;    85.948; 
 937;    -2.124;    25.515;    85.948; 
 938;    -2.130;    25.531;    85.948; 
 939;    -2.134;    25.543;    85.948; 
 940;    -2.137;    25.551;    85.948; 
 941;    -2.141;    25.561;    85.948; 
 942;    -2.144;    25.569;    85.948; 
 943;    -2.148;    25.580;    85.948; 
 944;    -2.153;    25.593;    85.948; 
 945;    -2.156;    25.602;    85.948; 
 946;    -2.158;    25.607;    85.948; 
 947;    -2.161;    25.615;    85.948; 
 948;    -2.164;    25.622;    85.948; 
 949;    -2.167;    25.629;    85.948; 
 950;    -2.170;    25.636;    85.948; 
 951;    -2.176;    25.651;    85.948; 
 952;    -2.183;    25.667;    85.948; 
 953;    -2.186;    25.676;    85.948; 
 954;    -2.192;    25.690;    85.948; 
 955;    -2.193;    25.692;    85.948; 
 956;    -2.197;    25.702;    85.948; 
 957;    -2.201;    25.713;    85.948; 
 958;    -2.204;    25.719;    85.948; 
 959;    -2.205;    25.722;    85.948; 
 960;    -2.210;    25.733;    85.948; 
 961;    -2.215;    25.744;    85.948; 
 962;    -2.219;    25.753;    85.948; 
 963;    -2.224;    25.763;    85.948; 
 964;    -2.228;    25.773;    85.948; 
 965;    -2.233;    25.785;    85.948; 
 966;    -2.238;    25.796;    85.948; 
 967;    -2.242;    25.807;    85.948; 
 968;    -2.246;    25.816;    85.948; 
 969;    -2.250;    25.826;    85.948; 
 970;    -2.252;    25.830;    85.948; 
 971;    -2.256;    25.838;    85.948; 
 972;    -2.258;    25.841;    85.948; 
 973;    -2.260;    25.846;    85.948; 
 974;    -2.269;    25.864;    85.948; 
 975;    -2.280;    25.890;    85.948; 
 976;    -2.285;    25.905;    85.948; 
 977;    -2.287;    25.908;    85.948; 
 978;    -2.289;    25.912;    85.948; 
 979;    -2.293;    25.921;    85.948; 
 980;    -2.294;    25.924;    85.948; 
 981;    -2.301;    25.939;    85.948; 
 982;    -2.307;    25.952;    85.948; 
 983;    -2.309;    25.956;    85.948; 
 984;    -2.314;    25.966;    85.948; 
 985;    -2.316;    25.971;    85.948; 
 986;    -2.324;    25.987;    85.948; 
 987;    -2.329;    25.998;    85.948; 
 988;    -2.335;    26.011;    85.948; 
 989;    -2.336;    26.014;    85.948; 
 990;    -2.336;    26.014;    85.948; 
 991;    -2.342;    26.025;    85.948; 
 992;    -2.353;    26.048;    85.948; 
 993;    -2.360;    26.065;    85.948; 
 994;    -2.361;    26.068;    85.948; 
 995;    -2.365;    26.075;    85.948; 
 996;    -2.367;    26.080;    85.948; 
 997;    -2.373;    26.092;    85.948; 
 998;    -2.377;    26.102;    85.948; 
 999;    -2.380;    26.107;    85.948; 
1000;    -2.386;    26.119;    85.948; 
1001;    -2.390;    26.128;    85.948; 
1002;    -2.394;    26.135;    85.948; 
1003;    -2.400;    26.148;    85.948; 
1004;    -2.404;    26.156;    85.948; 
1005;    -2.407;    26.163;    85.948; 
1006;    -2.408;    26.163;    85.948; 
1007;    -2.412;    26.171;    85.948; 
1008;    -2.416;    26.178;    85.948; 
1009;    -2.420;    26.184;    85.948; 
1010;    -2.425;    26.193;    85.948; 
1011;    -2.435;    26.210;    85.948; 
1012;    -2.449;    26.238;    85.948; 
1013;    -2.455;    26.253;    85.948; 
1014;    -2.462;    26.271;    85.948; 
1015;    -2.465;    26.279;    85.948; 
1016;    -2.466;    26.280;    85.948; 
1017;    -2.466;    26.280;    85.948; 
1018;    -2.470;    26.287;    85.948; 
1019;    -2.470;    26.286;    85.948; 
1020;    -2.476;    26.297;    85.948; 
1021;    -2.485;    26.313;    85.948; 
1022;    -2.495;    26.334;    85.948; 
1023;    -2.500;    26.346;    85.948; 
1024;    -2.503;    26.353;    85.948; 
1025;    -2.506;    26.359;    85.948; 
1026;    -2.508;    26.362;    85.948; 
1027;    -2.513;    26.373;    85.948; 
1028;    -2.518;    26.382;    85.948; 
1029;    -2.523;    26.391;    85.948; 
1030;    -2.528;    26.400;    85.948; 
1031;    -2.532;    26.408;    85.948; 
1032;    -2.538;    26.419;    85.948; 
1033;    -2.543;    26.429;    85.948; 
1034;    -2.547;    26.436;    85.948; 
1035;    -2.551;    26.443;    85.948; 
1036;    -2.557;    26.453;    85.948; 
1037;    -2.563;    26.465;    85.948; 
1038;    -2.569;    26.476;    85.948; 
1039;    -2.573;    26.483;    85.948; 
1040;    -2.578;    26.494;    85.948; 
1041;    -2.581;    26.499;    85.948; 
1042;    -2.584;    26.504;    85.948; 
1043;    -2.594;    26.522;    85.948; 
1044;    -2.600;    26.534;    85.948; 
1045;    -2.604;    26.541;    85.948; 
1046;    -2.608;    26.549;    85.948; 
1047;    -2.612;    26.557;    85.948; 
1048;    -2.617;    26.566;    85.948; 
1049;    -2.622;    26.574;    85.948; 
1050;    -2.629;    26.587;    85.948; 
1051;    -2.634;    26.597;    85.948; 
1052;    -2.639;    26.606;    85.948; 
1053;    -2.645;    26.617;    85.948; 
1054;    -2.646;    26.620;    85.948; 
1055;    -2.651;    26.628;    85.948; 
1056;    -2.654;    26.633;    85.948; 
1057;    -2.658;    26.641;    85.948; 
1058;    -2.668;    26.658;    85.948; 
1059;    -2.675;    26.670;    85.948; 
1060;    -2.677;    26.675;    85.948; 
1061;    -2.684;    26.686;    85.948; 
1062;    -2.688;    26.694;    85.948; 
1063;    -2.692;    26.701;    85.948; 
1064;    -2.696;    26.708;    85.948; 
1065;    -2.700;    26.716;    85.948; 
1066;    -2.701;    26.717;    85.948; 
1067;    -2.710;    26.731;    85.948; 
1068;    -2.718;    26.745;    85.948; 
1069;    -2.723;    26.755;    85.948; 
1070;    -2.729;    26.765;    85.948; 
1071;    -2.733;    26.773;    85.948; 
1072;    -2.736;    26.777;    85.948; 
1073;    -2.744;    26.793;    85.948; 
1074;    -2.749;    26.801;    85.948; 
1075;    -2.754;    26.810;    85.948; 
1076;    -2.758;    26.817;    85.948; 
1077;    -2.765;    26.828;    85.948; 
1078;    -2.770;    26.837;    85.948; 
1079;    -2.774;    26.844;    85.948; 
1080;    -2.777;    26.850;    85.948; 
1081;    -2.782;    26.857;    85.948; 
1082;    -2.783;    26.859;    85.948; 
1083;    -2.786;    26.863;    85.948; 
1084;    -2.792;    26.870;    85.948; 
1085;    -2.799;    26.881;    85.948; 
1086;    -2.802;    26.885;    85.948; 
1087;    -2.807;    26.892;    85.948; 
1088;    -2.809;    26.893;    85.948; 
1089;    -2.813;    26.898;    85.948; 
1090;    -2.815;    26.900;    85.948; 
1091;    -2.821;    26.907;    85.948; 
1092;    -2.825;    26.911;    85.948; 
1093;    -2.828;    26.913;    85.948; 
1094;    -2.835;    26.919;    85.948; 
1095;    -2.837;    26.921;    85.948; 
1096;    -2.842;    26.925;    85.948; 
1097;    -2.845;    26.927;    85.948; 
1098;    -2.851;    26.932;    85.948; 
1099;    -2.856;    26.935;    85.948; 
1100;    -2.858;    26.936;    85.948; 
1101;    -2.860;    26.937;    85.948; 
1102;    -2.863;    26.939;    85.948; 
1103;    -2.870;    26.942;    85.948; 
1104;    -2.875;    26.945;    85.948; 
1105;    -2.879;    26.946;    85.948; 
1106;    -2.882;    26.948;    85.948; 
1107;    -2.888;    26.950;    85.948; 
1108;    -2.892;    26.951;    85.948; 
1109;    -2.894;    26.951;    85.948; 
1110;    -2.903;    26.953;    85.948; 
1111;    -2.910;    26.955;    85.948; 
1112;    -2.921;    26.957;    85.948; 
1113;    -2.930;    26.960;    85.948; 
1114;    -2.936;    26.961;    85.948; 
1115;    -2.940;    26.961;    85.948; 
1116;    -2.944;    26.962;    85.948; 
1117;    -2.949;    26.962;    85.948; 
1118;    -2.955;    26.962;    85.948; 
1119;    -2.959;    26.962;    85.948; 
1120;    -2.965;    26.962;    85.948; 
1121;    -2.969;    26.962;    85.948; 
1122;    -2.972;    26.962;    85.948; 
1123;    -2.981;    26.961;    85.948; 
1124;    -2.988;    26.960;    85.948; 
1125;    -2.996;    26.960;    85.948; 
1126;    -3.007;    26.959;    85.948; 
1127;    -3.018;    26.958;    85.948; 
1128;    -3.025;    26.957;    85.948; 
1129;    -3.031;    26.956;    85.948; 
1130;    -3.040;    26.955;    85.948; 
1131;    -3.050;    26.954;    85.948; 
1132;    -3.065;    26.952;    85.948; 
1133;    -3.073;    26.951;    85.948; 
1134;    -3.083;    26.950;    85.948; 
1135;    -3.099;    26.948;    85.948; 
1136;    -3.104;    26.947;    85.948; 
1137;    -3.111;    26.946;    85.948; 
1138;    -3.120;    26.945;    85.948; 
1139;    -3.131;    26.943;    85.948; 
1140;    -3.145;    26.942;    85.948; 
1141;    -3.162;    26.940;    85.948; 
1142;    -3.172;    26.939;    85.948; 
1143;    -3.180;    26.938;    85.948; 
1144;    -3.190;    26.937;    85.948; 
1145;    -3.202;    26.935;    85.948; 
1146;    -3.212;    26.934;    85.948; 
1147;    -3.222;    26.933;    85.948; 
1148;    -3.232;    26.932;    85.948; 
1149;    -3.244;    26.930;    85.948; 
1150;    -3.254;    26.929;    85.948; 
1151;    -3.263;    26.928;    85.948; 
1152;    -3.272;    26.927;    85.948; 
1153;    -3.280;    26.926;    85.948; 
1154;    -3.291;    26.924;    85.948; 
1155;    -3.302;    26.923;    85.948; 
1156;    -3.314;    26.921;    85.948; 
1157;    -3.329;    26.919;    85.948; 
1158;    -3.339;    26.918;    85.948; 
