[A]
   1;     2.956;    25.222;    88.366; 
   2;     2.955;    25.232;    88.366; 
   3;     2.954;    25.242;    88.366; 
   4;     2.953;    25.248;    88.366; 
   5;     2.952;    25.255;    88.366; 
   6;     2.950;    25.262;    88.366; 
   7;     2.950;    25.266;    88.366; 
   8;     2.948;    25.273;    88.366; 
   9;     2.946;    25.284;    88.366; 
  10;     2.942;    25.306;    88.366; 
  11;     2.940;    25.319;    88.366; 
  12;     2.939;    25.328;    88.366; 
  13;     2.937;    25.335;    88.366; 
  14;     2.936;    25.340;    88.366; 
  15;     2.934;    25.351;    88.366; 
  16;     2.932;    25.361;    88.366; 
  17;     2.930;    25.372;    88.366; 
  18;     2.928;    25.384;    88.366; 
  19;     2.926;    25.396;    88.366; 
  20;     2.925;    25.402;    88.366; 
  21;     2.922;    25.414;    88.366; 
  22;     2.921;    25.421;    88.366; 
  23;     2.919;    25.429;    88.366; 
  24;     2.918;    25.436;    88.366; 
  25;     2.914;    25.452;    88.366; 
  26;     2.912;    25.468;    88.366; 
  27;     2.909;    25.481;    88.366; 
  28;     2.908;    25.485;    88.366; 
  29;     2.907;    25.494;    88.366; 
  30;     2.904;    25.506;    88.366; 
  31;     2.903;    25.511;    88.366; 
  32;     2.901;    25.519;    88.366; 
  33;     2.899;    25.528;    88.366; 
  34;     2.896;    25.540;    88.366; 
  35;     2.893;    25.558;    88.366; 
  36;     2.891;    25.570;    88.366; 
  37;     2.889;    25.575;    88.366; 
  38;     2.887;    25.584;    88.366; 
  39;     2.885;    25.595;    88.366; 
  40;     2.883;    25.605;    88.366; 
  41;     2.881;    25.614;    88.366; 
  42;     2.878;    25.627;    88.366; 
  43;     2.876;    25.638;    88.366; 
  44;     2.873;    25.651;    88.366; 
  45;     2.871;    25.659;    88.366; 
  46;     2.869;    25.669;    88.366; 
  47;     2.867;    25.678;    88.366; 
  48;     2.865;    25.688;    88.366; 
  49;     2.863;    25.695;    88.366; 
  50;     2.861;    25.702;    88.366; 
  51;     2.859;    25.709;    88.366; 
  52;     2.855;    25.730;    88.366; 
  53;     2.853;    25.738;    88.366; 
  54;     2.850;    25.750;    88.366; 
  55;     2.848;    25.758;    88.366; 
  56;     2.846;    25.768;    88.366; 
  57;     2.843;    25.776;    88.366; 
  58;     2.840;    25.793;    88.366; 
  59;     2.837;    25.803;    88.366; 
  60;     2.836;    25.810;    88.366; 
[B]
   1;     2.950;    26.821;    88.398; 
   2;     2.938;    26.822;    88.398; 
   3;     2.929;    26.822;    88.398; 
   4;     2.905;    26.825;    88.398; 
   5;     2.888;    26.828;    88.398; 
   6;     2.878;    26.830;    88.398; 
   7;     2.871;    26.831;    88.398; 
   8;     2.867;    26.832;    88.398; 
   9;     2.863;    26.832;    88.398; 
  10;     2.852;    26.833;    88.398; 
  11;     2.840;    26.834;    88.398; 
  12;     2.823;    26.836;    88.398; 
  13;     2.815;    26.838;    88.398; 
  14;     2.806;    26.839;    88.398; 
  15;     2.798;    26.839;    88.398; 
  16;     2.791;    26.840;    88.398; 
  17;     2.778;    26.842;    88.398; 
  18;     2.766;    26.843;    88.398; 
  19;     2.760;    26.843;    88.398; 
  20;     2.757;    26.844;    88.398; 
  21;     2.752;    26.844;    88.398; 
  22;     2.740;    26.844;    88.398; 
  23;     2.721;    26.846;    88.398; 
  24;     2.705;    26.848;    88.398; 
  25;     2.701;    26.848;    88.398; 
  26;     2.698;    26.848;    88.398; 
  27;     2.694;    26.848;    88.398; 
  28;     2.692;    26.848;    88.398; 
  29;     2.690;    26.847;    88.398; 
  30;     2.687;    26.847;    88.398; 
  31;     2.684;    26.847;    88.398; 
  32;     2.681;    26.846;    88.398; 
  33;     2.677;    26.845;    88.398; 
  34;     2.672;    26.844;    88.398; 
  35;     2.671;    26.844;    88.398; 
  36;     2.664;    26.842;    88.398; 
  37;     2.658;    26.840;    88.398; 
  38;     2.651;    26.838;    88.398; 
  39;     2.647;    26.837;    88.398; 
  40;     2.643;    26.835;    88.398; 
  41;     2.640;    26.834;    88.398; 
  42;     2.636;    26.833;    88.398; 
  43;     2.632;    26.831;    88.398; 
  44;     2.628;    26.828;    88.398; 
  45;     2.622;    26.826;    88.398; 
  46;     2.616;    26.823;    88.398; 
  47;     2.611;    26.820;    88.398; 
  48;     2.610;    26.819;    88.398; 
  49;     2.605;    26.816;    88.398; 
  50;     2.604;    26.815;    88.398; 
  51;     2.601;    26.812;    88.398; 
  52;     2.600;    26.811;    88.398; 
  53;     2.598;    26.810;    88.398; 
  54;     2.595;    26.807;    88.398; 
  55;     2.591;    26.803;    88.398; 
  56;     2.585;    26.797;    88.398; 
  57;     2.583;    26.795;    88.398; 
  58;     2.574;    26.786;    88.398; 
  59;     2.566;    26.778;    88.398; 
  60;     2.563;    26.775;    88.398; 
