[B]
   1;     3.418;    26.143;    87.572; 
   2;     3.407;    26.145;    87.572; 
   3;     3.398;    26.146;    87.572; 
   4;     3.382;    26.148;    87.572; 
   5;     3.372;    26.149;    87.572; 
   6;     3.364;    26.150;    87.572; 
   7;     3.348;    26.152;    87.572; 
   8;     3.340;    26.153;    87.572; 
   9;     3.328;    26.155;    87.572; 
  10;     3.317;    26.156;    87.572; 
  11;     3.308;    26.157;    87.572; 
  12;     3.295;    26.159;    87.572; 
  13;     3.282;    26.160;    87.572; 
  14;     3.270;    26.162;    87.572; 
  15;     3.260;    26.163;    87.572; 
  16;     3.251;    26.164;    87.572; 
  17;     3.239;    26.166;    87.572; 
  18;     3.229;    26.167;    87.572; 
  19;     3.220;    26.168;    87.572; 
  20;     3.206;    26.170;    87.572; 
  21;     3.192;    26.171;    87.572; 
  22;     3.185;    26.172;    87.572; 
  23;     3.172;    26.174;    87.572; 
  24;     3.163;    26.175;    87.572; 
  25;     3.152;    26.176;    87.572; 
  26;     3.137;    26.178;    87.572; 
  27;     3.129;    26.179;    87.572; 
  28;     3.122;    26.180;    87.572; 
  29;     3.105;    26.182;    87.572; 
  30;     3.091;    26.184;    87.572; 
  31;     3.084;    26.184;    87.572; 
  32;     3.071;    26.186;    87.572; 
  33;     3.063;    26.187;    87.572; 
  34;     3.052;    26.188;    87.572; 
  35;     3.040;    26.189;    87.572; 
  36;     3.024;    26.191;    87.572; 
  37;     3.014;    26.192;    87.572; 
  38;     3.005;    26.193;    87.572; 
  39;     2.994;    26.195;    87.572; 
  40;     2.973;    26.198;    87.572; 
  41;     2.960;    26.200;    87.572; 
  42;     2.960;    26.199;    87.572; 
  43;     2.959;    26.198;    87.572; 
  44;     2.952;    26.195;    87.572; 
  45;     2.950;    26.191;    87.572; 
  46;     2.949;    26.187;    87.572; 
  47;     2.948;    26.180;    87.572; 
  48;     2.932;    26.156;    87.572; 
  49;     2.927;    26.148;    87.572; 
  50;     2.921;    26.139;    87.572; 
  51;     2.915;    26.130;    87.572; 
  52;     2.908;    26.119;    87.572; 
  53;     2.900;    26.107;    87.572; 
  54;     2.893;    26.096;    87.572; 
  55;     2.885;    26.085;    87.572; 
  56;     2.879;    26.076;    87.572; 
  57;     2.872;    26.065;    87.572; 
  58;     2.870;    26.061;    87.572; 
  59;     2.864;    26.052;    87.572; 
  60;     2.859;    26.043;    87.572; 
  61;     2.853;    26.033;    87.572; 
  62;     2.847;    26.023;    87.572; 
  63;     2.842;    26.016;    87.572; 
  64;     2.836;    26.007;    87.572; 
  65;     2.828;    25.993;    87.572; 
  66;     2.822;    25.984;    87.572; 
  67;     2.813;    25.970;    87.572; 
  68;     2.808;    25.961;    87.572; 
  69;     2.802;    25.951;    87.572; 
  70;     2.797;    25.943;    87.572; 
  71;     2.789;    25.930;    87.572; 
  72;     2.784;    25.922;    87.572; 
  73;     2.779;    25.914;    87.572; 
  74;     2.771;    25.901;    87.572; 
  75;     2.765;    25.891;    87.572; 
  76;     2.758;    25.881;    87.572; 
  77;     2.755;    25.875;    87.572; 
  78;     2.749;    25.865;    87.572; 
  79;     2.743;    25.855;    87.572; 
  80;     2.735;    25.842;    87.572; 
  81;     2.729;    25.832;    87.572; 
  82;     2.721;    25.817;    87.572; 
  83;     2.710;    25.799;    87.572; 
  84;     2.700;    25.783;    87.572; 
  85;     2.700;    25.782;    87.572; 
  86;     2.690;    25.765;    87.572; 
  87;     2.683;    25.754;    87.572; 
  88;     2.677;    25.745;    87.572; 
  89;     2.672;    25.735;    87.572; 
  90;     2.665;    25.723;    87.572; 
  91;     2.659;    25.713;    87.572; 
  92;     2.652;    25.701;    87.572; 
  93;     2.644;    25.687;    87.572; 
  94;     2.641;    25.681;    87.572; 
  95;     2.635;    25.670;    87.572; 
  96;     2.632;    25.663;    87.572; 
  97;     2.624;    25.649;    87.572; 
  98;     2.621;    25.644;    87.572; 
  99;     2.615;    25.632;    87.572; 
 100;     2.612;    25.626;    87.572; 
 101;     2.607;    25.616;    87.572; 
 102;     2.599;    25.600;    87.572; 
 103;     2.596;    25.593;    87.572; 
 104;     2.585;    25.573;    87.572; 
 105;     2.581;    25.565;    87.572; 
 106;     2.577;    25.557;    87.572; 
 107;     2.572;    25.546;    87.572; 
 108;     2.563;    25.530;    87.572; 
 109;     2.558;    25.521;    87.572; 
 110;     2.553;    25.511;    87.572; 
 111;     2.549;    25.503;    87.572; 
 112;     2.545;    25.494;    87.572; 
 113;     2.542;    25.488;    87.572; 
 114;     2.535;    25.475;    87.572; 
 115;     2.528;    25.460;    87.572; 
 116;     2.524;    25.451;    87.572; 
 117;     2.514;    25.432;    87.572; 
 118;     2.510;    25.424;    87.572; 
 119;     2.507;    25.417;    87.572; 
 120;     2.500;    25.404;    87.572; 
 121;     2.495;    25.394;    87.572; 
 122;     2.492;    25.387;    87.572; 
 123;     2.484;    25.372;    87.572; 
 124;     2.481;    25.364;    87.572; 
 125;     2.471;    25.344;    87.572; 
 126;     2.470;    25.341;    87.572; 
 127;     2.462;    25.325;    87.572; 
 128;     2.458;    25.317;    87.572; 
 129;     2.454;    25.307;    87.572; 
 130;     2.447;    25.294;    87.572; 
 131;     2.445;    25.288;    87.572; 
 132;     2.438;    25.273;    87.572; 
 133;     2.431;    25.259;    87.572; 
 134;     2.424;    25.245;    87.572; 
 135;     2.421;    25.238;    87.572; 
 136;     2.416;    25.227;    87.572; 
 137;     2.412;    25.219;    87.572; 
 138;     2.405;    25.203;    87.572; 
 139;     2.401;    25.195;    87.572; 
 140;     2.398;    25.187;    87.572; 
 141;     2.391;    25.172;    87.572; 
 142;     2.386;    25.161;    87.572; 
 143;     2.382;    25.152;    87.572; 
 144;     2.377;    25.140;    87.572; 
 145;     2.370;    25.125;    87.572; 
 146;     2.364;    25.113;    87.572; 
 147;     2.361;    25.104;    87.572; 
 148;     2.354;    25.090;    87.572; 
 149;     2.346;    25.073;    87.572; 
 150;     2.342;    25.063;    87.572; 
 151;     2.336;    25.048;    87.572; 
 152;     2.332;    25.040;    87.572; 
 153;     2.327;    25.028;    87.572; 
 154;     2.322;    25.016;    87.572; 
 155;     2.313;    24.994;    87.572; 
 156;     2.310;    24.987;    87.572; 
 157;     2.305;    24.975;    87.572; 
 158;     2.301;    24.966;    87.572; 
 159;     2.295;    24.951;    87.572; 
 160;     2.291;    24.941;    87.572; 
 161;     2.285;    24.926;    87.572; 
 162;     2.279;    24.912;    87.572; 
 163;     2.276;    24.904;    87.572; 
 164;     2.270;    24.890;    87.572; 
 165;     2.264;    24.875;    87.572; 
 166;     2.259;    24.863;    87.572; 
 167;     2.255;    24.852;    87.572; 
 168;     2.249;    24.840;    87.572; 
 169;     2.246;    24.830;    87.572; 
 170;     2.237;    24.809;    87.572; 
 171;     2.234;    24.801;    87.572; 
 172;     2.229;    24.788;    87.572; 
 173;     2.225;    24.778;    87.572; 
 174;     2.223;    24.771;    87.572; 
 175;     2.219;    24.761;    87.572; 
 176;     2.214;    24.747;    87.572; 
 177;     2.208;    24.732;    87.572; 
 178;     2.204;    24.722;    87.572; 
 179;     2.199;    24.708;    87.572; 
 180;     2.192;    24.691;    87.572; 
 181;     2.189;    24.681;    87.572; 
 182;     2.185;    24.671;    87.572; 
 183;     2.180;    24.658;    87.572; 
 184;     2.176;    24.645;    87.572; 
 185;     2.172;    24.634;    87.572; 
 186;     2.165;    24.616;    87.572; 
 187;     2.162;    24.607;    87.572; 
 188;     2.157;    24.591;    87.572; 
 189;     2.153;    24.582;    87.572; 
 190;     2.150;    24.572;    87.572; 
 191;     2.147;    24.564;    87.572; 
 192;     2.142;    24.549;    87.572; 
 193;     2.136;    24.532;    87.572; 
 194;     2.134;    24.525;    87.572; 
 195;     2.130;    24.512;    87.572; 
 196;     2.126;    24.502;    87.572; 
 197;     2.121;    24.487;    87.572; 
 198;     2.118;    24.478;    87.572; 
 199;     2.112;    24.461;    87.572; 
 200;     2.106;    24.442;    87.572; 
 201;     2.103;    24.434;    87.572; 
 202;     2.099;    24.424;    87.572; 
 203;     2.097;    24.415;    87.572; 
 204;     2.094;    24.405;    87.572; 
 205;     2.091;    24.395;    87.572; 
 206;     2.088;    24.387;    87.572; 
 207;     2.084;    24.373;    87.572; 
 208;     2.081;    24.364;    87.572; 
 209;     2.078;    24.354;    87.572; 
 210;     2.076;    24.345;    87.572; 
 211;     2.072;    24.332;    87.572; 
 212;     2.068;    24.320;    87.572; 
 213;     2.065;    24.308;    87.572; 
 214;     2.061;    24.295;    87.572; 
 215;     2.057;    24.281;    87.572; 
 216;     2.055;    24.274;    87.572; 
 217;     2.050;    24.258;    87.572; 
 218;     2.048;    24.250;    87.572; 
 219;     2.043;    24.234;    87.572; 
 220;     2.040;    24.222;    87.572; 
 221;     2.035;    24.204;    87.572; 
 222;     2.032;    24.193;    87.572; 
 223;     2.030;    24.183;    87.572; 
 224;     2.027;    24.173;    87.572; 
 225;     2.024;    24.162;    87.572; 
 226;     2.021;    24.151;    87.572; 
 227;     2.018;    24.140;    87.572; 
 228;     2.016;    24.130;    87.572; 
 229;     2.013;    24.118;    87.572; 
 230;     2.007;    24.096;    87.572; 
 231;     2.006;    24.089;    87.572; 
 232;     2.001;    24.073;    87.572; 
 233;     1.996;    24.057;    87.572; 
 234;     1.901;    23.957;    87.572; 
 235;     1.822;    23.946;    87.572; 
 236;     1.812;    23.947;    87.572; 
 237;     1.799;    23.947;    87.572; 
 238;     1.786;    23.948;    87.572; 
 239;     1.778;    23.949;    87.572; 
 240;     1.767;    23.950;    87.572; 
 241;     1.756;    23.950;    87.572; 
 242;     1.746;    23.951;    87.572; 
 243;     1.734;    23.952;    87.572; 
 244;     1.726;    23.952;    87.572; 
 245;     1.713;    23.953;    87.572; 
 246;     1.704;    23.953;    87.572; 
 247;     1.690;    23.954;    87.572; 
 248;     1.680;    23.955;    87.572; 
 249;     1.668;    23.956;    87.572; 
 250;     1.657;    23.956;    87.572; 
 251;     1.649;    23.957;    87.572; 
 252;     1.631;    23.958;    87.572; 
 253;     1.620;    23.959;    87.572; 
 254;     1.612;    23.959;    87.572; 
 255;     1.601;    23.960;    87.572; 
 256;     1.586;    23.961;    87.572; 
 257;     1.577;    23.961;    87.572; 
 258;     1.563;    23.962;    87.572; 
 259;     1.555;    23.963;    87.572; 
 260;     1.541;    23.964;    87.572; 
 261;     1.531;    23.964;    87.572; 
 262;     1.521;    23.965;    87.572; 
 263;     1.509;    23.965;    87.572; 
 264;     1.496;    23.966;    87.572; 
 265;     1.488;    23.967;    87.572; 
 266;     1.476;    23.968;    87.572; 
 267;     1.464;    23.968;    87.572; 
 268;     1.449;    23.969;    87.572; 
 269;     1.438;    23.970;    87.572; 
 270;     1.429;    23.971;    87.572; 
 271;     1.417;    23.971;    87.572; 
 272;     1.403;    23.972;    87.572; 
 273;     1.393;    23.973;    87.572; 
 274;     1.383;    23.973;    87.572; 
 275;     1.371;    23.974;    87.572; 
 276;     1.359;    23.975;    87.572; 
 277;     1.348;    23.975;    87.572; 
 278;     1.329;    23.977;    87.572; 
 279;     1.319;    23.977;    87.572; 
 280;     1.307;    23.978;    87.572; 
 281;     1.298;    23.979;    87.572; 
 282;     1.288;    23.979;    87.572; 
 283;     1.278;    23.980;    87.572; 
 284;     1.263;    23.981;    87.572; 
 285;     1.253;    23.981;    87.572; 
 286;     1.242;    23.982;    87.572; 
 287;     1.230;    23.983;    87.572; 
 288;     1.219;    23.984;    87.572; 
 289;     1.210;    23.984;    87.572; 
 290;     1.190;    23.986;    87.572; 
 291;     1.182;    23.986;    87.572; 
 292;     1.154;    23.989;    87.572; 
 293;     1.027;    24.131;    87.572; 
 294;     1.025;    24.139;    87.572; 
 295;     1.024;    24.151;    87.572; 
 296;     1.022;    24.163;    87.572; 
 297;     1.019;    24.183;    87.572; 
 298;     1.018;    24.200;    87.572; 
 299;     1.017;    24.208;    87.572; 
 300;     1.016;    24.213;    87.572; 
 301;     1.014;    24.226;    87.572; 
 302;     1.013;    24.232;    87.572; 
 303;     1.011;    24.245;    87.572; 
 304;     1.009;    24.265;    87.572; 
 305;     1.008;    24.268;    87.572; 
 306;     1.005;    24.287;    87.572; 
 307;     1.004;    24.304;    87.572; 
 308;     1.002;    24.313;    87.572; 
 309;     1.000;    24.328;    87.572; 
 310;      .998;    24.341;    87.572; 
 311;      .995;    24.357;    87.572; 
 312;      .994;    24.361;    87.572; 
 313;      .992;    24.376;    87.572; 
 314;      .991;    24.384;    87.572; 
 315;      .988;    24.400;    87.572; 
 316;      .986;    24.414;    87.572; 
 317;      .985;    24.421;    87.572; 
 318;      .981;    24.439;    87.572; 
 319;      .980;    24.447;    87.572; 
 320;      .978;    24.461;    87.572; 
 321;      .976;    24.472;    87.572; 
 322;      .974;    24.484;    87.572; 
 323;      .972;    24.493;    87.572; 
 324;      .971;    24.501;    87.572; 
 325;      .968;    24.517;    87.572; 
 326;      .967;    24.517;    87.572; 
 327;      .963;    24.538;    87.572; 
 328;      .961;    24.549;    87.572; 
 329;      .959;    24.557;    87.572; 
 330;      .956;    24.574;    87.572; 
 331;      .954;    24.584;    87.572; 
 332;      .953;    24.589;    87.572; 
 333;      .950;    24.602;    87.572; 
 334;      .947;    24.615;    87.572; 
 335;      .946;    24.623;    87.572; 
 336;      .944;    24.630;    87.572; 
 337;      .940;    24.651;    87.572; 
 338;      .939;    24.656;    87.572; 
 339;      .935;    24.672;    87.572; 
 340;      .933;    24.679;    87.572; 
 341;      .931;    24.690;    87.572; 
 342;      .929;    24.698;    87.572; 
 343;      .925;    24.717;    87.572; 
 344;      .924;    24.723;    87.572; 
 345;      .922;    24.732;    87.572; 
 346;      .920;    24.738;    87.572; 
 347;      .916;    24.755;    87.572; 
 348;      .914;    24.767;    87.572; 
 349;      .911;    24.776;    87.572; 
 350;      .909;    24.786;    87.572; 
 351;      .904;    24.806;    87.572; 
 352;      .900;    24.824;    87.572; 
 353;      .899;    24.826;    87.572; 
 354;      .896;    24.842;    87.572; 
 355;      .893;    24.854;    87.572; 
 356;      .891;    24.862;    87.572; 
 357;      .887;    24.876;    87.572; 
 358;      .883;    24.890;    87.572; 
 359;      .880;    24.904;    87.572; 
 360;      .878;    24.911;    87.572; 
 361;      .875;    24.920;    87.572; 
 362;      .869;    24.944;    87.572; 
 363;      .865;    24.958;    87.572; 
 364;      .864;    24.964;    87.572; 
 365;      .859;    24.982;    87.572; 
 366;      .856;    24.995;    87.572; 
 367;      .855;    24.999;    87.572; 
 368;      .852;    25.011;    87.572; 
 369;      .850;    25.018;    87.572; 
 370;      .844;    25.040;    87.572; 
 371;      .843;    25.041;    87.572; 
 372;      .838;    25.059;    87.572; 
 373;      .836;    25.065;    87.572; 
 374;      .832;    25.079;    87.572; 
 375;      .830;    25.085;    87.572; 
 376;      .827;    25.097;    87.572; 
 377;      .824;    25.108;    87.572; 
 378;      .821;    25.119;    87.572; 
 379;      .816;    25.136;    87.572; 
 380;      .814;    25.143;    87.572; 
 381;      .811;    25.150;    87.572; 
 382;      .808;    25.161;    87.572; 
 383;      .802;    25.182;    87.572; 
 384;      .801;    25.186;    87.572; 
 385;      .798;    25.194;    87.572; 
 386;      .793;    25.213;    87.572; 
 387;      .790;    25.223;    87.572; 
 388;      .788;    25.229;    87.572; 
 389;      .783;    25.245;    87.572; 
 390;      .781;    25.252;    87.572; 
 391;      .777;    25.265;    87.572; 
 392;      .774;    25.274;    87.572; 
 393;      .770;    25.285;    87.572; 
 394;      .768;    25.293;    87.572; 
 395;      .763;    25.309;    87.572; 
 396;      .759;    25.323;    87.572; 
 397;      .756;    25.330;    87.572; 
 398;      .753;    25.341;    87.572; 
 399;      .750;    25.350;    87.572; 
 400;      .746;    25.360;    87.572; 
 401;      .743;    25.368;    87.572; 
 402;      .738;    25.384;    87.572; 
 403;      .734;    25.397;    87.572; 
 404;      .729;    25.414;    87.572; 
 405;      .728;    25.416;    87.572; 
 406;      .723;    25.432;    87.572; 
 407;      .720;    25.439;    87.572; 
 408;      .716;    25.453;    87.572; 
 409;      .712;    25.464;    87.572; 
 410;      .708;    25.476;    87.572; 
 411;      .706;    25.482;    87.572; 
 412;      .703;    25.493;    87.572; 
 413;      .699;    25.503;    87.572; 
 414;      .694;    25.518;    87.572; 
 415;      .691;    25.527;    87.572; 
 416;      .689;    25.534;    87.572; 
 417;      .685;    25.545;    87.572; 
 418;      .680;    25.558;    87.572; 
 419;      .676;    25.571;    87.572; 
 420;      .672;    25.582;    87.572; 
 421;      .670;    25.588;    87.572; 
 422;      .666;    25.601;    87.572; 
 423;      .661;    25.615;    87.572; 
 424;      .657;    25.626;    87.572; 
 425;      .656;    25.627;    87.572; 
 426;      .648;    25.651;    87.572; 
 427;      .647;    25.655;    87.572; 
 428;      .643;    25.665;    87.572; 
 429;      .638;    25.676;    87.572; 
 430;      .635;    25.687;    87.572; 
 431;      .629;    25.704;    87.572; 
 432;      .627;    25.708;    87.572; 
 433;      .622;    25.723;    87.572; 
 434;      .619;    25.732;    87.572; 
 435;      .617;    25.737;    87.572; 
 436;      .609;    25.759;    87.572; 
 437;      .605;    25.770;    87.572; 
 438;      .604;    25.771;    87.572; 
 439;      .598;    25.789;    87.572; 
 440;      .597;    25.790;    87.572; 
 441;      .592;    25.805;    87.572; 
 442;      .587;    25.818;    87.572; 
 443;      .585;    25.823;    87.572; 
 444;      .579;    25.837;    87.572; 
 445;      .576;    25.845;    87.572; 
 446;      .570;    25.858;    87.572; 
 447;      .566;    25.867;    87.572; 
 448;      .563;    25.875;    87.572; 
 449;      .559;    25.883;    87.572; 
 450;      .553;    25.896;    87.572; 
 451;      .549;    25.905;    87.572; 
 452;      .545;    25.913;    87.572; 
 453;      .537;    25.934;    87.572; 
 454;      .533;    25.945;    87.572; 
 455;      .530;    25.950;    87.572; 
 456;      .524;    25.964;    87.572; 
 457;      .522;    25.967;    87.572; 
 458;      .515;    25.985;    87.572; 
 459;      .514;    25.986;    87.572; 
 460;      .504;    26.008;    87.572; 
 461;      .500;    26.018;    87.572; 
 462;      .497;    26.026;    87.572; 
 463;      .491;    26.038;    87.572; 
 464;      .487;    26.046;    87.572; 
 465;      .481;    26.062;    87.572; 
 466;      .478;    26.066;    87.572; 
 467;      .474;    26.074;    87.572; 
 468;      .466;    26.093;    87.572; 
 469;      .462;    26.101;    87.572; 
 470;      .457;    26.113;    87.572; 
 471;      .454;    26.120;    87.572; 
 472;      .448;    26.133;    87.572; 
 473;      .441;    26.148;    87.572; 
 474;      .439;    26.153;    87.572; 
 475;      .435;    26.161;    87.572; 
 476;      .426;    26.179;    87.572; 
 477;      .424;    26.184;    87.572; 
 478;      .416;    26.201;    87.572; 
 479;      .414;    26.204;    87.572; 
 480;      .408;    26.218;    87.572; 
 481;      .402;    26.230;    87.572; 
 482;      .399;    26.237;    87.572; 
 483;      .394;    26.247;    87.572; 
 484;      .390;    26.256;    87.572; 
 485;      .386;    26.265;    87.572; 
 486;      .382;    26.271;    87.572; 
 487;      .379;    26.277;    87.572; 
 488;      .369;    26.298;    87.572; 
 489;      .364;    26.309;    87.572; 
 490;      .360;    26.317;    87.572; 
 491;      .356;    26.324;    87.572; 
 492;      .351;    26.335;    87.572; 
 493;      .344;    26.349;    87.572; 
 494;      .341;    26.355;    87.572; 
 495;      .336;    26.362;    87.572; 
 496;      .336;    26.360;    87.572; 
 497;      .333;    26.364;    87.572; 
 498;      .330;    26.365;    87.572; 
 499;      .324;    26.367;    87.572; 
 500;      .323;    26.365;    87.572; 
 501;      .323;    26.362;    87.572; 
 502;      .318;    26.360;    87.572; 
 503;      .297;    26.360;    87.572; 
 504;      .285;    26.360;    87.572; 
 505;      .275;    26.360;    87.572; 
 506;      .261;    26.360;    87.572; 
 507;      .251;    26.360;    87.572; 
 508;      .243;    26.360;    87.572; 
 509;      .229;    26.360;    87.572; 
 510;      .218;    26.360;    87.572; 
 511;      .205;    26.360;    87.572; 
 512;      .192;    26.360;    87.572; 
 513;      .184;    26.360;    87.572; 
 514;      .174;    26.360;    87.572; 
 515;      .161;    26.361;    87.572; 
 516;      .151;    26.361;    87.572; 
 517;      .141;    26.361;    87.572; 
 518;      .130;    26.361;    87.572; 
 519;      .120;    26.361;    87.572; 
 520;      .106;    26.361;    87.572; 
 521;      .099;    26.361;    87.572; 
 522;      .086;    26.361;    87.572; 
 523;      .077;    26.361;    87.572; 
 524;      .066;    26.361;    87.572; 
 525;      .055;    26.361;    87.572; 
 526;      .044;    26.361;    87.572; 
 527;      .035;    26.361;    87.572; 
 528;      .022;    26.361;    87.572; 
 529;      .012;    26.361;    87.572; 
 530;      .004;    26.361;    87.572; 
 531;     -.010;    26.361;    87.572; 
 532;     -.021;    26.361;    87.572; 
 533;     -.031;    26.361;    87.572; 
 534;     -.042;    26.361;    87.572; 
 535;     -.054;    26.361;    87.572; 
 536;     -.066;    26.361;    87.572; 
 537;     -.077;    26.361;    87.572; 
 538;     -.087;    26.361;    87.572; 
 539;     -.098;    26.361;    87.572; 
 540;     -.109;    26.361;    87.572; 
 541;     -.118;    26.360;    87.572; 
 542;     -.131;    26.360;    87.572; 
 543;     -.142;    26.360;    87.572; 
 544;     -.156;    26.360;    87.572; 
 545;     -.167;    26.360;    87.572; 
 546;     -.180;    26.360;    87.572; 
 547;     -.191;    26.360;    87.572; 
 548;     -.202;    26.360;    87.572; 
 549;     -.214;    26.360;    87.572; 
 550;     -.222;    26.360;    87.572; 
 551;     -.236;    26.360;    87.572; 
 552;     -.248;    26.360;    87.572; 
 553;     -.258;    26.360;    87.572; 
 554;     -.281;    26.360;    87.572; 
 555;     -.294;    26.360;    87.572; 
 556;     -.291;    26.359;    87.572; 
 557;     -.296;    26.357;    87.572; 
 558;     -.298;    26.355;    87.572; 
 559;     -.306;    26.345;    87.572; 
 560;     -.304;    26.340;    87.572; 
 561;     -.305;    26.331;    87.572; 
 562;     -.317;    26.309;    87.572; 
 563;     -.319;    26.306;    87.572; 
 564;     -.321;    26.300;    87.572; 
 565;     -.329;    26.284;    87.572; 
 566;     -.333;    26.276;    87.572; 
 567;     -.340;    26.263;    87.572; 
 568;     -.346;    26.249;    87.572; 
 569;     -.351;    26.240;    87.572; 
 570;     -.354;    26.232;    87.572; 
 571;     -.361;    26.220;    87.572; 
 572;     -.362;    26.216;    87.572; 
 573;     -.368;    26.203;    87.572; 
 574;     -.375;    26.188;    87.572; 
 575;     -.381;    26.177;    87.572; 
 576;     -.385;    26.168;    87.572; 
 577;     -.390;    26.158;    87.572; 
 578;     -.396;    26.144;    87.572; 
 579;     -.402;    26.133;    87.572; 
 580;     -.405;    26.125;    87.572; 
 581;     -.412;    26.110;    87.572; 
 582;     -.420;    26.094;    87.572; 
 583;     -.423;    26.086;    87.572; 
 584;     -.430;    26.071;    87.572; 
 585;     -.436;    26.058;    87.572; 
 586;     -.440;    26.049;    87.572; 
 587;     -.445;    26.038;    87.572; 
 588;     -.452;    26.022;    87.572; 
 589;     -.455;    26.015;    87.572; 
 590;     -.463;    25.998;    87.572; 
 591;     -.468;    25.987;    87.572; 
 592;     -.471;    25.980;    87.572; 
 593;     -.474;    25.972;    87.572; 
 594;     -.481;    25.958;    87.572; 
 595;     -.484;    25.948;    87.572; 
 596;     -.489;    25.937;    87.572; 
 597;     -.499;    25.916;    87.572; 
 598;     -.503;    25.906;    87.572; 
 599;     -.505;    25.900;    87.572; 
 600;     -.515;    25.879;    87.572; 
 601;     -.522;    25.865;    87.572; 
 602;     -.525;    25.855;    87.572; 
 603;     -.531;    25.842;    87.572; 
 604;     -.534;    25.835;    87.572; 
 605;     -.539;    25.820;    87.572; 
 606;     -.547;    25.801;    87.572; 
 607;     -.548;    25.799;    87.572; 
 608;     -.553;    25.787;    87.572; 
 609;     -.557;    25.776;    87.572; 
 610;     -.563;    25.759;    87.572; 
 611;     -.567;    25.747;    87.572; 
 612;     -.571;    25.737;    87.572; 
 613;     -.578;    25.719;    87.572; 
 614;     -.582;    25.708;    87.572; 
 615;     -.584;    25.700;    87.572; 
 616;     -.592;    25.680;    87.572; 
 617;     -.595;    25.673;    87.572; 
 618;     -.598;    25.665;    87.572; 
 619;     -.603;    25.649;    87.572; 
 620;     -.608;    25.638;    87.572; 
 621;     -.614;    25.620;    87.572; 
 622;     -.616;    25.616;    87.572; 
 623;     -.619;    25.606;    87.572; 
 624;     -.623;    25.595;    87.572; 
 625;     -.628;    25.580;    87.572; 
 626;     -.631;    25.571;    87.572; 
 627;     -.637;    25.556;    87.572; 
 628;     -.640;    25.547;    87.572; 
 629;     -.644;    25.534;    87.572; 
 630;     -.646;    25.528;    87.572; 
 631;     -.652;    25.510;    87.572; 
 632;     -.657;    25.496;    87.572; 
 633;     -.661;    25.484;    87.572; 
 634;     -.665;    25.474;    87.572; 
 635;     -.670;    25.458;    87.572; 
 636;     -.675;    25.443;    87.572; 
 637;     -.679;    25.433;    87.572; 
 638;     -.683;    25.420;    87.572; 
 639;     -.687;    25.407;    87.572; 
 640;     -.692;    25.394;    87.572; 
 641;     -.693;    25.387;    87.572; 
 642;     -.702;    25.363;    87.572; 
 643;     -.705;    25.354;    87.572; 
 644;     -.709;    25.340;    87.572; 
 645;     -.712;    25.330;    87.572; 
 646;     -.716;    25.318;    87.572; 
 647;     -.721;    25.304;    87.572; 
 648;     -.725;    25.292;    87.572; 
 649;     -.728;    25.282;    87.572; 
 650;     -.732;    25.268;    87.572; 
 651;     -.737;    25.251;    87.572; 
 652;     -.739;    25.245;    87.572; 
 653;     -.744;    25.228;    87.572; 
 654;     -.749;    25.214;    87.572; 
 655;     -.749;    25.211;    87.572; 
 656;     -.756;    25.189;    87.572; 
 657;     -.757;    25.187;    87.572; 
 658;     -.762;    25.170;    87.572; 
 659;     -.764;    25.162;    87.572; 
 660;     -.768;    25.149;    87.572; 
 661;     -.771;    25.140;    87.572; 
 662;     -.774;    25.130;    87.572; 
 663;     -.776;    25.119;    87.572; 
 664;     -.780;    25.108;    87.572; 
 665;     -.784;    25.094;    87.572; 
 666;     -.789;    25.078;    87.572; 
 667;     -.791;    25.068;    87.572; 
 668;     -.793;    25.060;    87.572; 
 669;     -.797;    25.046;    87.572; 
 670;     -.804;    25.021;    87.572; 
 671;     -.808;    25.008;    87.572; 
 672;     -.810;    25.000;    87.572; 
 673;     -.813;    24.989;    87.572; 
 674;     -.816;    24.978;    87.572; 
 675;     -.819;    24.966;    87.572; 
 676;     -.823;    24.952;    87.572; 
 677;     -.826;    24.942;    87.572; 
 678;     -.828;    24.933;    87.572; 
 679;     -.833;    24.915;    87.572; 
 680;     -.835;    24.907;    87.572; 
 681;     -.837;    24.898;    87.572; 
 682;     -.841;    24.884;    87.572; 
 683;     -.843;    24.875;    87.572; 
 684;     -.846;    24.865;    87.572; 
 685;     -.848;    24.854;    87.572; 
 686;     -.851;    24.843;    87.572; 
 687;     -.855;    24.825;    87.572; 
 688;     -.859;    24.808;    87.572; 
 689;     -.864;    24.791;    87.572; 
 690;     -.868;    24.773;    87.572; 
 691;     -.871;    24.759;    87.572; 
 692;     -.873;    24.752;    87.572; 
 693;     -.876;    24.738;    87.572; 
 694;     -.879;    24.723;    87.572; 
 695;     -.881;    24.715;    87.572; 
 696;     -.884;    24.701;    87.572; 
 697;     -.888;    24.684;    87.572; 
 698;     -.890;    24.674;    87.572; 
 699;     -.894;    24.658;    87.572; 
 700;     -.896;    24.648;    87.572; 
 701;     -.898;    24.640;    87.572; 
 702;     -.900;    24.628;    87.572; 
 703;     -.903;    24.615;    87.572; 
 704;     -.904;    24.607;    87.572; 
 705;     -.907;    24.596;    87.572; 
 706;     -.909;    24.583;    87.572; 
 707;     -.911;    24.573;    87.572; 
 708;     -.914;    24.560;    87.572; 
 709;     -.916;    24.549;    87.572; 
 710;     -.919;    24.535;    87.572; 
 711;     -.922;    24.523;    87.572; 
 712;     -.922;    24.519;    87.572; 
 713;     -.926;    24.502;    87.572; 
 714;     -.928;    24.494;    87.572; 
 715;     -.930;    24.482;    87.572; 
 716;     -.931;    24.475;    87.572; 
 717;     -.934;    24.461;    87.572; 
 718;     -.935;    24.450;    87.572; 
 719;     -.938;    24.437;    87.572; 
 720;     -.939;    24.426;    87.572; 
 721;     -.942;    24.412;    87.572; 
 722;     -.943;    24.403;    87.572; 
 723;     -.946;    24.386;    87.572; 
 724;     -.948;    24.374;    87.572; 
 725;     -.949;    24.366;    87.572; 
 726;     -.951;    24.354;    87.572; 
 727;     -.953;    24.345;    87.572; 
 728;     -.955;    24.328;    87.572; 
 729;     -.957;    24.315;    87.572; 
 730;     -.959;    24.301;    87.572; 
 731;     -.961;    24.289;    87.572; 
 732;     -.963;    24.278;    87.572; 
 733;     -.965;    24.265;    87.572; 
 734;     -.966;    24.255;    87.572; 
 735;     -.968;    24.244;    87.572; 
 736;     -.970;    24.230;    87.572; 
 737;     -.971;    24.220;    87.572; 
 738;     -.972;    24.211;    87.572; 
 739;     -.973;    24.200;    87.572; 
 740;     -.975;    24.191;    87.572; 
 741;     -.976;    24.182;    87.572; 
 742;     -.977;    24.170;    87.572; 
 743;     -.980;    24.152;    87.572; 
 744;     -.981;    24.143;    87.572; 
 745;     -.983;    24.129;    87.572; 
 746;     -.984;    24.120;    87.572; 
 747;    -1.077;    24.002;    87.572; 
 748;    -1.144;    23.985;    87.572; 
 749;    -1.158;    23.984;    87.572; 
 750;    -1.169;    23.984;    87.572; 
 751;    -1.181;    23.983;    87.572; 
 752;    -1.188;    23.983;    87.572; 
 753;    -1.201;    23.982;    87.572; 
 754;    -1.213;    23.981;    87.572; 
 755;    -1.223;    23.981;    87.572; 
 756;    -1.235;    23.980;    87.572; 
 757;    -1.247;    23.979;    87.572; 
 758;    -1.257;    23.978;    87.572; 
 759;    -1.267;    23.978;    87.572; 
 760;    -1.280;    23.977;    87.572; 
 761;    -1.288;    23.976;    87.572; 
 762;    -1.301;    23.976;    87.572; 
 763;    -1.310;    23.975;    87.572; 
 764;    -1.321;    23.974;    87.572; 
 765;    -1.333;    23.974;    87.572; 
 766;    -1.344;    23.973;    87.572; 
 767;    -1.353;    23.972;    87.572; 
 768;    -1.366;    23.972;    87.572; 
 769;    -1.378;    23.971;    87.572; 
 770;    -1.389;    23.970;    87.572; 
 771;    -1.401;    23.970;    87.572; 
 772;    -1.411;    23.969;    87.572; 
 773;    -1.422;    23.968;    87.572; 
 774;    -1.437;    23.967;    87.572; 
 775;    -1.447;    23.967;    87.572; 
 776;    -1.458;    23.966;    87.572; 
 777;    -1.471;    23.965;    87.572; 
 778;    -1.481;    23.965;    87.572; 
 779;    -1.490;    23.964;    87.572; 
 780;    -1.503;    23.963;    87.572; 
 781;    -1.517;    23.962;    87.572; 
 782;    -1.528;    23.962;    87.572; 
 783;    -1.538;    23.961;    87.572; 
 784;    -1.550;    23.960;    87.572; 
 785;    -1.559;    23.960;    87.572; 
 786;    -1.571;    23.959;    87.572; 
 787;    -1.583;    23.958;    87.572; 
 788;    -1.594;    23.958;    87.572; 
 789;    -1.605;    23.957;    87.572; 
 790;    -1.610;    23.956;    87.572; 
 791;    -1.627;    23.955;    87.572; 
 792;    -1.641;    23.955;    87.572; 
 793;    -1.649;    23.954;    87.572; 
 794;    -1.663;    23.953;    87.572; 
 795;    -1.672;    23.953;    87.572; 
 796;    -1.682;    23.952;    87.572; 
 797;    -1.696;    23.951;    87.572; 
 798;    -1.711;    23.951;    87.572; 
 799;    -1.718;    23.950;    87.572; 
 800;    -1.735;    23.949;    87.572; 
 801;    -1.747;    23.948;    87.572; 
 802;    -1.759;    23.948;    87.572; 
 803;    -1.770;    23.947;    87.572; 
 804;    -1.780;    23.946;    87.572; 
 805;    -1.796;    23.945;    87.572; 
 806;    -1.948;    24.046;    87.572; 
 807;    -1.958;    24.077;    87.572; 
 808;    -1.960;    24.084;    87.572; 
 809;    -1.965;    24.102;    87.572; 
 810;    -1.968;    24.116;    87.572; 
 811;    -1.971;    24.127;    87.572; 
 812;    -1.975;    24.142;    87.572; 
 813;    -1.977;    24.150;    87.572; 
 814;    -1.978;    24.155;    87.572; 
 815;    -1.982;    24.171;    87.572; 
 816;    -1.985;    24.180;    87.572; 
 817;    -1.989;    24.195;    87.572; 
 818;    -1.993;    24.207;    87.572; 
 819;    -1.996;    24.218;    87.572; 
 820;    -2.001;    24.239;    87.572; 
 821;    -2.002;    24.243;    87.572; 
 822;    -2.005;    24.253;    87.572; 
 823;    -2.010;    24.274;    87.572; 
 824;    -2.011;    24.275;    87.572; 
 825;    -2.015;    24.290;    87.572; 
 826;    -2.019;    24.301;    87.572; 
 827;    -2.023;    24.318;    87.572; 
 828;    -2.027;    24.330;    87.572; 
 829;    -2.030;    24.340;    87.572; 
 830;    -2.033;    24.352;    87.572; 
 831;    -2.036;    24.360;    87.572; 
 832;    -2.040;    24.374;    87.572; 
 833;    -2.045;    24.390;    87.572; 
 834;    -2.046;    24.392;    87.572; 
 835;    -2.050;    24.407;    87.572; 
 836;    -2.053;    24.417;    87.572; 
 837;    -2.056;    24.426;    87.572; 
 838;    -2.059;    24.435;    87.572; 
 839;    -2.064;    24.450;    87.572; 
 840;    -2.066;    24.456;    87.572; 
 841;    -2.071;    24.470;    87.572; 
 842;    -2.075;    24.484;    87.572; 
 843;    -2.076;    24.486;    87.572; 
 844;    -2.081;    24.502;    87.572; 
 845;    -2.086;    24.515;    87.572; 
 846;    -2.089;    24.524;    87.572; 
 847;    -2.095;    24.544;    87.572; 
 848;    -2.098;    24.550;    87.572; 
 849;    -2.101;    24.560;    87.572; 
 850;    -2.106;    24.573;    87.572; 
 851;    -2.109;    24.583;    87.572; 
 852;    -2.115;    24.600;    87.572; 
 853;    -2.116;    24.604;    87.572; 
 854;    -2.120;    24.613;    87.572; 
 855;    -2.125;    24.628;    87.572; 
 856;    -2.129;    24.637;    87.572; 
 857;    -2.132;    24.646;    87.572; 
 858;    -2.137;    24.659;    87.572; 
 859;    -2.142;    24.675;    87.572; 
 860;    -2.146;    24.687;    87.572; 
 861;    -2.148;    24.692;    87.572; 
 862;    -2.149;    24.692;    87.572; 
 863;    -2.158;    24.716;    87.572; 
 864;    -2.161;    24.724;    87.572; 
 865;    -2.166;    24.741;    87.572; 
 866;    -2.167;    24.740;    87.572; 
 867;    -2.173;    24.756;    87.572; 
 868;    -2.178;    24.771;    87.572; 
 869;    -2.181;    24.778;    87.572; 
 870;    -2.187;    24.793;    87.572; 
 871;    -2.185;    24.789;    87.572; 
 872;    -2.195;    24.812;    87.572; 
 873;    -2.201;    24.830;    87.572; 
 874;    -2.202;    24.832;    87.572; 
 875;    -2.211;    24.854;    87.572; 
 876;    -2.214;    24.861;    87.572; 
 877;    -2.219;    24.872;    87.572; 
 878;    -2.228;    24.897;    87.572; 
 879;    -2.230;    24.902;    87.572; 
 880;    -2.233;    24.909;    87.572; 
 881;    -2.241;    24.931;    87.572; 
 882;    -2.240;    24.925;    87.572; 
 883;    -2.250;    24.951;    87.572; 
 884;    -2.250;    24.951;    87.572; 
 885;    -2.258;    24.969;    87.572; 
 886;    -2.262;    24.979;    87.572; 
 887;    -2.264;    24.982;    87.572; 
 888;    -2.273;    25.004;    87.572; 
 889;    -2.275;    25.008;    87.572; 
 890;    -2.283;    25.027;    87.572; 
 891;    -2.286;    25.035;    87.572; 
 892;    -2.290;    25.045;    87.572; 
 893;    -2.293;    25.052;    87.572; 
 894;    -2.297;    25.060;    87.572; 
 895;    -2.303;    25.072;    87.572; 
 896;    -2.309;    25.088;    87.572; 
 897;    -2.311;    25.092;    87.572; 
 898;    -2.316;    25.103;    87.572; 
 899;    -2.322;    25.115;    87.572; 
 900;    -2.329;    25.132;    87.572; 
 901;    -2.331;    25.138;    87.572; 
 902;    -2.336;    25.148;    87.572; 
 903;    -2.339;    25.155;    87.572; 
 904;    -2.345;    25.169;    87.572; 
 905;    -2.349;    25.178;    87.572; 
 906;    -2.353;    25.186;    87.572; 
 907;    -2.357;    25.193;    87.572; 
 908;    -2.363;    25.206;    87.572; 
 909;    -2.367;    25.215;    87.572; 
 910;    -2.372;    25.226;    87.572; 
 911;    -2.377;    25.238;    87.572; 
 912;    -2.381;    25.247;    87.572; 
 913;    -2.386;    25.257;    87.572; 
 914;    -2.391;    25.267;    87.572; 
 915;    -2.395;    25.277;    87.572; 
 916;    -2.401;    25.289;    87.572; 
 917;    -2.405;    25.297;    87.572; 
 918;    -2.409;    25.305;    87.572; 
 919;    -2.414;    25.316;    87.572; 
 920;    -2.419;    25.326;    87.572; 
 921;    -2.425;    25.339;    87.572; 
 922;    -2.429;    25.349;    87.572; 
 923;    -2.433;    25.357;    87.572; 
 924;    -2.438;    25.367;    87.572; 
 925;    -2.441;    25.374;    87.572; 
 926;    -2.445;    25.383;    87.572; 
 927;    -2.450;    25.392;    87.572; 
 928;    -2.457;    25.406;    87.572; 
 929;    -2.463;    25.420;    87.572; 
 930;    -2.466;    25.425;    87.572; 
 931;    -2.470;    25.433;    87.572; 
 932;    -2.477;    25.446;    87.572; 
 933;    -2.483;    25.459;    87.572; 
 934;    -2.487;    25.467;    87.572; 
 935;    -2.492;    25.478;    87.572; 
 936;    -2.499;    25.493;    87.572; 
 937;    -2.504;    25.502;    87.572; 
 938;    -2.508;    25.510;    87.572; 
 939;    -2.511;    25.515;    87.572; 
 940;    -2.521;    25.535;    87.572; 
 941;    -2.524;    25.541;    87.572; 
 942;    -2.528;    25.549;    87.572; 
 943;    -2.533;    25.559;    87.572; 
 944;    -2.540;    25.572;    87.572; 
 945;    -2.546;    25.584;    87.572; 
 946;    -2.550;    25.593;    87.572; 
 947;    -2.554;    25.601;    87.572; 
 948;    -2.558;    25.610;    87.572; 
 949;    -2.563;    25.619;    87.572; 
 950;    -2.568;    25.630;    87.572; 
 951;    -2.575;    25.644;    87.572; 
 952;    -2.577;    25.646;    87.572; 
 953;    -2.585;    25.661;    87.572; 
 954;    -2.589;    25.669;    87.572; 
 955;    -2.595;    25.682;    87.572; 
 956;    -2.600;    25.689;    87.572; 
 957;    -2.605;    25.700;    87.572; 
 958;    -2.611;    25.709;    87.572; 
 959;    -2.615;    25.717;    87.572; 
 960;    -2.620;    25.725;    87.572; 
 961;    -2.626;    25.737;    87.572; 
 962;    -2.632;    25.747;    87.572; 
 963;    -2.634;    25.748;    87.572; 
 964;    -2.643;    25.764;    87.572; 
 965;    -2.649;    25.774;    87.572; 
 966;    -2.652;    25.778;    87.572; 
 967;    -2.664;    25.800;    87.572; 
 968;    -2.666;    25.803;    87.572; 
 969;    -2.675;    25.820;    87.572; 
 970;    -2.679;    25.825;    87.572; 
 971;    -2.687;    25.838;    87.572; 
 972;    -2.692;    25.847;    87.572; 
 973;    -2.695;    25.852;    87.572; 
 974;    -2.706;    25.869;    87.572; 
 975;    -2.713;    25.882;    87.572; 
 976;    -2.715;    25.885;    87.572; 
 977;    -2.723;    25.899;    87.572; 
 978;    -2.724;    25.901;    87.572; 
 979;    -2.734;    25.917;    87.572; 
 980;    -2.738;    25.924;    87.572; 
 981;    -2.740;    25.927;    87.572; 
 982;    -2.753;    25.947;    87.572; 
 983;    -2.755;    25.951;    87.572; 
 984;    -2.762;    25.962;    87.572; 
 985;    -2.770;    25.976;    87.572; 
 986;    -2.773;    25.980;    87.572; 
 987;    -2.781;    25.993;    87.572; 
 988;    -2.787;    26.003;    87.572; 
 989;    -2.792;    26.011;    87.572; 
 990;    -2.799;    26.022;    87.572; 
 991;    -2.804;    26.030;    87.572; 
 992;    -2.815;    26.047;    87.572; 
 993;    -2.820;    26.054;    87.572; 
 994;    -2.828;    26.067;    87.572; 
 995;    -2.835;    26.078;    87.572; 
 996;    -2.839;    26.085;    87.572; 
 997;    -2.844;    26.093;    87.572; 
 998;    -2.851;    26.104;    87.572; 
 999;    -2.856;    26.111;    87.572; 
1000;    -2.866;    26.127;    87.572; 
1001;    -2.868;    26.129;    87.572; 
1002;    -2.880;    26.149;    87.572; 
1003;    -2.884;    26.155;    87.572; 
1004;    -2.887;    26.158;    87.572; 
1005;    -2.896;    26.173;    87.572; 
1006;    -2.904;    26.185;    87.572; 
1007;    -2.909;    26.191;    87.572; 
1008;    -2.915;    26.199;    87.572; 
1009;    -2.919;    26.202;    87.572; 
1010;    -2.922;    26.204;    87.572; 
1011;    -2.924;    26.203;    87.572; 
1012;    -2.926;    26.202;    87.572; 
1013;    -2.929;    26.201;    87.572; 
1014;    -2.932;    26.199;    87.572; 
1015;    -2.941;    26.195;    87.572; 
1016;    -2.958;    26.193;    87.572; 
1017;    -2.967;    26.192;    87.572; 
1018;    -2.976;    26.191;    87.572; 
1019;    -2.991;    26.189;    87.572; 
1020;    -3.004;    26.187;    87.572; 
1021;    -3.014;    26.186;    87.572; 
1022;    -3.027;    26.185;    87.572; 
1023;    -3.037;    26.183;    87.572; 
1024;    -3.047;    26.182;    87.572; 
1025;    -3.058;    26.181;    87.572; 
1026;    -3.068;    26.180;    87.572; 
1027;    -3.081;    26.178;    87.572; 
1028;    -3.092;    26.177;    87.572; 
1029;    -3.104;    26.176;    87.572; 
1030;    -3.115;    26.174;    87.572; 
1031;    -3.125;    26.173;    87.572; 
1032;    -3.137;    26.172;    87.572; 
1033;    -3.147;    26.170;    87.572; 
1034;    -3.156;    26.169;    87.572; 
1035;    -3.170;    26.168;    87.572; 
1036;    -3.180;    26.166;    87.572; 
1037;    -3.192;    26.165;    87.572; 
1038;    -3.203;    26.164;    87.572; 
1039;    -3.212;    26.162;    87.572; 
1040;    -3.223;    26.161;    87.572; 
1041;    -3.237;    26.159;    87.572; 
1042;    -3.246;    26.158;    87.572; 
1043;    -3.255;    26.157;    87.572; 
1044;    -3.266;    26.156;    87.572; 
1045;    -3.278;    26.154;    87.572; 
1046;    -3.289;    26.153;    87.572; 
1047;    -3.300;    26.152;    87.572; 
1048;    -3.310;    26.151;    87.572; 
1049;    -3.321;    26.149;    87.572; 
1050;    -3.331;    26.148;    87.572; 
1051;    -3.344;    26.146;    87.572; 
1052;    -3.356;    26.144;    87.572; 
1053;    -3.367;    26.143;    87.572; 
1054;    -3.376;    26.142;    87.572; 
1055;    -3.385;    26.141;    87.572; 
1056;    -3.398;    26.139;    87.572; 
1057;    -3.408;    26.137;    87.572; 
1058;    -3.420;    26.136;    87.572; 
1059;    -3.432;    26.134;    87.572; 
1060;    -3.444;    26.133;    87.572; 
1061;    -3.453;    26.132;    87.572; 
1062;    -3.464;    26.130;    87.572; 
1063;    -3.476;    26.128;    87.572; 
1064;    -3.490;    26.127;    87.572; 
1065;    -3.501;    26.125;    87.572; 
1066;    -3.524;    26.123;    87.572; 
1067;    -3.545;    26.122;    87.572; 
1068;    -3.543;    26.121;    87.572; 
1069;    -3.548;    26.117;    87.572; 
1070;    -3.549;    26.112;    87.572; 
1071;    -3.549;    26.107;    87.572; 
1072;    -3.548;    26.099;    87.572; 
1073;    -3.553;    26.079;    87.572; 
1074;    -3.564;    26.052;    87.572; 
1075;    -3.560;    26.061;    87.572; 
1076;    -3.568;    26.040;    87.572; 
1077;    -3.571;    26.030;    87.572; 
1078;    -3.573;    26.024;    87.572; 
1079;    -3.576;    26.013;    87.572; 
1080;    -3.582;    25.997;    87.572; 
1081;    -3.587;    25.983;    87.572; 
1082;    -3.591;    25.970;    87.572; 
1083;    -3.593;    25.965;    87.572; 
1084;    -3.596;    25.953;    87.572; 
1085;    -3.602;    25.938;    87.572; 
1086;    -3.604;    25.931;    87.572; 
1087;    -3.607;    25.922;    87.572; 
1088;    -3.611;    25.909;    87.572; 
