[A]
   1;     3.178;    26.266;    87.504; 
   2;     3.166;    26.267;    87.504; 
   3;     3.158;    26.268;    87.504; 
   4;     3.153;    26.268;    87.504; 
   5;     3.139;    26.270;    87.504; 
   6;     3.124;    26.271;    87.504; 
   7;     3.114;    26.273;    87.504; 
   8;     3.105;    26.274;    87.504; 
   9;     3.092;    26.275;    87.504; 
  10;     3.080;    26.277;    87.504; 
  11;     3.061;    26.280;    87.504; 
  12;     3.053;    26.281;    87.504; 
  13;     3.038;    26.282;    87.504; 
  14;     3.029;    26.283;    87.504; 
  15;     3.017;    26.285;    87.504; 
  16;     3.006;    26.286;    87.504; 
  17;     2.995;    26.287;    87.504; 
  18;     2.985;    26.288;    87.504; 
  19;     2.974;    26.290;    87.504; 
  20;     2.961;    26.291;    87.504; 
  21;     2.942;    26.294;    87.504; 
  22;     2.924;    26.298;    87.504; 
  23;     2.918;    26.298;    87.504; 
  24;     2.918;    26.297;    87.504; 
  25;     2.909;    26.292;    87.504; 
  26;     2.914;    26.289;    87.504; 
  27;     2.911;    26.283;    87.504; 
  28;     2.906;    26.271;    87.504; 
  29;     2.888;    26.246;    87.504; 
  30;     2.888;    26.243;    87.504; 
  31;     2.877;    26.228;    87.504; 
  32;     2.872;    26.219;    87.504; 
  33;     2.863;    26.206;    87.504; 
  34;     2.856;    26.195;    87.504; 
  35;     2.848;    26.183;    87.504; 
  36;     2.841;    26.173;    87.504; 
  37;     2.836;    26.164;    87.504; 
  38;     2.832;    26.157;    87.504; 
  39;     2.823;    26.143;    87.504; 
  40;     2.816;    26.133;    87.504; 
  41;     2.813;    26.127;    87.504; 
  42;     2.803;    26.113;    87.504; 
  43;     2.795;    26.101;    87.504; 
  44;     2.792;    26.096;    87.504; 
  45;     2.787;    26.087;    87.504; 
  46;     2.780;    26.076;    87.504; 
  47;     2.772;    26.064;    87.504; 
  48;     2.767;    26.056;    87.504; 
  49;     2.764;    26.050;    87.504; 
  50;     2.755;    26.036;    87.504; 
  51;     2.748;    26.025;    87.504; 
  52;     2.741;    26.013;    87.504; 
  53;     2.737;    26.006;    87.504; 
  54;     2.726;    25.989;    87.504; 
  55;     2.720;    25.980;    87.504; 
  56;     2.716;    25.973;    87.504; 
  57;     2.710;    25.963;    87.504; 
  58;     2.702;    25.950;    87.504; 
  59;     2.698;    25.943;    87.504; 
  60;     2.694;    25.935;    87.504; 
  61;     2.682;    25.917;    87.504; 
  62;     2.676;    25.907;    87.504; 
  63;     2.671;    25.897;    87.504; 
  64;     2.663;    25.885;    87.504; 
  65;     2.652;    25.866;    87.504; 
  66;     2.642;    25.851;    87.504; 
  67;     2.643;    25.852;    87.504; 
  68;     2.634;    25.835;    87.504; 
  69;     2.626;    25.822;    87.504; 
  70;     2.621;    25.813;    87.504; 
  71;     2.614;    25.802;    87.504; 
  72;     2.609;    25.793;    87.504; 
  73;     2.606;    25.786;    87.504; 
  74;     2.599;    25.774;    87.504; 
  75;     2.593;    25.763;    87.504; 
  76;     2.586;    25.749;    87.504; 
  77;     2.579;    25.736;    87.504; 
  78;     2.572;    25.724;    87.504; 
  79;     2.566;    25.713;    87.504; 
  80;     2.564;    25.707;    87.504; 
  81;     2.555;    25.691;    87.504; 
  82;     2.550;    25.680;    87.504; 
  83;     2.545;    25.671;    87.504; 
  84;     2.538;    25.658;    87.504; 
  85;     2.535;    25.651;    87.504; 
  86;     2.531;    25.643;    87.504; 
  87;     2.523;    25.628;    87.504; 
  88;     2.519;    25.621;    87.504; 
  89;     2.515;    25.613;    87.504; 
  90;     2.508;    25.599;    87.504; 
  91;     2.502;    25.587;    87.504; 
  92;     2.500;    25.584;    87.504; 
  93;     2.492;    25.567;    87.504; 
  94;     2.492;    25.566;    87.504; 
  95;     2.483;    25.548;    87.504; 
  96;     2.477;    25.537;    87.504; 
  97;     2.473;    25.528;    87.504; 
  98;     2.467;    25.517;    87.504; 
  99;     2.460;    25.503;    87.504; 
 100;     2.456;    25.495;    87.504; 
 101;     2.450;    25.483;    87.504; 
 102;     2.446;    25.473;    87.504; 
 103;     2.440;    25.462;    87.504; 
 104;     2.435;    25.452;    87.504; 
 105;     2.428;    25.437;    87.504; 
 106;     2.422;    25.424;    87.504; 
 107;     2.419;    25.419;    87.504; 
 108;     2.412;    25.404;    87.504; 
 109;     2.409;    25.397;    87.504; 
 110;     2.404;    25.387;    87.504; 
 111;     2.396;    25.370;    87.504; 
 112;     2.393;    25.363;    87.504; 
 113;     2.389;    25.355;    87.504; 
 114;     2.386;    25.348;    87.504; 
 115;     2.380;    25.336;    87.504; 
 116;     2.375;    25.325;    87.504; 
 117;     2.369;    25.312;    87.504; 
 118;     2.367;    25.308;    87.504; 
 119;     2.362;    25.296;    87.504; 
 120;     2.356;    25.284;    87.504; 
 121;     2.352;    25.275;    87.504; 
 122;     2.345;    25.260;    87.504; 
 123;     2.340;    25.248;    87.504; 
 124;     2.337;    25.242;    87.504; 
 125;     2.331;    25.228;    87.504; 
 126;     2.324;    25.214;    87.504; 
 127;     2.319;    25.203;    87.504; 
 128;     2.312;    25.186;    87.504; 
 129;     2.308;    25.177;    87.504; 
 130;     2.303;    25.166;    87.504; 
 131;     2.300;    25.159;    87.504; 
 132;     2.296;    25.149;    87.504; 
 133;     2.288;    25.131;    87.504; 
 134;     2.285;    25.125;    87.504; 
 135;     2.281;    25.115;    87.504; 
 136;     2.275;    25.102;    87.504; 
 137;     2.269;    25.086;    87.504; 
 138;     2.264;    25.074;    87.504; 
 139;     2.259;    25.062;    87.504; 
 140;     2.253;    25.049;    87.504; 
 141;     2.247;    25.035;    87.504; 
 142;     2.246;    25.033;    87.504; 
 143;     2.240;    25.018;    87.504; 
 144;     2.237;    25.011;    87.504; 
 145;     2.230;    24.995;    87.504; 
 146;     2.228;    24.989;    87.504; 
 147;     2.223;    24.976;    87.504; 
 148;     2.217;    24.961;    87.504; 
 149;     2.211;    24.947;    87.504; 
 150;     2.207;    24.937;    87.504; 
 151;     2.202;    24.924;    87.504; 
 152;     2.199;    24.917;    87.504; 
 153;     2.193;    24.900;    87.504; 
 154;     2.187;    24.887;    87.504; 
 155;     2.185;    24.882;    87.504; 
 156;     2.181;    24.872;    87.504; 
 157;     2.178;    24.862;    87.504; 
 158;     2.173;    24.849;    87.504; 
 159;     2.168;    24.837;    87.504; 
 160;     2.166;    24.832;    87.504; 
 161;     2.161;    24.818;    87.504; 
 162;     2.158;    24.809;    87.504; 
 163;     2.152;    24.794;    87.504; 
 164;     2.148;    24.785;    87.504; 
 165;     2.144;    24.773;    87.504; 
 166;     2.142;    24.766;    87.504; 
 167;     2.136;    24.752;    87.504; 
 168;     2.134;    24.743;    87.504; 
 169;     2.129;    24.729;    87.504; 
 170;     2.122;    24.711;    87.504; 
 171;     2.121;    24.709;    87.504; 
 172;     2.116;    24.694;    87.504; 
 173;     2.110;    24.679;    87.504; 
 174;     2.109;    24.677;    87.504; 
 175;     2.105;    24.665;    87.504; 
 176;     2.102;    24.655;    87.504; 
 177;     2.096;    24.639;    87.504; 
 178;     2.093;    24.629;    87.504; 
 179;     2.089;    24.618;    87.504; 
 180;     2.087;    24.611;    87.504; 
 181;     2.081;    24.593;    87.504; 
 182;     2.077;    24.582;    87.504; 
 183;     2.071;    24.565;    87.504; 
 184;     2.071;    24.564;    87.504; 
 185;     2.064;    24.546;    87.504; 
 186;     2.062;    24.539;    87.504; 
 187;     2.059;    24.528;    87.504; 
 188;     2.056;    24.521;    87.504; 
 189;     2.052;    24.508;    87.504; 
 190;     2.048;    24.495;    87.504; 
 191;     2.045;    24.483;    87.504; 
 192;     2.040;    24.467;    87.504; 
 193;     2.035;    24.451;    87.504; 
 194;     2.034;    24.446;    87.504; 
 195;     2.030;    24.432;    87.504; 
 196;     2.026;    24.419;    87.504; 
 197;     2.023;    24.410;    87.504; 
 198;     2.019;    24.396;    87.504; 
 199;     2.016;    24.388;    87.504; 
 200;     2.014;    24.378;    87.504; 
 201;     2.010;    24.364;    87.504; 
 202;     2.007;    24.354;    87.504; 
 203;     2.003;    24.340;    87.504; 
 204;     2.000;    24.330;    87.504; 
 205;     1.997;    24.319;    87.504; 
 206;     1.994;    24.311;    87.504; 
 207;     1.992;    24.303;    87.504; 
 208;     1.988;    24.289;    87.504; 
 209;     1.985;    24.276;    87.504; 
 210;     1.983;    24.269;    87.504; 
 211;     1.980;    24.258;    87.504; 
 212;     1.977;    24.247;    87.504; 
 213;     1.975;    24.237;    87.504; 
 214;     1.972;    24.227;    87.504; 
 215;     1.969;    24.215;    87.504; 
 216;     1.966;    24.202;    87.504; 
 217;     1.963;    24.191;    87.504; 
 218;     1.957;    24.170;    87.504; 
 219;     1.953;    24.158;    87.504; 
 220;     1.829;    24.051;    87.504; 
 221;     1.778;    24.048;    87.504; 
 222;     1.765;    24.049;    87.504; 
 223;     1.755;    24.049;    87.504; 
 224;     1.744;    24.050;    87.504; 
 225;     1.732;    24.051;    87.504; 
 226;     1.719;    24.052;    87.504; 
 227;     1.711;    24.052;    87.504; 
 228;     1.699;    24.053;    87.504; 
 229;     1.690;    24.053;    87.504; 
 230;     1.679;    24.054;    87.504; 
 231;     1.669;    24.055;    87.504; 
 232;     1.660;    24.055;    87.504; 
 233;     1.646;    24.056;    87.504; 
 234;     1.634;    24.057;    87.504; 
 235;     1.622;    24.058;    87.504; 
 236;     1.613;    24.058;    87.504; 
 237;     1.599;    24.059;    87.504; 
 238;     1.589;    24.060;    87.504; 
 239;     1.577;    24.061;    87.504; 
 240;     1.568;    24.061;    87.504; 
 241;     1.557;    24.062;    87.504; 
 242;     1.546;    24.063;    87.504; 
 243;     1.533;    24.064;    87.504; 
 244;     1.524;    24.064;    87.504; 
 245;     1.514;    24.065;    87.504; 
 246;     1.502;    24.065;    87.504; 
 247;     1.483;    24.067;    87.504; 
 248;     1.469;    24.068;    87.504; 
 249;     1.463;    24.068;    87.504; 
 250;     1.451;    24.069;    87.504; 
 251;     1.435;    24.070;    87.504; 
 252;     1.424;    24.071;    87.504; 
 253;     1.412;    24.071;    87.504; 
 254;     1.400;    24.072;    87.504; 
 255;     1.391;    24.073;    87.504; 
 256;     1.382;    24.073;    87.504; 
 257;     1.372;    24.074;    87.504; 
 258;     1.355;    24.075;    87.504; 
 259;     1.343;    24.076;    87.504; 
 260;     1.335;    24.076;    87.504; 
 261;     1.322;    24.077;    87.504; 
 262;     1.312;    24.078;    87.504; 
 263;     1.303;    24.079;    87.504; 
 264;     1.290;    24.079;    87.504; 
 265;     1.275;    24.080;    87.504; 
 266;     1.262;    24.081;    87.504; 
 267;     1.252;    24.082;    87.504; 
 268;     1.240;    24.083;    87.504; 
 269;     1.229;    24.083;    87.504; 
 270;     1.218;    24.084;    87.504; 
 271;     1.202;    24.085;    87.504; 
 272;     1.191;    24.086;    87.504; 
 273;     1.182;    24.087;    87.504; 
 274;     1.170;    24.087;    87.504; 
 275;     1.160;    24.088;    87.504; 
 276;     1.149;    24.089;    87.504; 
 277;     1.139;    24.089;    87.504; 
 278;     1.126;    24.090;    87.504; 
 279;      .987;    24.220;    87.504; 
 280;      .983;    24.241;    87.504; 
 281;      .983;    24.243;    87.504; 
 282;      .979;    24.268;    87.504; 
 283;      .978;    24.282;    87.504; 
 284;      .976;    24.300;    87.504; 
 285;      .976;    24.306;    87.504; 
 286;      .975;    24.312;    87.504; 
 287;      .973;    24.325;    87.504; 
 288;      .971;    24.336;    87.504; 
 289;      .969;    24.352;    87.504; 
 290;      .968;    24.361;    87.504; 
 291;      .965;    24.376;    87.504; 
 292;      .964;    24.388;    87.504; 
 293;      .961;    24.409;    87.504; 
 294;      .961;    24.413;    87.504; 
 295;      .960;    24.418;    87.504; 
 296;      .957;    24.436;    87.504; 
 297;      .955;    24.449;    87.504; 
 298;      .954;    24.458;    87.504; 
 299;      .951;    24.476;    87.504; 
 300;      .949;    24.485;    87.504; 
 301;      .947;    24.497;    87.504; 
 302;      .945;    24.510;    87.504; 
 303;      .944;    24.522;    87.504; 
 304;      .942;    24.528;    87.504; 
 305;      .940;    24.545;    87.504; 
 306;      .938;    24.555;    87.504; 
 307;      .935;    24.573;    87.504; 
 308;      .932;    24.589;    87.504; 
 309;      .929;    24.607;    87.504; 
 310;      .928;    24.611;    87.504; 
 311;      .925;    24.630;    87.504; 
 312;      .924;    24.633;    87.504; 
 313;      .921;    24.644;    87.504; 
 314;      .918;    24.662;    87.504; 
 315;      .916;    24.670;    87.504; 
 316;      .914;    24.681;    87.504; 
 317;      .912;    24.691;    87.504; 
 318;      .910;    24.699;    87.504; 
 319;      .907;    24.721;    87.504; 
 320;      .906;    24.723;    87.504; 
 321;      .905;    24.727;    87.504; 
 322;      .901;    24.745;    87.504; 
 323;      .898;    24.756;    87.504; 
 324;      .895;    24.772;    87.504; 
 325;      .893;    24.779;    87.504; 
 326;      .890;    24.796;    87.504; 
 327;      .888;    24.802;    87.504; 
 328;      .883;    24.825;    87.504; 
 329;      .881;    24.836;    87.504; 
 330;      .880;    24.839;    87.504; 
 331;      .878;    24.849;    87.504; 
 332;      .874;    24.866;    87.504; 
 333;      .873;    24.872;    87.504; 
 334;      .869;    24.885;    87.504; 
 335;      .867;    24.897;    87.504; 
 336;      .864;    24.911;    87.504; 
 337;      .861;    24.923;    87.504; 
 338;      .859;    24.931;    87.504; 
 339;      .855;    24.948;    87.504; 
 340;      .853;    24.956;    87.504; 
 341;      .851;    24.963;    87.504; 
 342;      .848;    24.976;    87.504; 
 343;      .847;    24.980;    87.504; 
 344;      .843;    24.995;    87.504; 
 345;      .839;    25.011;    87.504; 
 346;      .839;    25.013;    87.504; 
 347;      .835;    25.025;    87.504; 
 348;      .832;    25.039;    87.504; 
 349;      .827;    25.056;    87.504; 
 350;      .826;    25.059;    87.504; 
 351;      .820;    25.083;    87.504; 
 352;      .818;    25.092;    87.504; 
 353;      .815;    25.105;    87.504; 
 354;      .812;    25.117;    87.504; 
 355;      .810;    25.122;    87.504; 
 356;      .806;    25.136;    87.504; 
 357;      .803;    25.145;    87.504; 
 358;      .799;    25.161;    87.504; 
 359;      .797;    25.169;    87.504; 
 360;      .792;    25.184;    87.504; 
 361;      .788;    25.199;    87.504; 
 362;      .786;    25.205;    87.504; 
 363;      .779;    25.230;    87.504; 
 364;      .778;    25.233;    87.504; 
 365;      .774;    25.248;    87.504; 
 366;      .771;    25.257;    87.504; 
 367;      .768;    25.267;    87.504; 
 368;      .765;    25.280;    87.504; 
 369;      .761;    25.291;    87.504; 
 370;      .758;    25.301;    87.504; 
 371;      .753;    25.319;    87.504; 
 372;      .750;    25.329;    87.504; 
 373;      .746;    25.341;    87.504; 
 374;      .743;    25.353;    87.504; 
 375;      .740;    25.362;    87.504; 
 376;      .736;    25.374;    87.504; 
 377;      .732;    25.386;    87.504; 
 378;      .728;    25.399;    87.504; 
 379;      .724;    25.413;    87.504; 
 380;      .721;    25.421;    87.504; 
 381;      .717;    25.438;    87.504; 
 382;      .714;    25.446;    87.504; 
 383;      .712;    25.451;    87.504; 
 384;      .706;    25.473;    87.504; 
 385;      .705;    25.475;    87.504; 
 386;      .699;    25.495;    87.504; 
 387;      .697;    25.499;    87.504; 
 388;      .692;    25.515;    87.504; 
 389;      .691;    25.515;    87.504; 
 390;      .684;    25.540;    87.504; 
 391;      .683;    25.542;    87.504; 
 392;      .678;    25.556;    87.504; 
 393;      .674;    25.570;    87.504; 
 394;      .672;    25.574;    87.504; 
 395;      .667;    25.591;    87.504; 
 396;      .665;    25.598;    87.504; 
 397;      .663;    25.604;    87.504; 
 398;      .656;    25.622;    87.504; 
 399;      .653;    25.633;    87.504; 
 400;      .649;    25.645;    87.504; 
 401;      .646;    25.651;    87.504; 
 402;      .642;    25.664;    87.504; 
 403;      .637;    25.678;    87.504; 
 404;      .635;    25.684;    87.504; 
 405;      .630;    25.700;    87.504; 
 406;      .627;    25.706;    87.504; 
 407;      .623;    25.718;    87.504; 
 408;      .619;    25.729;    87.504; 
 409;      .618;    25.733;    87.504; 
 410;      .611;    25.751;    87.504; 
 411;      .608;    25.759;    87.504; 
 412;      .604;    25.770;    87.504; 
 413;      .599;    25.785;    87.504; 
 414;      .597;    25.790;    87.504; 
 415;      .589;    25.813;    87.504; 
 416;      .588;    25.817;    87.504; 
 417;      .582;    25.833;    87.504; 
 418;      .581;    25.835;    87.504; 
 419;      .578;    25.844;    87.504; 
 420;      .571;    25.863;    87.504; 
 421;      .568;    25.872;    87.504; 
 422;      .567;    25.874;    87.504; 
 423;      .560;    25.893;    87.504; 
 424;      .559;    25.895;    87.504; 
 425;      .551;    25.918;    87.504; 
 426;      .550;    25.920;    87.504; 
 427;      .544;    25.937;    87.504; 
 428;      .541;    25.942;    87.504; 
 429;      .536;    25.954;    87.504; 
 430;      .531;    25.967;    87.504; 
 431;      .529;    25.972;    87.504; 
 432;      .524;    25.981;    87.504; 
 433;      .518;    25.995;    87.504; 
 434;      .517;    25.996;    87.504; 
 435;      .506;    26.023;    87.504; 
 436;      .504;    26.025;    87.504; 
 437;      .499;    26.037;    87.504; 
 438;      .494;    26.049;    87.504; 
 439;      .490;    26.058;    87.504; 
 440;      .485;    26.071;    87.504; 
 441;      .479;    26.084;    87.504; 
 442;      .476;    26.091;    87.504; 
 443;      .470;    26.106;    87.504; 
 444;      .463;    26.123;    87.504; 
 445;      .460;    26.129;    87.504; 
 446;      .457;    26.137;    87.504; 
 447;      .454;    26.143;    87.504; 
 448;      .447;    26.159;    87.504; 
 449;      .444;    26.166;    87.504; 
 450;      .438;    26.179;    87.504; 
 451;      .433;    26.189;    87.504; 
 452;      .428;    26.200;    87.504; 
 453;      .422;    26.213;    87.504; 
 454;      .418;    26.223;    87.504; 
 455;      .412;    26.235;    87.504; 
 456;      .409;    26.243;    87.504; 
 457;      .402;    26.257;    87.504; 
 458;      .400;    26.262;    87.504; 
 459;      .392;    26.279;    87.504; 
 460;      .390;    26.283;    87.504; 
 461;      .386;    26.292;    87.504; 
 462;      .379;    26.306;    87.504; 
 463;      .376;    26.313;    87.504; 
 464;      .372;    26.321;    87.504; 
 465;      .365;    26.335;    87.504; 
 466;      .361;    26.346;    87.504; 
 467;      .358;    26.351;    87.504; 
 468;      .353;    26.361;    87.504; 
 469;      .346;    26.375;    87.504; 
 470;      .341;    26.386;    87.504; 
 471;      .338;    26.392;    87.504; 
 472;      .328;    26.414;    87.504; 
 473;      .325;    26.420;    87.504; 
 474;      .323;    26.421;    87.504; 
 475;      .311;    26.448;    87.504; 
 476;      .310;    26.450;    87.504; 
 477;      .305;    26.460;    87.504; 
 478;      .301;    26.466;    87.504; 
 479;      .298;    26.470;    87.504; 
 480;      .296;    26.472;    87.504; 
 481;      .293;    26.474;    87.504; 
 482;      .292;    26.473;    87.504; 
 483;      .290;    26.473;    87.504; 
 484;      .284;    26.473;    87.504; 
 485;      .283;    26.470;    87.504; 
 486;      .279;    26.468;    87.504; 
 487;      .260;    26.468;    87.504; 
 488;      .245;    26.468;    87.504; 
 489;      .236;    26.469;    87.504; 
 490;      .223;    26.469;    87.504; 
 491;      .215;    26.469;    87.504; 
 492;      .203;    26.469;    87.504; 
 493;      .193;    26.469;    87.504; 
 494;      .184;    26.469;    87.504; 
 495;      .173;    26.469;    87.504; 
 496;      .161;    26.469;    87.504; 
 497;      .150;    26.469;    87.504; 
 498;      .138;    26.469;    87.504; 
 499;      .127;    26.470;    87.504; 
 500;      .112;    26.470;    87.504; 
 501;      .102;    26.470;    87.504; 
 502;      .089;    26.470;    87.504; 
 503;      .078;    26.470;    87.504; 
 504;      .066;    26.470;    87.504; 
 505;      .057;    26.470;    87.504; 
 506;      .047;    26.470;    87.504; 
 507;      .037;    26.470;    87.504; 
 508;      .024;    26.470;    87.504; 
 509;      .013;    26.470;    87.504; 
 510;    -0.000;    26.470;    87.504; 
 511;     -.010;    26.470;    87.504; 
 512;     -.020;    26.470;    87.504; 
 513;     -.034;    26.470;    87.504; 
 514;     -.046;    26.470;    87.504; 
 515;     -.057;    26.470;    87.504; 
 516;     -.066;    26.470;    87.504; 
 517;     -.075;    26.470;    87.504; 
 518;     -.091;    26.470;    87.504; 
 519;     -.102;    26.470;    87.504; 
 520;     -.111;    26.470;    87.504; 
 521;     -.129;    26.470;    87.504; 
 522;     -.136;    26.470;    87.504; 
 523;     -.151;    26.470;    87.504; 
 524;     -.160;    26.470;    87.504; 
 525;     -.169;    26.470;    87.504; 
 526;     -.184;    26.470;    87.504; 
 527;     -.194;    26.470;    87.504; 
 528;     -.202;    26.470;    87.504; 
 529;     -.215;    26.469;    87.504; 
 530;     -.223;    26.469;    87.504; 
 531;     -.238;    26.469;    87.504; 
 532;     -.250;    26.469;    87.504; 
 533;     -.260;    26.469;    87.504; 
 534;     -.271;    26.469;    87.504; 
 535;     -.288;    26.469;    87.504; 
 536;     -.295;    26.469;    87.504; 
 537;     -.303;    26.468;    87.504; 
 538;     -.323;    26.468;    87.504; 
 539;     -.329;    26.468;    87.504; 
 540;     -.330;    26.467;    87.504; 
 541;     -.332;    26.466;    87.504; 
 542;     -.335;    26.463;    87.504; 
 543;     -.338;    26.459;    87.504; 
 544;     -.341;    26.452;    87.504; 
 545;     -.343;    26.444;    87.504; 
 546;     -.344;    26.435;    87.504; 
 547;     -.359;    26.408;    87.504; 
 548;     -.357;    26.411;    87.504; 
 549;     -.364;    26.396;    87.504; 
 550;     -.370;    26.385;    87.504; 
 551;     -.375;    26.373;    87.504; 
 552;     -.382;    26.360;    87.504; 
 553;     -.388;    26.347;    87.504; 
 554;     -.393;    26.336;    87.504; 
 555;     -.399;    26.324;    87.504; 
 556;     -.407;    26.308;    87.504; 
 557;     -.412;    26.298;    87.504; 
 558;     -.415;    26.290;    87.504; 
 559;     -.421;    26.278;    87.504; 
 560;     -.427;    26.267;    87.504; 
 561;     -.433;    26.252;    87.504; 
 562;     -.442;    26.235;    87.504; 
 563;     -.442;    26.233;    87.504; 
 564;     -.447;    26.223;    87.504; 
 565;     -.454;    26.208;    87.504; 
 566;     -.457;    26.202;    87.504; 
 567;     -.462;    26.190;    87.504; 
 568;     -.468;    26.178;    87.504; 
 569;     -.472;    26.169;    87.504; 
 570;     -.477;    26.158;    87.504; 
 571;     -.483;    26.146;    87.504; 
 572;     -.486;    26.139;    87.504; 
 573;     -.492;    26.126;    87.504; 
 574;     -.497;    26.114;    87.504; 
 575;     -.503;    26.101;    87.504; 
 576;     -.509;    26.088;    87.504; 
 577;     -.513;    26.079;    87.504; 
 578;     -.518;    26.068;    87.504; 
 579;     -.523;    26.056;    87.504; 
 580;     -.528;    26.045;    87.504; 
 581;     -.531;    26.037;    87.504; 
 582;     -.535;    26.027;    87.504; 
 583;     -.543;    26.011;    87.504; 
 584;     -.549;    25.996;    87.504; 
 585;     -.554;    25.987;    87.504; 
 586;     -.559;    25.975;    87.504; 
 587;     -.565;    25.961;    87.504; 
 588;     -.568;    25.954;    87.504; 
 589;     -.571;    25.945;    87.504; 
 590;     -.576;    25.935;    87.504; 
 591;     -.579;    25.928;    87.504; 
 592;     -.583;    25.916;    87.504; 
 593;     -.588;    25.904;    87.504; 
 594;     -.591;    25.896;    87.504; 
 595;     -.595;    25.886;    87.504; 
 596;     -.600;    25.873;    87.504; 
 597;     -.603;    25.863;    87.504; 
 598;     -.608;    25.850;    87.504; 
 599;     -.612;    25.840;    87.504; 
 600;     -.617;    25.825;    87.504; 
 601;     -.622;    25.813;    87.504; 
 602;     -.628;    25.799;    87.504; 
 603;     -.629;    25.793;    87.504; 
 604;     -.636;    25.776;    87.504; 
 605;     -.643;    25.756;    87.504; 
 606;     -.645;    25.751;    87.504; 
 607;     -.651;    25.734;    87.504; 
 608;     -.654;    25.726;    87.504; 
 609;     -.659;    25.711;    87.504; 
 610;     -.663;    25.701;    87.504; 
 611;     -.668;    25.687;    87.504; 
 612;     -.672;    25.674;    87.504; 
 613;     -.677;    25.661;    87.504; 
 614;     -.681;    25.647;    87.504; 
 615;     -.686;    25.634;    87.504; 
 616;     -.687;    25.632;    87.504; 
 617;     -.694;    25.614;    87.504; 
 618;     -.696;    25.606;    87.504; 
 619;     -.699;    25.598;    87.504; 
 620;     -.702;    25.589;    87.504; 
 621;     -.706;    25.576;    87.504; 
 622;     -.710;    25.566;    87.504; 
 623;     -.713;    25.557;    87.504; 
 624;     -.718;    25.541;    87.504; 
 625;     -.722;    25.530;    87.504; 
 626;     -.728;    25.512;    87.504; 
 627;     -.732;    25.501;    87.504; 
 628;     -.735;    25.489;    87.504; 
 629;     -.740;    25.476;    87.504; 
 630;     -.743;    25.466;    87.504; 
 631;     -.745;    25.459;    87.504; 
 632;     -.749;    25.448;    87.504; 
 633;     -.754;    25.432;    87.504; 
 634;     -.758;    25.422;    87.504; 
 635;     -.762;    25.409;    87.504; 
 636;     -.764;    25.399;    87.504; 
 637;     -.769;    25.384;    87.504; 
 638;     -.774;    25.370;    87.504; 
 639;     -.776;    25.361;    87.504; 
 640;     -.782;    25.343;    87.504; 
 641;     -.785;    25.336;    87.504; 
 642;     -.788;    25.325;    87.504; 
 643;     -.790;    25.317;    87.504; 
 644;     -.795;    25.303;    87.504; 
 645;     -.796;    25.296;    87.504; 
 646;     -.801;    25.281;    87.504; 
 647;     -.805;    25.270;    87.504; 
 648;     -.806;    25.264;    87.504; 
 649;     -.810;    25.253;    87.504; 
 650;     -.814;    25.237;    87.504; 
 651;     -.818;    25.225;    87.504; 
 652;     -.820;    25.215;    87.504; 
 653;     -.828;    25.193;    87.504; 
 654;     -.829;    25.187;    87.504; 
 655;     -.832;    25.174;    87.504; 
 656;     -.837;    25.158;    87.504; 
 657;     -.840;    25.146;    87.504; 
 658;     -.845;    25.131;    87.504; 
 659;     -.845;    25.127;    87.504; 
 660;     -.851;    25.108;    87.504; 
 661;     -.853;    25.101;    87.504; 
 662;     -.857;    25.087;    87.504; 
 663;     -.857;    25.085;    87.504; 
 664;     -.862;    25.067;    87.504; 
 665;     -.865;    25.057;    87.504; 
 666;     -.868;    25.045;    87.504; 
 667;     -.871;    25.033;    87.504; 
 668;     -.874;    25.023;    87.504; 
 669;     -.876;    25.014;    87.504; 
 670;     -.880;    24.996;    87.504; 
 671;     -.885;    24.979;    87.504; 
 672;     -.887;    24.970;    87.504; 
 673;     -.890;    24.959;    87.504; 
 674;     -.892;    24.950;    87.504; 
 675;     -.896;    24.936;    87.504; 
 676;     -.899;    24.922;    87.504; 
 677;     -.901;    24.912;    87.504; 
 678;     -.905;    24.896;    87.504; 
 679;     -.907;    24.888;    87.504; 
 680;     -.909;    24.880;    87.504; 
 681;     -.913;    24.867;    87.504; 
 682;     -.915;    24.857;    87.504; 
 683;     -.916;    24.850;    87.504; 
 684;     -.921;    24.827;    87.504; 
 685;     -.926;    24.806;    87.504; 
 686;     -.929;    24.792;    87.504; 
 687;     -.930;    24.790;    87.504; 
 688;     -.936;    24.765;    87.504; 
 689;     -.938;    24.757;    87.504; 
 690;     -.939;    24.752;    87.504; 
 691;     -.942;    24.736;    87.504; 
 692;     -.945;    24.724;    87.504; 
 693;     -.947;    24.715;    87.504; 
 694;     -.948;    24.705;    87.504; 
 695;     -.951;    24.693;    87.504; 
 696;     -.954;    24.677;    87.504; 
 697;     -.956;    24.665;    87.504; 
 698;     -.960;    24.648;    87.504; 
 699;     -.962;    24.641;    87.504; 
 700;     -.966;    24.624;    87.504; 
 701;     -.967;    24.618;    87.504; 
 702;     -.969;    24.607;    87.504; 
 703;     -.971;    24.596;    87.504; 
 704;     -.973;    24.586;    87.504; 
 705;     -.975;    24.575;    87.504; 
 706;     -.977;    24.563;    87.504; 
 707;     -.980;    24.547;    87.504; 
 708;     -.981;    24.537;    87.504; 
 709;     -.983;    24.528;    87.504; 
 710;     -.984;    24.519;    87.504; 
 711;     -.987;    24.504;    87.504; 
 712;     -.988;    24.494;    87.504; 
 713;     -.991;    24.480;    87.504; 
 714;     -.993;    24.468;    87.504; 
 715;     -.994;    24.457;    87.504; 
 716;     -.996;    24.445;    87.504; 
 717;     -.999;    24.431;    87.504; 
 718;    -1.000;    24.422;    87.504; 
 719;    -1.002;    24.408;    87.504; 
 720;    -1.004;    24.398;    87.504; 
 721;    -1.006;    24.387;    87.504; 
 722;    -1.007;    24.376;    87.504; 
 723;    -1.009;    24.360;    87.504; 
 724;    -1.011;    24.348;    87.504; 
 725;    -1.012;    24.342;    87.504; 
 726;    -1.014;    24.326;    87.504; 
 727;    -1.015;    24.317;    87.504; 
 728;    -1.017;    24.306;    87.504; 
 729;    -1.018;    24.294;    87.504; 
 730;    -1.020;    24.279;    87.504; 
 731;    -1.022;    24.264;    87.504; 
 732;    -1.024;    24.253;    87.504; 
 733;    -1.026;    24.238;    87.504; 
 734;    -1.028;    24.225;    87.504; 
 735;    -1.140;    24.103;    87.504; 
 736;    -1.187;    24.095;    87.504; 
 737;    -1.204;    24.094;    87.504; 
 738;    -1.214;    24.093;    87.504; 
 739;    -1.225;    24.093;    87.504; 
 740;    -1.234;    24.092;    87.504; 
 741;    -1.248;    24.091;    87.504; 
 742;    -1.257;    24.091;    87.504; 
 743;    -1.268;    24.090;    87.504; 
 744;    -1.277;    24.089;    87.504; 
 745;    -1.290;    24.089;    87.504; 
 746;    -1.303;    24.088;    87.504; 
 747;    -1.314;    24.087;    87.504; 
 748;    -1.326;    24.086;    87.504; 
 749;    -1.338;    24.086;    87.504; 
 750;    -1.346;    24.085;    87.504; 
 751;    -1.360;    24.084;    87.504; 
 752;    -1.368;    24.084;    87.504; 
 753;    -1.384;    24.083;    87.504; 
 754;    -1.397;    24.082;    87.504; 
 755;    -1.408;    24.082;    87.504; 
 756;    -1.419;    24.081;    87.504; 
 757;    -1.429;    24.081;    87.504; 
 758;    -1.438;    24.080;    87.504; 
 759;    -1.449;    24.079;    87.504; 
 760;    -1.464;    24.078;    87.504; 
 761;    -1.474;    24.078;    87.504; 
 762;    -1.487;    24.077;    87.504; 
 763;    -1.498;    24.077;    87.504; 
 764;    -1.508;    24.076;    87.504; 
 765;    -1.520;    24.075;    87.504; 
 766;    -1.531;    24.074;    87.504; 
 767;    -1.545;    24.074;    87.504; 
 768;    -1.553;    24.073;    87.504; 
 769;    -1.567;    24.072;    87.504; 
 770;    -1.578;    24.072;    87.504; 
 771;    -1.585;    24.071;    87.504; 
 772;    -1.599;    24.070;    87.504; 
 773;    -1.610;    24.070;    87.504; 
 774;    -1.620;    24.069;    87.504; 
 775;    -1.630;    24.069;    87.504; 
 776;    -1.643;    24.068;    87.504; 
 777;    -1.660;    24.067;    87.504; 
 778;    -1.668;    24.067;    87.504; 
 779;    -1.684;    24.066;    87.504; 
 780;    -1.693;    24.065;    87.504; 
 781;    -1.705;    24.065;    87.504; 
 782;    -1.717;    24.064;    87.504; 
 783;    -1.727;    24.063;    87.504; 
 784;    -1.738;    24.062;    87.504; 
 785;    -1.751;    24.062;    87.504; 
 786;    -1.766;    24.061;    87.504; 
 787;    -1.775;    24.060;    87.504; 
 788;    -1.788;    24.060;    87.504; 
 789;    -1.799;    24.059;    87.504; 
 790;    -1.810;    24.059;    87.504; 
 791;    -1.821;    24.058;    87.504; 
 792;    -1.833;    24.057;    87.504; 
 793;    -1.946;    24.097;    87.504; 
 794;    -2.000;    24.186;    87.504; 
 795;    -2.003;    24.195;    87.504; 
 796;    -2.006;    24.207;    87.504; 
 797;    -2.009;    24.219;    87.504; 
 798;    -2.014;    24.242;    87.504; 
 799;    -2.016;    24.251;    87.504; 
 800;    -2.018;    24.256;    87.504; 
 801;    -2.020;    24.264;    87.504; 
 802;    -2.024;    24.280;    87.504; 
 803;    -2.026;    24.288;    87.504; 
 804;    -2.030;    24.300;    87.504; 
 805;    -2.032;    24.307;    87.504; 
 806;    -2.036;    24.323;    87.504; 
 807;    -2.038;    24.331;    87.504; 
 808;    -2.043;    24.349;    87.504; 
 809;    -2.044;    24.355;    87.504; 
 810;    -2.046;    24.361;    87.504; 
 811;    -2.052;    24.384;    87.504; 
 812;    -2.054;    24.392;    87.504; 
 813;    -2.057;    24.400;    87.504; 
 814;    -2.058;    24.404;    87.504; 
 815;    -2.062;    24.419;    87.504; 
 816;    -2.064;    24.424;    87.504; 
 817;    -2.070;    24.444;    87.504; 
 818;    -2.072;    24.451;    87.504; 
 819;    -2.076;    24.465;    87.504; 
 820;    -2.078;    24.472;    87.504; 
 821;    -2.082;    24.486;    87.504; 
 822;    -2.084;    24.492;    87.504; 
 823;    -2.090;    24.515;    87.504; 
 824;    -2.091;    24.516;    87.504; 
 825;    -2.094;    24.525;    87.504; 
 826;    -2.101;    24.549;    87.504; 
 827;    -2.103;    24.556;    87.504; 
 828;    -2.106;    24.563;    87.504; 
 829;    -2.110;    24.574;    87.504; 
 830;    -2.114;    24.588;    87.504; 
 831;    -2.118;    24.600;    87.504; 
 832;    -2.121;    24.608;    87.504; 
 833;    -2.124;    24.618;    87.504; 
 834;    -2.127;    24.627;    87.504; 
 835;    -2.130;    24.636;    87.504; 
 836;    -2.138;    24.659;    87.504; 
 837;    -2.138;    24.659;    87.504; 
 838;    -2.142;    24.670;    87.504; 
 839;    -2.148;    24.688;    87.504; 
 840;    -2.153;    24.701;    87.504; 
 841;    -2.157;    24.713;    87.504; 
 842;    -2.162;    24.727;    87.504; 
 843;    -2.165;    24.733;    87.504; 
 844;    -2.173;    24.760;    87.504; 
 845;    -2.174;    24.761;    87.504; 
 846;    -2.178;    24.773;    87.504; 
 847;    -2.181;    24.779;    87.504; 
 848;    -2.187;    24.798;    87.504; 
 849;    -2.191;    24.808;    87.504; 
 850;    -2.193;    24.814;    87.504; 
 851;    -2.197;    24.825;    87.504; 
 852;    -2.204;    24.843;    87.504; 
 853;    -2.206;    24.850;    87.504; 
 854;    -2.209;    24.858;    87.504; 
 855;    -2.215;    24.873;    87.504; 
 856;    -2.220;    24.886;    87.504; 
 857;    -2.223;    24.894;    87.504; 
 858;    -2.226;    24.901;    87.504; 
 859;    -2.233;    24.919;    87.504; 
 860;    -2.239;    24.935;    87.504; 
 861;    -2.241;    24.941;    87.504; 
 862;    -2.245;    24.951;    87.504; 
 863;    -2.250;    24.964;    87.504; 
 864;    -2.255;    24.976;    87.504; 
 865;    -2.257;    24.981;    87.504; 
 866;    -2.263;    24.996;    87.504; 
 867;    -2.269;    25.012;    87.504; 
 868;    -2.272;    25.018;    87.504; 
 869;    -2.277;    25.032;    87.504; 
 870;    -2.279;    25.037;    87.504; 
 871;    -2.283;    25.046;    87.504; 
 872;    -2.290;    25.061;    87.504; 
 873;    -2.295;    25.074;    87.504; 
 874;    -2.298;    25.081;    87.504; 
 875;    -2.305;    25.099;    87.504; 
 876;    -2.305;    25.098;    87.504; 
 877;    -2.316;    25.122;    87.504; 
 878;    -2.318;    25.128;    87.504; 
 879;    -2.326;    25.146;    87.504; 
 880;    -2.328;    25.151;    87.504; 
 881;    -2.333;    25.163;    87.504; 
 882;    -2.338;    25.174;    87.504; 
 883;    -2.343;    25.186;    87.504; 
 884;    -2.346;    25.194;    87.504; 
 885;    -2.351;    25.206;    87.504; 
 886;    -2.354;    25.212;    87.504; 
 887;    -2.364;    25.234;    87.504; 
 888;    -2.369;    25.246;    87.504; 
 889;    -2.371;    25.251;    87.504; 
 890;    -2.378;    25.267;    87.504; 
 891;    -2.381;    25.273;    87.504; 
 892;    -2.385;    25.282;    87.504; 
 893;    -2.390;    25.291;    87.504; 
 894;    -2.395;    25.304;    87.504; 
 895;    -2.399;    25.313;    87.504; 
 896;    -2.402;    25.318;    87.504; 
 897;    -2.406;    25.327;    87.504; 
 898;    -2.415;    25.349;    87.504; 
 899;    -2.419;    25.357;    87.504; 
 900;    -2.424;    25.368;    87.504; 
 901;    -2.428;    25.378;    87.504; 
 902;    -2.434;    25.391;    87.504; 
 903;    -2.439;    25.401;    87.504; 
 904;    -2.444;    25.411;    87.504; 
 905;    -2.448;    25.419;    87.504; 
 906;    -2.454;    25.432;    87.504; 
 907;    -2.459;    25.442;    87.504; 
 908;    -2.463;    25.452;    87.504; 
 909;    -2.471;    25.468;    87.504; 
 910;    -2.473;    25.473;    87.504; 
 911;    -2.480;    25.489;    87.504; 
 912;    -2.484;    25.496;    87.504; 
 913;    -2.488;    25.504;    87.504; 
 914;    -2.495;    25.519;    87.504; 
 915;    -2.499;    25.528;    87.504; 
 916;    -2.504;    25.537;    87.504; 
 917;    -2.509;    25.547;    87.504; 
 918;    -2.513;    25.554;    87.504; 
 919;    -2.523;    25.575;    87.504; 
 920;    -2.525;    25.579;    87.504; 
 921;    -2.534;    25.599;    87.504; 
 922;    -2.537;    25.605;    87.504; 
 923;    -2.542;    25.615;    87.504; 
 924;    -2.547;    25.624;    87.504; 
 925;    -2.553;    25.635;    87.504; 
 926;    -2.558;    25.645;    87.504; 
 927;    -2.565;    25.659;    87.504; 
 928;    -2.567;    25.664;    87.504; 
 929;    -2.576;    25.681;    87.504; 
 930;    -2.580;    25.689;    87.504; 
 931;    -2.587;    25.704;    87.504; 
 932;    -2.591;    25.712;    87.504; 
 933;    -2.596;    25.722;    87.504; 
 934;    -2.599;    25.728;    87.504; 
 935;    -2.609;    25.748;    87.504; 
 936;    -2.613;    25.756;    87.504; 
 937;    -2.617;    25.762;    87.504; 
 938;    -2.626;    25.780;    87.504; 
 939;    -2.632;    25.792;    87.504; 
 940;    -2.637;    25.802;    87.504; 
 941;    -2.641;    25.809;    87.504; 
 942;    -2.647;    25.821;    87.504; 
 943;    -2.650;    25.824;    87.504; 
 944;    -2.655;    25.833;    87.504; 
 945;    -2.662;    25.846;    87.504; 
 946;    -2.665;    25.851;    87.504; 
 947;    -2.669;    25.858;    87.504; 
 948;    -2.677;    25.871;    87.504; 
 949;    -2.681;    25.876;    87.504; 
 950;    -2.693;    25.896;    87.504; 
 951;    -2.697;    25.903;    87.504; 
 952;    -2.703;    25.913;    87.504; 
 953;    -2.709;    25.923;    87.504; 
 954;    -2.714;    25.933;    87.504; 
 955;    -2.719;    25.941;    87.504; 
 956;    -2.725;    25.952;    87.504; 
 957;    -2.731;    25.961;    87.504; 
 958;    -2.737;    25.973;    87.504; 
 959;    -2.743;    25.982;    87.504; 
 960;    -2.750;    25.994;    87.504; 
 961;    -2.753;    25.999;    87.504; 
 962;    -2.760;    26.011;    87.504; 
 963;    -2.762;    26.015;    87.504; 
 964;    -2.770;    26.028;    87.504; 
 965;    -2.777;    26.039;    87.504; 
 966;    -2.779;    26.042;    87.504; 
 967;    -2.788;    26.058;    87.504; 
 968;    -2.793;    26.066;    87.504; 
 969;    -2.797;    26.072;    87.504; 
 970;    -2.805;    26.085;    87.504; 
 971;    -2.810;    26.094;    87.504; 
 972;    -2.815;    26.101;    87.504; 
 973;    -2.824;    26.116;    87.504; 
 974;    -2.826;    26.118;    87.504; 
 975;    -2.834;    26.131;    87.504; 
 976;    -2.843;    26.146;    87.504; 
 977;    -2.845;    26.149;    87.504; 
 978;    -2.852;    26.160;    87.504; 
 979;    -2.859;    26.172;    87.504; 
 980;    -2.862;    26.176;    87.504; 
 981;    -2.871;    26.190;    87.504; 
 982;    -2.878;    26.201;    87.504; 
 983;    -2.882;    26.208;    87.504; 
 984;    -2.888;    26.217;    87.504; 
 985;    -2.895;    26.227;    87.504; 
 986;    -2.903;    26.239;    87.504; 
 987;    -2.908;    26.247;    87.504; 
 988;    -2.919;    26.266;    87.504; 
 989;    -2.925;    26.274;    87.504; 
 990;    -2.928;    26.279;    87.504; 
 991;    -2.942;    26.302;    87.504; 
 992;    -2.944;    26.306;    87.504; 
 993;    -2.949;    26.313;    87.504; 
 994;    -2.950;    26.313;    87.504; 
 995;    -2.953;    26.315;    87.504; 
 996;    -2.956;    26.316;    87.504; 
 997;    -2.958;    26.316;    87.504; 
 998;    -2.960;    26.315;    87.504; 
 999;    -2.970;    26.314;    87.504; 
1000;    -2.971;    26.312;    87.504; 
1001;    -2.982;    26.311;    87.504; 
1002;    -2.989;    26.311;    87.504; 
1003;    -2.990;    26.310;    87.504; 
1004;    -3.001;    26.309;    87.504; 
1005;    -3.013;    26.308;    87.504; 
1006;    -3.023;    26.307;    87.504; 
1007;    -3.033;    26.305;    87.504; 
1008;    -3.046;    26.304;    87.504; 
1009;    -3.054;    26.303;    87.504; 
1010;    -3.068;    26.301;    87.504; 
1011;    -3.078;    26.300;    87.504; 
1012;    -3.087;    26.299;    87.504; 
1013;    -3.103;    26.298;    87.504; 
1014;    -3.110;    26.297;    87.504; 
1015;    -3.119;    26.296;    87.504; 
1016;    -3.132;    26.294;    87.504; 
1017;    -3.141;    26.293;    87.504; 
1018;    -3.152;    26.292;    87.504; 
1019;    -3.162;    26.290;    87.504; 
1020;    -3.176;    26.289;    87.504; 
1021;    -3.191;    26.287;    87.504; 
1022;    -3.199;    26.286;    87.504; 
1023;    -3.213;    26.285;    87.504; 
1024;    -3.222;    26.284;    87.504; 
1025;    -3.232;    26.282;    87.504; 
1026;    -3.242;    26.281;    87.504; 
1027;    -3.253;    26.280;    87.504; 
1028;    -3.266;    26.278;    87.504; 
1029;    -3.276;    26.277;    87.504; 
1030;    -3.288;    26.275;    87.504; 
1031;    -3.299;    26.274;    87.504; 
1032;    -3.311;    26.273;    87.504; 
1033;    -3.322;    26.271;    87.504; 
1034;    -3.332;    26.270;    87.504; 
1035;    -3.342;    26.269;    87.504; 
1036;    -3.356;    26.267;    87.504; 
1037;    -3.368;    26.266;    87.504; 
1038;    -3.375;    26.265;    87.504; 
1039;    -3.383;    26.264;    87.504; 
1040;    -3.395;    26.262;    87.504; 
1041;    -3.403;    26.261;    87.504; 
1042;    -3.416;    26.260;    87.504; 
1043;    -3.429;    26.258;    87.504; 
1044;    -3.440;    26.257;    87.504; 
1045;    -3.451;    26.255;    87.504; 
1046;    -3.460;    26.254;    87.504; 
1047;    -3.471;    26.253;    87.504; 
1048;    -3.484;    26.251;    87.504; 
1049;    -3.495;    26.250;    87.504; 
1050;    -3.501;    26.249;    87.504; 
1051;    -3.516;    26.247;    87.504; 
1052;    -3.531;    26.245;    87.504; 
1053;    -3.538;    26.244;    87.504; 
1054;    -3.551;    26.242;    87.504; 
1055;    -3.577;    26.240;    87.504; 
1056;    -3.576;    26.240;    87.504; 
1057;    -3.576;    26.240;    87.504; 
1058;    -3.580;    26.238;    87.504; 
1059;    -3.580;    26.236;    87.504; 
1060;    -3.584;    26.231;    87.504; 
1061;    -3.586;    26.224;    87.504; 
1062;    -3.583;    26.219;    87.504; 
1063;    -3.588;    26.203;    87.504; 
1064;    -3.598;    26.179;    87.504; 
1065;    -3.598;    26.177;    87.504; 
1066;    -3.603;    26.163;    87.504; 
1067;    -3.607;    26.150;    87.504; 
1068;    -3.612;    26.137;    87.504; 
1069;    -3.616;    26.123;    87.504; 
1070;    -3.621;    26.109;    87.504; 
1071;    -3.624;    26.101;    87.504; 
1072;    -3.627;    26.093;    87.504; 
1073;    -3.631;    26.079;    87.504; 
1074;    -3.634;    26.069;    87.504; 
1075;    -3.638;    26.057;    87.504; 
1076;    -3.642;    26.047;    87.504; 
