[A]
   1;     3.528;    26.294;    87.526; 
   2;     3.517;    26.296;    87.526; 
   3;     3.505;    26.297;    87.526; 
   4;     3.496;    26.298;    87.526; 
   5;     3.485;    26.300;    87.526; 
   6;     3.476;    26.301;    87.526; 
   7;     3.464;    26.302;    87.526; 
   8;     3.453;    26.303;    87.526; 
   9;     3.443;    26.304;    87.526; 
  10;     3.434;    26.305;    87.526; 
  11;     3.418;    26.308;    87.526; 
  12;     3.406;    26.309;    87.526; 
  13;     3.393;    26.311;    87.526; 
  14;     3.385;    26.312;    87.526; 
  15;     3.369;    26.314;    87.526; 
  16;     3.361;    26.315;    87.526; 
  17;     3.352;    26.316;    87.526; 
  18;     3.338;    26.318;    87.526; 
  19;     3.327;    26.319;    87.526; 
  20;     3.315;    26.320;    87.526; 
  21;     3.301;    26.322;    87.526; 
  22;     3.293;    26.323;    87.526; 
  23;     3.278;    26.325;    87.526; 
  24;     3.267;    26.327;    87.526; 
  25;     3.258;    26.328;    87.526; 
  26;     3.246;    26.329;    87.526; 
  27;     3.233;    26.330;    87.526; 
  28;     3.224;    26.332;    87.526; 
  29;     3.213;    26.333;    87.526; 
  30;     3.196;    26.335;    87.526; 
  31;     3.188;    26.335;    87.526; 
  32;     3.171;    26.337;    87.526; 
  33;     3.154;    26.340;    87.526; 
  34;     3.143;    26.342;    87.526; 
  35;     3.131;    26.343;    87.526; 
  36;     3.123;    26.343;    87.526; 
  37;     3.111;    26.344;    87.526; 
  38;     3.101;    26.345;    87.526; 
  39;     3.089;    26.347;    87.526; 
  40;     3.076;    26.348;    87.526; 
  41;     3.066;    26.349;    87.526; 
  42;     3.051;    26.351;    87.526; 
  43;     3.041;    26.352;    87.526; 
  44;     3.015;    26.356;    87.526; 
  45;     3.006;    26.357;    87.526; 
  46;     3.007;    26.356;    87.526; 
  47;     3.004;    26.354;    87.526; 
  48;     3.002;    26.351;    87.526; 
  49;     2.997;    26.343;    87.526; 
  50;     2.998;    26.338;    87.526; 
  51;     2.990;    26.323;    87.526; 
  52;     2.979;    26.307;    87.526; 
  53;     2.970;    26.295;    87.526; 
  54;     2.966;    26.289;    87.526; 
  55;     2.960;    26.280;    87.526; 
  56;     2.953;    26.269;    87.526; 
  57;     2.950;    26.264;    87.526; 
  58;     2.938;    26.246;    87.526; 
  59;     2.933;    26.238;    87.526; 
  60;     2.926;    26.227;    87.526; 
  61;     2.918;    26.215;    87.526; 
  62;     2.913;    26.207;    87.526; 
  63;     2.908;    26.199;    87.526; 
  64;     2.901;    26.188;    87.526; 
  65;     2.895;    26.178;    87.526; 
  66;     2.888;    26.167;    87.526; 
  67;     2.879;    26.154;    87.526; 
  68;     2.875;    26.147;    87.526; 
  69;     2.869;    26.137;    87.526; 
  70;     2.863;    26.129;    87.526; 
  71;     2.860;    26.124;    87.526; 
  72;     2.853;    26.112;    87.526; 
  73;     2.847;    26.102;    87.526; 
  74;     2.844;    26.098;    87.526; 
  75;     2.835;    26.084;    87.526; 
  76;     2.829;    26.072;    87.526; 
  77;     2.822;    26.062;    87.526; 
  78;     2.817;    26.053;    87.526; 
  79;     2.812;    26.045;    87.526; 
  80;     2.805;    26.034;    87.526; 
  81;     2.798;    26.022;    87.526; 
  82;     2.794;    26.016;    87.526; 
  83;     2.788;    26.006;    87.526; 
  84;     2.782;    25.996;    87.526; 
  85;     2.776;    25.986;    87.526; 
  86;     2.772;    25.979;    87.526; 
  87;     2.764;    25.966;    87.526; 
  88;     2.756;    25.953;    87.526; 
  89;     2.751;    25.945;    87.526; 
  90;     2.745;    25.933;    87.526; 
  91;     2.738;    25.922;    87.526; 
  92;     2.731;    25.910;    87.526; 
  93;     2.725;    25.901;    87.526; 
  94;     2.722;    25.896;    87.526; 
  95;     2.716;    25.886;    87.526; 
  96;     2.706;    25.869;    87.526; 
  97;     2.702;    25.861;    87.526; 
  98;     2.694;    25.847;    87.526; 
  99;     2.687;    25.835;    87.526; 
 100;     2.684;    25.830;    87.526; 
 101;     2.679;    25.820;    87.526; 
 102;     2.674;    25.811;    87.526; 
 103;     2.667;    25.797;    87.526; 
 104;     2.663;    25.789;    87.526; 
 105;     2.656;    25.776;    87.526; 
 106;     2.647;    25.760;    87.526; 
 107;     2.646;    25.758;    87.526; 
 108;     2.637;    25.741;    87.526; 
 109;     2.635;    25.736;    87.526; 
 110;     2.628;    25.722;    87.526; 
 111;     2.621;    25.709;    87.526; 
 112;     2.620;    25.705;    87.526; 
 113;     2.612;    25.690;    87.526; 
 114;     2.604;    25.675;    87.526; 
 115;     2.599;    25.665;    87.526; 
 116;     2.592;    25.652;    87.526; 
 117;     2.587;    25.642;    87.526; 
 118;     2.583;    25.633;    87.526; 
 119;     2.577;    25.622;    87.526; 
 120;     2.573;    25.614;    87.526; 
 121;     2.567;    25.601;    87.526; 
 122;     2.561;    25.590;    87.526; 
 123;     2.553;    25.573;    87.526; 
 124;     2.552;    25.570;    87.526; 
 125;     2.544;    25.556;    87.526; 
 126;     2.541;    25.549;    87.526; 
 127;     2.534;    25.534;    87.526; 
 128;     2.528;    25.522;    87.526; 
 129;     2.523;    25.513;    87.526; 
 130;     2.520;    25.504;    87.526; 
 131;     2.512;    25.489;    87.526; 
 132;     2.506;    25.477;    87.526; 
 133;     2.501;    25.467;    87.526; 
 134;     2.498;    25.460;    87.526; 
 135;     2.494;    25.451;    87.526; 
 136;     2.486;    25.435;    87.526; 
 137;     2.483;    25.427;    87.526; 
 138;     2.474;    25.409;    87.526; 
 139;     2.471;    25.403;    87.526; 
 140;     2.462;    25.384;    87.526; 
 141;     2.461;    25.380;    87.526; 
 142;     2.454;    25.365;    87.526; 
 143;     2.449;    25.355;    87.526; 
 144;     2.445;    25.347;    87.526; 
 145;     2.439;    25.334;    87.526; 
 146;     2.436;    25.327;    87.526; 
 147;     2.427;    25.307;    87.526; 
 148;     2.421;    25.294;    87.526; 
 149;     2.417;    25.285;    87.526; 
 150;     2.412;    25.273;    87.526; 
 151;     2.406;    25.260;    87.526; 
 152;     2.402;    25.251;    87.526; 
 153;     2.396;    25.238;    87.526; 
 154;     2.393;    25.230;    87.526; 
 155;     2.389;    25.221;    87.526; 
 156;     2.383;    25.208;    87.526; 
 157;     2.379;    25.199;    87.526; 
 158;     2.374;    25.187;    87.526; 
 159;     2.369;    25.176;    87.526; 
 160;     2.364;    25.164;    87.526; 
 161;     2.356;    25.144;    87.526; 
 162;     2.353;    25.137;    87.526; 
 163;     2.347;    25.123;    87.526; 
 164;     2.342;    25.112;    87.526; 
 165;     2.340;    25.108;    87.526; 
 166;     2.334;    25.092;    87.526; 
 167;     2.332;    25.086;    87.526; 
 168;     2.324;    25.069;    87.526; 
 169;     2.322;    25.063;    87.526; 
 170;     2.314;    25.044;    87.526; 
 171;     2.310;    25.034;    87.526; 
 172;     2.306;    25.024;    87.526; 
 173;     2.299;    25.007;    87.526; 
 174;     2.298;    25.004;    87.526; 
 175;     2.292;    24.989;    87.526; 
 176;     2.288;    24.980;    87.526; 
 177;     2.282;    24.965;    87.526; 
 178;     2.277;    24.952;    87.526; 
 179;     2.275;    24.946;    87.526; 
 180;     2.267;    24.927;    87.526; 
 181;     2.264;    24.919;    87.526; 
 182;     2.262;    24.912;    87.526; 
 183;     2.256;    24.898;    87.526; 
 184;     2.250;    24.881;    87.526; 
 185;     2.248;    24.876;    87.526; 
 186;     2.243;    24.863;    87.526; 
 187;     2.235;    24.842;    87.526; 
 188;     2.233;    24.834;    87.526; 
 189;     2.226;    24.818;    87.526; 
 190;     2.224;    24.812;    87.526; 
 191;     2.220;    24.801;    87.526; 
 192;     2.216;    24.789;    87.526; 
 193;     2.210;    24.774;    87.526; 
 194;     2.207;    24.763;    87.526; 
 195;     2.202;    24.750;    87.526; 
 196;     2.201;    24.746;    87.526; 
 197;     2.191;    24.719;    87.526; 
 198;     2.189;    24.713;    87.526; 
 199;     2.187;    24.707;    87.526; 
 200;     2.182;    24.692;    87.526; 
 201;     2.175;    24.673;    87.526; 
 202;     2.172;    24.665;    87.526; 
 203;     2.170;    24.659;    87.526; 
 204;     2.166;    24.644;    87.526; 
 205;     2.163;    24.635;    87.526; 
 206;     2.159;    24.624;    87.526; 
 207;     2.152;    24.604;    87.526; 
 208;     2.148;    24.594;    87.526; 
 209;     2.145;    24.584;    87.526; 
 210;     2.142;    24.575;    87.526; 
 211;     2.138;    24.564;    87.526; 
 212;     2.135;    24.554;    87.526; 
 213;     2.132;    24.543;    87.526; 
 214;     2.128;    24.532;    87.526; 
 215;     2.127;    24.526;    87.526; 
 216;     2.124;    24.515;    87.526; 
 217;     2.119;    24.499;    87.526; 
 218;     2.117;    24.492;    87.526; 
 219;     2.114;    24.483;    87.526; 
 220;     2.110;    24.471;    87.526; 
 221;     2.106;    24.457;    87.526; 
 222;     2.103;    24.447;    87.526; 
 223;     2.100;    24.437;    87.526; 
 224;     2.097;    24.426;    87.526; 
 225;     2.094;    24.413;    87.526; 
 226;     2.089;    24.398;    87.526; 
 227;     2.086;    24.388;    87.526; 
 228;     2.082;    24.374;    87.526; 
 229;     2.080;    24.367;    87.526; 
 230;     2.077;    24.353;    87.526; 
 231;     2.074;    24.343;    87.526; 
 232;     2.071;    24.331;    87.526; 
 233;     2.068;    24.322;    87.526; 
 234;     2.064;    24.305;    87.526; 
 235;     2.061;    24.293;    87.526; 
 236;     2.058;    24.284;    87.526; 
 237;     2.056;    24.273;    87.526; 
 238;     2.053;    24.263;    87.526; 
 239;     2.050;    24.251;    87.526; 
 240;     2.047;    24.238;    87.526; 
 241;     2.045;    24.229;    87.526; 
 242;     2.041;    24.215;    87.526; 
 243;     2.038;    24.204;    87.526; 
 244;     2.035;    24.193;    87.526; 
 245;     1.874;    24.084;    87.526; 
 246;     1.859;    24.085;    87.526; 
 247;     1.848;    24.086;    87.526; 
 248;     1.836;    24.086;    87.526; 
 249;     1.824;    24.087;    87.526; 
 250;     1.813;    24.088;    87.526; 
 251;     1.803;    24.088;    87.526; 
 252;     1.793;    24.089;    87.526; 
 253;     1.782;    24.090;    87.526; 
 254;     1.769;    24.090;    87.526; 
 255;     1.758;    24.091;    87.526; 
 256;     1.748;    24.092;    87.526; 
 257;     1.740;    24.092;    87.526; 
 258;     1.723;    24.093;    87.526; 
 259;     1.715;    24.094;    87.526; 
 260;     1.703;    24.094;    87.526; 
 261;     1.694;    24.095;    87.526; 
 262;     1.679;    24.096;    87.526; 
 263;     1.669;    24.097;    87.526; 
 264;     1.657;    24.097;    87.526; 
 265;     1.645;    24.098;    87.526; 
 266;     1.634;    24.099;    87.526; 
 267;     1.621;    24.100;    87.526; 
 268;     1.609;    24.100;    87.526; 
 269;     1.602;    24.101;    87.526; 
 270;     1.585;    24.102;    87.526; 
 271;     1.572;    24.103;    87.526; 
 272;     1.563;    24.103;    87.526; 
 273;     1.549;    24.104;    87.526; 
 274;     1.535;    24.105;    87.526; 
 275;     1.524;    24.105;    87.526; 
 276;     1.514;    24.106;    87.526; 
 277;     1.502;    24.107;    87.526; 
 278;     1.492;    24.108;    87.526; 
 279;     1.482;    24.108;    87.526; 
 280;     1.470;    24.109;    87.526; 
 281;     1.460;    24.109;    87.526; 
 282;     1.452;    24.110;    87.526; 
 283;     1.435;    24.111;    87.526; 
 284;     1.425;    24.112;    87.526; 
 285;     1.414;    24.112;    87.526; 
 286;     1.402;    24.113;    87.526; 
 287;     1.391;    24.114;    87.526; 
 288;     1.380;    24.114;    87.526; 
 289;     1.371;    24.115;    87.526; 
 290;     1.354;    24.116;    87.526; 
 291;     1.344;    24.117;    87.526; 
 292;     1.331;    24.117;    87.526; 
 293;     1.321;    24.118;    87.526; 
 294;     1.309;    24.119;    87.526; 
 295;     1.299;    24.119;    87.526; 
 296;     1.287;    24.120;    87.526; 
 297;     1.275;    24.121;    87.526; 
 298;     1.265;    24.122;    87.526; 
 299;     1.256;    24.122;    87.526; 
 300;     1.242;    24.123;    87.526; 
 301;     1.234;    24.124;    87.526; 
 302;     1.221;    24.125;    87.526; 
 303;     1.210;    24.125;    87.526; 
 304;     1.079;    24.220;    87.526; 
 305;     1.064;    24.278;    87.526; 
 306;     1.063;    24.282;    87.526; 
 307;     1.061;    24.303;    87.526; 
 308;     1.060;    24.310;    87.526; 
 309;     1.057;    24.335;    87.526; 
 310;     1.056;    24.345;    87.526; 
 311;     1.055;    24.353;    87.526; 
 312;     1.053;    24.365;    87.526; 
 313;     1.051;    24.376;    87.526; 
 314;     1.049;    24.391;    87.526; 
 315;     1.048;    24.400;    87.526; 
 316;     1.047;    24.408;    87.526; 
 317;     1.044;    24.424;    87.526; 
 318;     1.042;    24.449;    87.526; 
 319;     1.040;    24.453;    87.526; 
 320;     1.038;    24.467;    87.526; 
 321;     1.037;    24.477;    87.526; 
 322;     1.035;    24.489;    87.526; 
 323;     1.035;    24.491;    87.526; 
 324;     1.031;    24.510;    87.526; 
 325;     1.030;    24.520;    87.526; 
 326;     1.027;    24.535;    87.526; 
 327;     1.026;    24.544;    87.526; 
 328;     1.024;    24.556;    87.526; 
 329;     1.023;    24.561;    87.526; 
 330;     1.020;    24.577;    87.526; 
 331;     1.018;    24.588;    87.526; 
 332;     1.016;    24.604;    87.526; 
 333;     1.014;    24.614;    87.526; 
 334;     1.012;    24.623;    87.526; 
 335;     1.009;    24.640;    87.526; 
 336;     1.008;    24.650;    87.526; 
 337;     1.007;    24.654;    87.526; 
 338;     1.004;    24.664;    87.526; 
 339;     1.002;    24.675;    87.526; 
 340;      .998;    24.694;    87.526; 
 341;      .997;    24.700;    87.526; 
 342;      .995;    24.709;    87.526; 
 343;      .993;    24.720;    87.526; 
 344;      .990;    24.733;    87.526; 
 345;      .988;    24.745;    87.526; 
 346;      .985;    24.758;    87.526; 
 347;      .984;    24.762;    87.526; 
 348;      .980;    24.780;    87.526; 
 349;      .978;    24.793;    87.526; 
 350;      .975;    24.805;    87.526; 
 351;      .973;    24.813;    87.526; 
 352;      .972;    24.819;    87.526; 
 353;      .968;    24.837;    87.526; 
 354;      .964;    24.853;    87.526; 
 355;      .962;    24.863;    87.526; 
 356;      .959;    24.877;    87.526; 
 357;      .956;    24.889;    87.526; 
 358;      .953;    24.903;    87.526; 
 359;      .951;    24.911;    87.526; 
 360;      .948;    24.924;    87.526; 
 361;      .945;    24.936;    87.526; 
 362;      .941;    24.952;    87.526; 
 363;      .940;    24.959;    87.526; 
 364;      .938;    24.963;    87.526; 
 365;      .933;    24.987;    87.526; 
 366;      .932;    24.992;    87.526; 
 367;      .930;    25.000;    87.526; 
 368;      .928;    25.005;    87.526; 
 369;      .924;    25.020;    87.526; 
 370;      .919;    25.042;    87.526; 
 371;      .917;    25.048;    87.526; 
 372;      .917;    25.049;    87.526; 
 373;      .913;    25.065;    87.526; 
 374;      .910;    25.075;    87.526; 
 375;      .908;    25.084;    87.526; 
 376;      .905;    25.094;    87.526; 
 377;      .901;    25.110;    87.526; 
 378;      .897;    25.123;    87.526; 
 379;      .894;    25.137;    87.526; 
 380;      .890;    25.151;    87.526; 
 381;      .889;    25.153;    87.526; 
 382;      .884;    25.173;    87.526; 
 383;      .883;    25.175;    87.526; 
 384;      .876;    25.201;    87.526; 
 385;      .873;    25.212;    87.526; 
 386;      .871;    25.217;    87.526; 
 387;      .864;    25.239;    87.526; 
 388;      .863;    25.243;    87.526; 
 389;      .858;    25.261;    87.526; 
 390;      .857;    25.265;    87.526; 
 391;      .853;    25.279;    87.526; 
 392;      .851;    25.286;    87.526; 
 393;      .848;    25.294;    87.526; 
 394;      .844;    25.310;    87.526; 
 395;      .841;    25.319;    87.526; 
 396;      .838;    25.329;    87.526; 
 397;      .835;    25.337;    87.526; 
 398;      .831;    25.353;    87.526; 
 399;      .827;    25.366;    87.526; 
 400;      .824;    25.374;    87.526; 
 401;      .821;    25.384;    87.526; 
 402;      .818;    25.394;    87.526; 
 403;      .815;    25.404;    87.526; 
 404;      .811;    25.414;    87.526; 
 405;      .809;    25.422;    87.526; 
 406;      .804;    25.435;    87.526; 
 407;      .801;    25.446;    87.526; 
 408;      .798;    25.457;    87.526; 
 409;      .794;    25.468;    87.526; 
 410;      .792;    25.477;    87.526; 
 411;      .788;    25.487;    87.526; 
 412;      .786;    25.495;    87.526; 
 413;      .782;    25.508;    87.526; 
 414;      .778;    25.520;    87.526; 
 415;      .776;    25.527;    87.526; 
 416;      .772;    25.537;    87.526; 
 417;      .768;    25.551;    87.526; 
 418;      .765;    25.559;    87.526; 
 419;      .762;    25.571;    87.526; 
 420;      .758;    25.582;    87.526; 
 421;      .755;    25.589;    87.526; 
 422;      .752;    25.598;    87.526; 
 423;      .748;    25.610;    87.526; 
 424;      .744;    25.622;    87.526; 
 425;      .741;    25.631;    87.526; 
 426;      .737;    25.646;    87.526; 
 427;      .734;    25.654;    87.526; 
 428;      .731;    25.663;    87.526; 
 429;      .728;    25.671;    87.526; 
 430;      .724;    25.682;    87.526; 
 431;      .721;    25.690;    87.526; 
 432;      .714;    25.709;    87.526; 
 433;      .711;    25.718;    87.526; 
 434;      .707;    25.731;    87.526; 
 435;      .703;    25.741;    87.526; 
 436;      .699;    25.754;    87.526; 
 437;      .695;    25.766;    87.526; 
 438;      .693;    25.771;    87.526; 
 439;      .687;    25.788;    87.526; 
 440;      .685;    25.793;    87.526; 
 441;      .680;    25.804;    87.526; 
 442;      .675;    25.820;    87.526; 
 443;      .673;    25.826;    87.526; 
 444;      .666;    25.846;    87.526; 
 445;      .664;    25.850;    87.526; 
 446;      .658;    25.869;    87.526; 
 447;      .657;    25.871;    87.526; 
 448;      .650;    25.889;    87.526; 
 449;      .644;    25.907;    87.526; 
 450;      .643;    25.909;    87.526; 
 451;      .637;    25.923;    87.526; 
 452;      .632;    25.938;    87.526; 
 453;      .628;    25.948;    87.526; 
 454;      .626;    25.955;    87.526; 
 455;      .622;    25.964;    87.526; 
 456;      .617;    25.977;    87.526; 
 457;      .615;    25.980;    87.526; 
 458;      .610;    25.992;    87.526; 
 459;      .606;    26.002;    87.526; 
 460;      .602;    26.010;    87.526; 
 461;      .598;    26.018;    87.526; 
 462;      .591;    26.035;    87.526; 
 463;      .586;    26.046;    87.526; 
 464;      .583;    26.052;    87.526; 
 465;      .577;    26.069;    87.526; 
 466;      .572;    26.082;    87.526; 
 467;      .568;    26.090;    87.526; 
 468;      .563;    26.101;    87.526; 
 469;      .557;    26.114;    87.526; 
 470;      .553;    26.123;    87.526; 
 471;      .548;    26.133;    87.526; 
 472;      .541;    26.150;    87.526; 
 473;      .536;    26.161;    87.526; 
 474;      .532;    26.171;    87.526; 
 475;      .527;    26.180;    87.526; 
 476;      .524;    26.188;    87.526; 
 477;      .517;    26.203;    87.526; 
 478;      .514;    26.210;    87.526; 
 479;      .508;    26.224;    87.526; 
 480;      .504;    26.232;    87.526; 
 481;      .500;    26.241;    87.526; 
 482;      .494;    26.253;    87.526; 
 483;      .489;    26.264;    87.526; 
 484;      .486;    26.271;    87.526; 
 485;      .478;    26.289;    87.526; 
 486;      .475;    26.294;    87.526; 
 487;      .468;    26.310;    87.526; 
 488;      .463;    26.321;    87.526; 
 489;      .463;    26.320;    87.526; 
 490;      .453;    26.342;    87.526; 
 491;      .447;    26.353;    87.526; 
 492;      .444;    26.359;    87.526; 
 493;      .436;    26.379;    87.526; 
 494;      .434;    26.381;    87.526; 
 495;      .427;    26.395;    87.526; 
 496;      .421;    26.407;    87.526; 
 497;      .418;    26.413;    87.526; 
 498;      .412;    26.425;    87.526; 
 499;      .405;    26.442;    87.526; 
 500;      .402;    26.448;    87.526; 
 501;      .397;    26.457;    87.526; 
 502;      .391;    26.469;    87.526; 
 503;      .386;    26.480;    87.526; 
 504;      .381;    26.488;    87.526; 
 505;      .375;    26.500;    87.526; 
 506;      .372;    26.506;    87.526; 
 507;      .368;    26.511;    87.526; 
 508;      .364;    26.518;    87.526; 
 509;      .363;    26.518;    87.526; 
 510;      .360;    26.521;    87.526; 
 511;      .354;    26.523;    87.526; 
 512;      .356;    26.521;    87.526; 
 513;      .350;    26.522;    87.526; 
 514;      .344;    26.520;    87.526; 
 515;      .337;    26.518;    87.526; 
 516;      .322;    26.517;    87.526; 
 517;      .309;    26.517;    87.526; 
 518;      .293;    26.518;    87.526; 
 519;      .284;    26.517;    87.526; 
 520;      .274;    26.517;    87.526; 
 521;      .261;    26.517;    87.526; 
 522;      .248;    26.517;    87.526; 
 523;      .231;    26.518;    87.526; 
 524;      .223;    26.518;    87.526; 
 525;      .215;    26.518;    87.526; 
 526;      .200;    26.518;    87.526; 
 527;      .191;    26.518;    87.526; 
 528;      .180;    26.518;    87.526; 
 529;      .166;    26.518;    87.526; 
 530;      .154;    26.518;    87.526; 
 531;      .144;    26.518;    87.526; 
 532;      .128;    26.518;    87.526; 
 533;      .117;    26.519;    87.526; 
 534;      .107;    26.518;    87.526; 
 535;      .099;    26.518;    87.526; 
 536;      .085;    26.518;    87.526; 
 537;      .074;    26.518;    87.526; 
 538;      .062;    26.518;    87.526; 
 539;      .054;    26.518;    87.526; 
 540;      .039;    26.518;    87.526; 
 541;      .029;    26.518;    87.526; 
 542;      .020;    26.518;    87.526; 
 543;      .007;    26.518;    87.526; 
 544;     -.002;    26.518;    87.526; 
 545;     -.017;    26.518;    87.526; 
 546;     -.031;    26.518;    87.526; 
 547;     -.040;    26.517;    87.526; 
 548;     -.055;    26.517;    87.526; 
 549;     -.064;    26.517;    87.526; 
 550;     -.076;    26.517;    87.526; 
 551;     -.086;    26.517;    87.526; 
 552;     -.098;    26.517;    87.526; 
 553;     -.107;    26.517;    87.526; 
 554;     -.116;    26.517;    87.526; 
 555;     -.127;    26.517;    87.526; 
 556;     -.141;    26.517;    87.526; 
 557;     -.154;    26.517;    87.526; 
 558;     -.164;    26.517;    87.526; 
 559;     -.178;    26.517;    87.526; 
 560;     -.187;    26.517;    87.526; 
 561;     -.195;    26.517;    87.526; 
 562;     -.210;    26.517;    87.526; 
 563;     -.226;    26.517;    87.526; 
 564;     -.245;    26.518;    87.526; 
 565;     -.245;    26.517;    87.526; 
 566;     -.258;    26.512;    87.526; 
 567;     -.251;    26.511;    87.526; 
 568;     -.257;    26.503;    87.526; 
 569;     -.259;    26.489;    87.526; 
 570;     -.268;    26.467;    87.526; 
 571;     -.281;    26.447;    87.526; 
 572;     -.274;    26.458;    87.526; 
 573;     -.282;    26.441;    87.526; 
 574;     -.287;    26.431;    87.526; 
 575;     -.290;    26.425;    87.526; 
 576;     -.297;    26.410;    87.526; 
 577;     -.303;    26.398;    87.526; 
 578;     -.309;    26.386;    87.526; 
 579;     -.316;    26.372;    87.526; 
 580;     -.319;    26.364;    87.526; 
 581;     -.324;    26.354;    87.526; 
 582;     -.328;    26.345;    87.526; 
 583;     -.336;    26.328;    87.526; 
 584;     -.339;    26.323;    87.526; 
 585;     -.344;    26.312;    87.526; 
 586;     -.348;    26.304;    87.526; 
 587;     -.353;    26.293;    87.526; 
 588;     -.356;    26.286;    87.526; 
 589;     -.362;    26.274;    87.526; 
 590;     -.364;    26.269;    87.526; 
 591;     -.371;    26.256;    87.526; 
 592;     -.375;    26.246;    87.526; 
 593;     -.382;    26.232;    87.526; 
 594;     -.385;    26.225;    87.526; 
 595;     -.391;    26.210;    87.526; 
 596;     -.395;    26.202;    87.526; 
 597;     -.401;    26.188;    87.526; 
 598;     -.406;    26.177;    87.526; 
 599;     -.413;    26.162;    87.526; 
 600;     -.417;    26.154;    87.526; 
 601;     -.421;    26.143;    87.526; 
 602;     -.426;    26.132;    87.526; 
 603;     -.431;    26.122;    87.526; 
 604;     -.437;    26.108;    87.526; 
 605;     -.442;    26.098;    87.526; 
 606;     -.445;    26.089;    87.526; 
 607;     -.450;    26.078;    87.526; 
 608;     -.454;    26.070;    87.526; 
 609;     -.459;    26.058;    87.526; 
 610;     -.465;    26.043;    87.526; 
 611;     -.470;    26.033;    87.526; 
 612;     -.475;    26.023;    87.526; 
 613;     -.479;    26.013;    87.526; 
 614;     -.483;    26.003;    87.526; 
 615;     -.488;    25.991;    87.526; 
 616;     -.494;    25.977;    87.526; 
 617;     -.499;    25.965;    87.526; 
 618;     -.501;    25.960;    87.526; 
 619;     -.506;    25.947;    87.526; 
 620;     -.510;    25.937;    87.526; 
 621;     -.512;    25.931;    87.526; 
 622;     -.517;    25.918;    87.526; 
 623;     -.523;    25.904;    87.526; 
 624;     -.526;    25.896;    87.526; 
 625;     -.529;    25.885;    87.526; 
 626;     -.532;    25.877;    87.526; 
 627;     -.537;    25.865;    87.526; 
 628;     -.541;    25.854;    87.526; 
 629;     -.545;    25.843;    87.526; 
 630;     -.551;    25.826;    87.526; 
 631;     -.553;    25.820;    87.526; 
 632;     -.558;    25.808;    87.526; 
 633;     -.562;    25.795;    87.526; 
 634;     -.567;    25.781;    87.526; 
 635;     -.573;    25.766;    87.526; 
 636;     -.576;    25.759;    87.526; 
 637;     -.580;    25.747;    87.526; 
 638;     -.584;    25.736;    87.526; 
 639;     -.588;    25.724;    87.526; 
 640;     -.591;    25.714;    87.526; 
 641;     -.596;    25.700;    87.526; 
 642;     -.602;    25.684;    87.526; 
 643;     -.604;    25.676;    87.526; 
 644;     -.608;    25.667;    87.526; 
 645;     -.613;    25.652;    87.526; 
 646;     -.617;    25.642;    87.526; 
 647;     -.622;    25.628;    87.526; 
 648;     -.623;    25.624;    87.526; 
 649;     -.628;    25.608;    87.526; 
 650;     -.632;    25.595;    87.526; 
 651;     -.637;    25.581;    87.526; 
 652;     -.641;    25.568;    87.526; 
 653;     -.643;    25.563;    87.526; 
 654;     -.647;    25.551;    87.526; 
 655;     -.651;    25.538;    87.526; 
 656;     -.655;    25.526;    87.526; 
 657;     -.658;    25.518;    87.526; 
 658;     -.662;    25.505;    87.526; 
 659;     -.665;    25.496;    87.526; 
 660;     -.669;    25.483;    87.526; 
 661;     -.673;    25.471;    87.526; 
 662;     -.676;    25.463;    87.526; 
 663;     -.680;    25.450;    87.526; 
 664;     -.684;    25.435;    87.526; 
 665;     -.688;    25.424;    87.526; 
 666;     -.692;    25.411;    87.526; 
 667;     -.698;    25.393;    87.526; 
 668;     -.699;    25.389;    87.526; 
 669;     -.701;    25.382;    87.526; 
 670;     -.706;    25.366;    87.526; 
 671;     -.709;    25.355;    87.526; 
 672;     -.713;    25.344;    87.526; 
 673;     -.716;    25.333;    87.526; 
 674;     -.719;    25.323;    87.526; 
 675;     -.722;    25.312;    87.526; 
 676;     -.724;    25.305;    87.526; 
 677;     -.728;    25.291;    87.526; 
 678;     -.732;    25.280;    87.526; 
 679;     -.735;    25.271;    87.526; 
 680;     -.737;    25.260;    87.526; 
 681;     -.741;    25.249;    87.526; 
 682;     -.744;    25.238;    87.526; 
 683;     -.747;    25.225;    87.526; 
 684;     -.753;    25.208;    87.526; 
 685;     -.753;    25.207;    87.526; 
 686;     -.756;    25.195;    87.526; 
 687;     -.759;    25.182;    87.526; 
 688;     -.761;    25.175;    87.526; 
 689;     -.765;    25.161;    87.526; 
 690;     -.767;    25.153;    87.526; 
 691;     -.772;    25.139;    87.526; 
 692;     -.774;    25.130;    87.526; 
 693;     -.777;    25.117;    87.526; 
 694;     -.780;    25.108;    87.526; 
 695;     -.782;    25.100;    87.526; 
 696;     -.788;    25.076;    87.526; 
 697;     -.791;    25.068;    87.526; 
 698;     -.793;    25.058;    87.526; 
 699;     -.796;    25.045;    87.526; 
 700;     -.799;    25.034;    87.526; 
 701;     -.802;    25.024;    87.526; 
 702;     -.806;    25.006;    87.526; 
 703;     -.809;    24.996;    87.526; 
 704;     -.812;    24.984;    87.526; 
 705;     -.815;    24.971;    87.526; 
 706;     -.818;    24.960;    87.526; 
 707;     -.820;    24.951;    87.526; 
 708;     -.823;    24.938;    87.526; 
 709;     -.827;    24.919;    87.526; 
 710;     -.830;    24.909;    87.526; 
 711;     -.834;    24.893;    87.526; 
 712;     -.835;    24.886;    87.526; 
 713;     -.839;    24.870;    87.526; 
 714;     -.841;    24.860;    87.526; 
 715;     -.843;    24.849;    87.526; 
 716;     -.847;    24.834;    87.526; 
 717;     -.851;    24.813;    87.526; 
 718;     -.855;    24.799;    87.526; 
 719;     -.857;    24.787;    87.526; 
 720;     -.859;    24.781;    87.526; 
 721;     -.861;    24.770;    87.526; 
 722;     -.865;    24.752;    87.526; 
 723;     -.866;    24.747;    87.526; 
 724;     -.868;    24.735;    87.526; 
 725;     -.870;    24.726;    87.526; 
 726;     -.873;    24.713;    87.526; 
 727;     -.875;    24.703;    87.526; 
 728;     -.878;    24.689;    87.526; 
 729;     -.881;    24.672;    87.526; 
 730;     -.882;    24.666;    87.526; 
 731;     -.886;    24.649;    87.526; 
 732;     -.888;    24.639;    87.526; 
 733;     -.889;    24.632;    87.526; 
 734;     -.891;    24.620;    87.526; 
 735;     -.893;    24.611;    87.526; 
 736;     -.896;    24.597;    87.526; 
 737;     -.897;    24.589;    87.526; 
 738;     -.899;    24.574;    87.526; 
 739;     -.902;    24.559;    87.526; 
 740;     -.903;    24.549;    87.526; 
 741;     -.905;    24.536;    87.526; 
 742;     -.907;    24.526;    87.526; 
 743;     -.909;    24.513;    87.526; 
 744;     -.911;    24.501;    87.526; 
 745;     -.913;    24.489;    87.526; 
 746;     -.916;    24.473;    87.526; 
 747;     -.916;    24.468;    87.526; 
 748;     -.919;    24.455;    87.526; 
 749;     -.921;    24.441;    87.526; 
 750;     -.922;    24.430;    87.526; 
 751;     -.924;    24.419;    87.526; 
 752;     -.925;    24.409;    87.526; 
 753;     -.927;    24.397;    87.526; 
 754;     -.929;    24.381;    87.526; 
 755;     -.931;    24.369;    87.526; 
 756;     -.932;    24.362;    87.526; 
 757;     -.934;    24.347;    87.526; 
 758;     -.935;    24.338;    87.526; 
 759;     -.936;    24.324;    87.526; 
 760;     -.938;    24.312;    87.526; 
 761;     -.940;    24.299;    87.526; 
 762;     -.941;    24.286;    87.526; 
 763;     -.944;    24.265;    87.526; 
 764;     -.946;    24.255;    87.526; 
 765;    -1.028;    24.144;    87.526; 
 766;    -1.107;    24.122;    87.526; 
 767;    -1.116;    24.122;    87.526; 
 768;    -1.132;    24.121;    87.526; 
 769;    -1.141;    24.120;    87.526; 
 770;    -1.152;    24.120;    87.526; 
 771;    -1.163;    24.119;    87.526; 
 772;    -1.173;    24.118;    87.526; 
 773;    -1.185;    24.118;    87.526; 
 774;    -1.197;    24.117;    87.526; 
 775;    -1.208;    24.116;    87.526; 
 776;    -1.219;    24.116;    87.526; 
 777;    -1.227;    24.115;    87.526; 
 778;    -1.242;    24.114;    87.526; 
 779;    -1.250;    24.114;    87.526; 
 780;    -1.261;    24.113;    87.526; 
 781;    -1.272;    24.112;    87.526; 
 782;    -1.289;    24.111;    87.526; 
 783;    -1.298;    24.111;    87.526; 
 784;    -1.312;    24.110;    87.526; 
 785;    -1.321;    24.109;    87.526; 
 786;    -1.333;    24.109;    87.526; 
 787;    -1.343;    24.108;    87.526; 
 788;    -1.354;    24.107;    87.526; 
 789;    -1.364;    24.107;    87.526; 
 790;    -1.375;    24.106;    87.526; 
 791;    -1.387;    24.105;    87.526; 
 792;    -1.403;    24.104;    87.526; 
 793;    -1.412;    24.104;    87.526; 
 794;    -1.421;    24.103;    87.526; 
 795;    -1.432;    24.102;    87.526; 
 796;    -1.447;    24.102;    87.526; 
 797;    -1.455;    24.101;    87.526; 
 798;    -1.468;    24.100;    87.526; 
 799;    -1.477;    24.100;    87.526; 
 800;    -1.488;    24.099;    87.526; 
 801;    -1.499;    24.098;    87.526; 
 802;    -1.508;    24.098;    87.526; 
 803;    -1.523;    24.097;    87.526; 
 804;    -1.535;    24.096;    87.526; 
 805;    -1.545;    24.096;    87.526; 
 806;    -1.555;    24.095;    87.526; 
 807;    -1.567;    24.094;    87.526; 
 808;    -1.578;    24.094;    87.526; 
 809;    -1.588;    24.093;    87.526; 
 810;    -1.597;    24.092;    87.526; 
 811;    -1.613;    24.091;    87.526; 
 812;    -1.624;    24.091;    87.526; 
 813;    -1.636;    24.090;    87.526; 
 814;    -1.644;    24.089;    87.526; 
 815;    -1.656;    24.089;    87.526; 
 816;    -1.669;    24.088;    87.526; 
 817;    -1.681;    24.087;    87.526; 
 818;    -1.694;    24.086;    87.526; 
 819;    -1.703;    24.086;    87.526; 
 820;    -1.713;    24.085;    87.526; 
 821;    -1.724;    24.085;    87.526; 
 822;    -1.733;    24.084;    87.526; 
 823;    -1.744;    24.083;    87.526; 
 824;    -1.755;    24.083;    87.526; 
 825;    -1.891;    24.150;    87.526; 
 826;    -1.921;    24.220;    87.526; 
 827;    -1.921;    24.220;    87.526; 
 828;    -1.927;    24.241;    87.526; 
 829;    -1.929;    24.249;    87.526; 
 830;    -1.934;    24.270;    87.526; 
 831;    -1.935;    24.277;    87.526; 
 832;    -1.938;    24.289;    87.526; 
 833;    -1.940;    24.296;    87.526; 
 834;    -1.944;    24.309;    87.526; 
 835;    -1.945;    24.313;    87.526; 
 836;    -1.950;    24.329;    87.526; 
 837;    -1.952;    24.338;    87.526; 
 838;    -1.956;    24.353;    87.526; 
 839;    -1.958;    24.360;    87.526; 
 840;    -1.963;    24.380;    87.526; 
 841;    -1.965;    24.387;    87.526; 
 842;    -1.969;    24.401;    87.526; 
 843;    -1.972;    24.413;    87.526; 
 844;    -1.976;    24.426;    87.526; 
 845;    -1.980;    24.438;    87.526; 
 846;    -1.983;    24.448;    87.526; 
 847;    -1.987;    24.462;    87.526; 
 848;    -1.990;    24.474;    87.526; 
 849;    -1.994;    24.489;    87.526; 
 850;    -1.995;    24.491;    87.526; 
 851;    -2.000;    24.508;    87.526; 
 852;    -2.003;    24.516;    87.526; 
 853;    -2.007;    24.529;    87.526; 
 854;    -2.009;    24.537;    87.526; 
 855;    -2.014;    24.552;    87.526; 
 856;    -2.017;    24.563;    87.526; 
 857;    -2.020;    24.572;    87.526; 
 858;    -2.023;    24.580;    87.526; 
 859;    -2.026;    24.591;    87.526; 
 860;    -2.031;    24.604;    87.526; 
 861;    -2.037;    24.621;    87.526; 
 862;    -2.040;    24.633;    87.526; 
 863;    -2.041;    24.636;    87.526; 
 864;    -2.046;    24.649;    87.526; 
 865;    -2.048;    24.655;    87.526; 
 866;    -2.056;    24.679;    87.526; 
 867;    -2.058;    24.684;    87.526; 
 868;    -2.061;    24.693;    87.526; 
 869;    -2.066;    24.707;    87.526; 
 870;    -2.069;    24.715;    87.526; 
 871;    -2.073;    24.727;    87.526; 
 872;    -2.077;    24.737;    87.526; 
 873;    -2.082;    24.752;    87.526; 
 874;    -2.084;    24.756;    87.526; 
 875;    -2.091;    24.778;    87.526; 
 876;    -2.095;    24.790;    87.526; 
 877;    -2.097;    24.795;    87.526; 
 878;    -2.100;    24.802;    87.526; 
 879;    -2.106;    24.819;    87.526; 
 880;    -2.109;    24.828;    87.526; 
 881;    -2.110;    24.830;    87.526; 
 882;    -2.117;    24.848;    87.526; 
 883;    -2.120;    24.857;    87.526; 
 884;    -2.128;    24.879;    87.526; 
 885;    -2.129;    24.880;    87.526; 
 886;    -2.139;    24.906;    87.526; 
 887;    -2.143;    24.918;    87.526; 
 888;    -2.147;    24.928;    87.526; 
 889;    -2.152;    24.939;    87.526; 
 890;    -2.159;    24.960;    87.526; 
 891;    -2.160;    24.962;    87.526; 
 892;    -2.164;    24.970;    87.526; 
 893;    -2.170;    24.986;    87.526; 
 894;    -2.172;    24.991;    87.526; 
 895;    -2.178;    25.006;    87.526; 
 896;    -2.181;    25.011;    87.526; 
 897;    -2.189;    25.033;    87.526; 
 898;    -2.192;    25.040;    87.526; 
 899;    -2.196;    25.049;    87.526; 
 900;    -2.201;    25.062;    87.526; 
 901;    -2.204;    25.070;    87.526; 
 902;    -2.209;    25.083;    87.526; 
 903;    -2.211;    25.086;    87.526; 
 904;    -2.219;    25.106;    87.526; 
 905;    -2.222;    25.113;    87.526; 
 906;    -2.228;    25.125;    87.526; 
 907;    -2.232;    25.136;    87.526; 
 908;    -2.237;    25.146;    87.526; 
 909;    -2.242;    25.159;    87.526; 
 910;    -2.246;    25.169;    87.526; 
 911;    -2.251;    25.180;    87.526; 
 912;    -2.254;    25.187;    87.526; 
 913;    -2.259;    25.197;    87.526; 
 914;    -2.265;    25.212;    87.526; 
 915;    -2.268;    25.219;    87.526; 
 916;    -2.275;    25.233;    87.526; 
 917;    -2.280;    25.245;    87.526; 
 918;    -2.284;    25.254;    87.526; 
 919;    -2.289;    25.265;    87.526; 
 920;    -2.293;    25.275;    87.526; 
 921;    -2.296;    25.282;    87.526; 
 922;    -2.303;    25.296;    87.526; 
 923;    -2.307;    25.304;    87.526; 
 924;    -2.312;    25.315;    87.526; 
 925;    -2.316;    25.323;    87.526; 
 926;    -2.321;    25.335;    87.526; 
 927;    -2.326;    25.347;    87.526; 
 928;    -2.331;    25.357;    87.526; 
 929;    -2.335;    25.366;    87.526; 
 930;    -2.339;    25.376;    87.526; 
 931;    -2.344;    25.385;    87.526; 
 932;    -2.348;    25.396;    87.526; 
 933;    -2.353;    25.406;    87.526; 
 934;    -2.357;    25.415;    87.526; 
 935;    -2.362;    25.425;    87.526; 
 936;    -2.366;    25.433;    87.526; 
 937;    -2.371;    25.444;    87.526; 
 938;    -2.375;    25.453;    87.526; 
 939;    -2.378;    25.461;    87.526; 
 940;    -2.384;    25.472;    87.526; 
 941;    -2.388;    25.481;    87.526; 
 942;    -2.394;    25.492;    87.526; 
 943;    -2.398;    25.501;    87.526; 
 944;    -2.403;    25.513;    87.526; 
 945;    -2.407;    25.521;    87.526; 
 946;    -2.414;    25.535;    87.526; 
 947;    -2.417;    25.542;    87.526; 
 948;    -2.424;    25.556;    87.526; 
 949;    -2.428;    25.564;    87.526; 
 950;    -2.431;    25.569;    87.526; 
 951;    -2.440;    25.587;    87.526; 
 952;    -2.445;    25.597;    87.526; 
 953;    -2.448;    25.604;    87.526; 
 954;    -2.454;    25.616;    87.526; 
 955;    -2.458;    25.625;    87.526; 
 956;    -2.465;    25.639;    87.526; 
 957;    -2.467;    25.644;    87.526; 
 958;    -2.471;    25.650;    87.526; 
 959;    -2.479;    25.667;    87.526; 
 960;    -2.482;    25.671;    87.526; 
 961;    -2.488;    25.683;    87.526; 
 962;    -2.492;    25.690;    87.526; 
 963;    -2.496;    25.698;    87.526; 
 964;    -2.507;    25.722;    87.526; 
 965;    -2.509;    25.725;    87.526; 
 966;    -2.519;    25.745;    87.526; 
 967;    -2.521;    25.749;    87.526; 
 968;    -2.531;    25.768;    87.526; 
 969;    -2.535;    25.778;    87.526; 
 970;    -2.537;    25.780;    87.526; 
 971;    -2.545;    25.795;    87.526; 
 972;    -2.548;    25.800;    87.526; 
 973;    -2.556;    25.816;    87.526; 
 974;    -2.562;    25.828;    87.526; 
 975;    -2.567;    25.837;    87.526; 
 976;    -2.573;    25.846;    87.526; 
 977;    -2.577;    25.855;    87.526; 
 978;    -2.584;    25.866;    87.526; 
 979;    -2.591;    25.878;    87.526; 
 980;    -2.595;    25.884;    87.526; 
 981;    -2.605;    25.901;    87.526; 
 982;    -2.612;    25.913;    87.526; 
 983;    -2.617;    25.921;    87.526; 
 984;    -2.628;    25.941;    87.526; 
 985;    -2.632;    25.948;    87.526; 
 986;    -2.636;    25.954;    87.526; 
 987;    -2.643;    25.966;    87.526; 
 988;    -2.648;    25.975;    87.526; 
 989;    -2.653;    25.982;    87.526; 
 990;    -2.659;    25.991;    87.526; 
 991;    -2.668;    26.008;    87.526; 
 992;    -2.672;    26.014;    87.526; 
 993;    -2.680;    26.028;    87.526; 
 994;    -2.683;    26.032;    87.526; 
 995;    -2.691;    26.046;    87.526; 
 996;    -2.698;    26.057;    87.526; 
 997;    -2.703;    26.065;    87.526; 
 998;    -2.707;    26.072;    87.526; 
 999;    -2.718;    26.089;    87.526; 
1000;    -2.719;    26.092;    87.526; 
1001;    -2.728;    26.106;    87.526; 
1002;    -2.732;    26.113;    87.526; 
1003;    -2.737;    26.120;    87.526; 
1004;    -2.748;    26.138;    87.526; 
1005;    -2.752;    26.144;    87.526; 
1006;    -2.761;    26.159;    87.526; 
1007;    -2.768;    26.170;    87.526; 
1008;    -2.770;    26.173;    87.526; 
1009;    -2.781;    26.189;    87.526; 
1010;    -2.787;    26.201;    87.526; 
1011;    -2.786;    26.197;    87.526; 
1012;    -2.805;    26.229;    87.526; 
1013;    -2.805;    26.228;    87.526; 
1014;    -2.814;    26.241;    87.526; 
1015;    -2.819;    26.249;    87.526; 
1016;    -2.823;    26.256;    87.526; 
1017;    -2.829;    26.264;    87.526; 
1018;    -2.836;    26.275;    87.526; 
1019;    -2.847;    26.293;    87.526; 
1020;    -2.849;    26.296;    87.526; 
1021;    -2.855;    26.304;    87.526; 
1022;    -2.865;    26.320;    87.526; 
1023;    -2.871;    26.328;    87.526; 
1024;    -2.876;    26.336;    87.526; 
1025;    -2.882;    26.343;    87.526; 
1026;    -2.884;    26.346;    87.526; 
1027;    -2.890;    26.352;    87.526; 
1028;    -2.891;    26.352;    87.526; 
1029;    -2.894;    26.354;    87.526; 
1030;    -2.897;    26.355;    87.526; 
1031;    -2.897;    26.354;    87.526; 
1032;    -2.903;    26.354;    87.526; 
1033;    -2.905;    26.352;    87.526; 
1034;    -2.909;    26.349;    87.526; 
1035;    -2.924;    26.347;    87.526; 
1036;    -2.936;    26.346;    87.526; 
1037;    -2.947;    26.344;    87.526; 
1038;    -2.960;    26.343;    87.526; 
1039;    -2.970;    26.342;    87.526; 
1040;    -2.980;    26.341;    87.526; 
1041;    -2.990;    26.339;    87.526; 
1042;    -3.000;    26.338;    87.526; 
1043;    -3.013;    26.337;    87.526; 
1044;    -3.024;    26.335;    87.526; 
1045;    -3.035;    26.334;    87.526; 
1046;    -3.047;    26.332;    87.526; 
1047;    -3.058;    26.331;    87.526; 
1048;    -3.069;    26.330;    87.526; 
1049;    -3.079;    26.328;    87.526; 
1050;    -3.090;    26.327;    87.526; 
1051;    -3.100;    26.326;    87.526; 
1052;    -3.112;    26.324;    87.526; 
1053;    -3.124;    26.323;    87.526; 
1054;    -3.136;    26.322;    87.526; 
1055;    -3.145;    26.320;    87.526; 
1056;    -3.163;    26.319;    87.526; 
1057;    -3.175;    26.317;    87.526; 
1058;    -3.184;    26.316;    87.526; 
1059;    -3.196;    26.314;    87.526; 
1060;    -3.208;    26.313;    87.526; 
1061;    -3.222;    26.311;    87.526; 
1062;    -3.233;    26.310;    87.526; 
1063;    -3.245;    26.308;    87.526; 
1064;    -3.255;    26.307;    87.526; 
1065;    -3.266;    26.305;    87.526; 
1066;    -3.277;    26.304;    87.526; 
1067;    -3.290;    26.303;    87.526; 
1068;    -3.301;    26.301;    87.526; 
1069;    -3.313;    26.300;    87.526; 
1070;    -3.322;    26.298;    87.526; 
1071;    -3.336;    26.297;    87.526; 
1072;    -3.344;    26.296;    87.526; 
1073;    -3.357;    26.294;    87.526; 
1074;    -3.368;    26.292;    87.526; 
1075;    -3.377;    26.291;    87.526; 
1076;    -3.390;    26.290;    87.526; 
1077;    -3.402;    26.288;    87.526; 
1078;    -3.415;    26.286;    87.526; 
1079;    -3.424;    26.285;    87.526; 
1080;    -3.436;    26.283;    87.526; 
1081;    -3.443;    26.282;    87.526; 
1082;    -3.452;    26.281;    87.526; 
1083;    -3.465;    26.279;    87.526; 
1084;    -3.481;    26.278;    87.526; 
1085;    -3.495;    26.276;    87.526; 
1086;    -3.494;    26.276;    87.526; 
1087;    -3.499;    26.274;    87.526; 
1088;    -3.500;    26.271;    87.526; 
1089;    -3.502;    26.268;    87.526; 
1090;    -3.503;    26.263;    87.526; 
1091;    -3.503;    26.254;    87.526; 
1092;    -3.508;    26.235;    87.526; 
1093;    -3.517;    26.214;    87.526; 
1094;    -3.518;    26.209;    87.526; 
1095;    -3.524;    26.194;    87.526; 
1096;    -3.526;    26.186;    87.526; 
1097;    -3.529;    26.176;    87.526; 
1098;    -3.535;    26.158;    87.526; 
1099;    -3.539;    26.148;    87.526; 
1100;    -3.544;    26.131;    87.526; 
1101;    -3.548;    26.120;    87.526; 
1102;    -3.552;    26.109;    87.526; 
1103;    -3.555;    26.100;    87.526; 
1104;    -3.560;    26.084;    87.526; 
1105;    -3.563;    26.076;    87.526; 
1106;    -3.565;    26.069;    87.526; 
1107;    -3.569;    26.057;    87.526; 
1108;    -3.573;    26.044;    87.526; 
1109;    -3.578;    26.029;    87.526; 
1110;    -3.582;    26.017;    87.526; 
1111;    -3.586;    26.007;    87.526; 
1112;    -3.588;    25.999;    87.526; 
1113;    -3.595;    25.978;    87.526; 
1114;    -3.595;    25.975;    87.526; 
1115;    -3.601;    25.957;    87.526; 
1116;    -3.604;    25.947;    87.526; 
1117;    -3.608;    25.936;    87.526; 
1118;    -3.612;    25.922;    87.526; 
1119;    -3.616;    25.909;    87.526; 
1120;    -3.621;    25.895;    87.526; 
1121;    -3.621;    25.892;    87.526; 
1122;    -3.627;    25.874;    87.526; 
1123;    -3.630;    25.863;    87.526; 
1124;    -3.636;    25.844;    87.526; 
1125;    -3.638;    25.837;    87.526; 
1126;    -3.644;    25.820;    87.526; 
1127;    -3.646;    25.810;    87.526; 
1128;    -3.651;    25.794;    87.526; 
1129;    -3.655;    25.780;    87.526; 
1130;    -3.658;    25.773;    87.526; 
1131;    -3.660;    25.764;    87.526; 
1132;    -3.664;    25.751;    87.526; 
